          0.150   0.977835481   0.022164519   1.000000000
          0.300   0.917849051   0.082150949   1.000000000
          0.450   0.831776781   0.168223219   1.000000000
          0.600   0.733063940   0.266936060   1.000000000
          0.750   0.635373085   0.364626915   1.000000000
          0.900   0.550835680   0.449164320   1.000000000
          1.050   0.488469849   0.511530151   1.000000000
          1.200   0.453097717   0.546902283   1.000000000
          1.350   0.444944599   0.555055401   1.000000000
          1.500   0.459985065   0.540014935   1.000000000
          1.650   0.490878266   0.509121734   1.000000000
          1.800   0.528377200   0.471622800   1.000000000
          1.950   0.562969950   0.437030050   1.000000000
          2.100   0.586439694   0.413560306   1.000000000
          2.250   0.593097757   0.406902243   1.000000000
          2.400   0.580514818   0.419485182   1.000000000
          2.550   0.549669369   0.450330631   1.000000000
          2.700   0.504532694   0.495467306   1.000000000
          2.850   0.451199425   0.548800575   1.000000000
          3.000   0.396738224   0.603261776   1.000000000
          3.150   0.347969623   0.652030377   1.000000000
          3.300   0.310374595   0.689625405   1.000000000
          3.450   0.287301154   0.712698846   1.000000000
          3.600   0.279575604   0.720424396   1.000000000
          3.750   0.285551572   0.714448428   1.000000000
          3.900   0.301556500   0.698443500   1.000000000
          4.050   0.322633813   0.677366187   1.000000000
          4.200   0.343438577   0.656561423   1.000000000
          4.350   0.359130048   0.640869952   1.000000000
          4.500   0.366116620   0.633883380   1.000000000
          4.650   0.362543276   0.637456724   1.000000000
          4.800   0.348461535   0.651538465   1.000000000
          4.950   0.325677798   0.674322202   1.000000000
          5.100   0.297328439   0.702671561   1.000000000
          5.250   0.267270755   0.732729245   1.000000000
          5.400   0.239402111   0.760597889   1.000000000
          5.550   0.217023005   0.782976995   1.000000000
          5.700   0.202344076   0.797655924   1.000000000
          5.850   0.196206348   0.803793652   1.000000000
          6.000   0.198044312   0.801955688   1.000000000
          6.150   0.206079886   0.793920114   1.000000000
          6.300   0.217698720   0.782301280   1.000000000
          6.450   0.229934369   0.770065631   1.000000000
          6.600   0.239973831   0.760026169   1.000000000
          6.750   0.245600903   0.754399097   1.000000000
          6.900   0.245510062   0.754489938   1.000000000
          7.050   0.239449531   0.760550469   1.000000000
          7.200   0.228182963   0.771817037   1.000000000
          7.350   0.213289361   0.786710639   1.000000000
          7.500   0.196845620   0.803154380   1.000000000
          7.650   0.181051851   0.818948149   1.000000000
          7.800   0.167864464   0.832135536   1.000000000
          7.950   0.158695932   0.841304068   1.000000000
          8.100   0.154224982   0.845775018   1.000000000
          8.250   0.154339840   0.845660160   1.000000000
          8.400   0.158213885   0.841786115   1.000000000
          8.550   0.164491664   0.835508336   1.000000000
          8.700   0.171546941   0.828453059   1.000000000
          8.850   0.177765626   0.822234374   1.000000000
          9.000   0.181805842   0.818194158   1.000000000
          9.150   0.182794671   0.817205329   1.000000000
          9.300   0.180434348   0.819565652   1.000000000
          9.450   0.175007370   0.824992630   1.000000000
          9.600   0.167287163   0.832712837   1.000000000
          9.750   0.158375782   0.841624218   1.000000000
          9.900   0.149500337   0.850499663   1.000000000
         10.050   0.141804214   0.858195786   1.000000000
         10.200   0.136167332   0.863832668   1.000000000
         10.350   0.133082414   0.866917586   1.000000000
         10.500   0.132603229   0.867396771   1.000000000
         10.650   0.134367834   0.865632166   1.000000000
         10.800   0.137687545   0.862312455   1.000000000
         10.950   0.141682323   0.858317677   1.000000000
         11.100   0.145437198   0.854562802   1.000000000
         11.250   0.148152820   0.851847180   1.000000000
         11.400   0.149266147   0.850733853   1.000000000
         11.550   0.148523911   0.851476089   1.000000000
         11.700   0.146000445   0.853999555   1.000000000
         11.850   0.142061077   0.857938923   1.000000000
         12.000   0.137281067   0.862718933   1.000000000
         12.150   0.132336505   0.867663495   1.000000000
         12.300   0.127886934   0.872113066   1.000000000
         12.450   0.124469348   0.875530652   1.000000000
         12.600   0.122419903   0.877580097   1.000000000
         12.750   0.121833996   0.878166004   1.000000000
         12.900   0.122568342   0.877431658   1.000000000
         13.050   0.124281610   0.875718390   1.000000000
         13.200   0.126504181   0.873495819   1.000000000
         13.350   0.128723562   0.871276438   1.000000000
         13.500   0.130470442   0.869529558   1.000000000
         13.650   0.131391404   0.868608596   1.000000000
         13.800   0.131297470   0.868702530   1.000000000
         13.950   0.130182410   0.869817590   1.000000000
         14.100   0.128210067   0.871789933   1.000000000
         14.250   0.125675050   0.874324950   1.000000000
         14.400   0.122945137   0.877054863   1.000000000
         14.550   0.120396079   0.879603921   1.000000000
         14.700   0.118349930   0.881650070   1.000000000
         14.850   0.117026653   0.882973347   1.000000000
         15.000   0.116515866   0.883484134   1.000000000
         15.150   0.116771808   0.883228192   1.000000000
         15.300   0.117630642   0.882369358   1.000000000
         15.450   0.118845630   0.881154370   1.000000000
         15.600   0.120133153   0.879866847   1.000000000
         15.750   0.121221312   0.878778688   1.000000000
         15.900   0.121893051   0.878106949   1.000000000
         16.050   0.122017194   0.877982806   1.000000000
         16.200   0.121563272   0.878436728   1.000000000
         16.350   0.120598928   0.879401072   1.000000000
         16.500   0.119271607   0.880728393   1.000000000
         16.650   0.117778666   0.882221334   1.000000000
         16.800   0.116331600   0.883668400   1.000000000
         16.950   0.115120628   0.884879372   1.000000000
         17.100   0.114285340   0.885714660   1.000000000
         17.250   0.113895741   0.886104259   1.000000000
         17.400   0.113945967   0.886054033   1.000000000
         17.550   0.114360780   0.885639220   1.000000000
         17.700   0.115012833   0.884987167   1.000000000
         17.850   0.115747108   0.884252892   1.000000000
         18.000   0.116408042   0.883591958   1.000000000
         18.150   0.116864733   0.883135267   1.000000000
         18.300   0.117030295   0.882969705   1.000000000
         18.450   0.116872635   0.883127365   1.000000000
         18.600   0.116415565   0.883584435   1.000000000
         18.750   0.115730760   0.884269240   1.000000000
         18.900   0.114922551   0.885077449   1.000000000
         19.050   0.114108553   0.885891447   1.000000000
         19.200   0.113399573   0.886600427   1.000000000
         19.350   0.112882102   0.887117898   1.000000000
         19.500   0.112606051   0.887393949   1.000000000
         19.650   0.112579327   0.887420673   1.000000000
         19.800   0.112769619   0.887230381   1.000000000
         19.950   0.113112579   0.886887421   1.000000000
         20.100   0.113524587   0.886475413   1.000000000
         20.250   0.113917709   0.886082291   1.000000000
         20.400   0.114214242   0.885785758   1.000000000
         20.550   0.114358531   0.885641469   1.000000000
         20.700   0.114324336   0.885675664   1.000000000
         20.850   0.114116889   0.885883111   1.000000000
         21.000   0.113769690   0.886230310   1.000000000
         21.150   0.113336969   0.886663031   1.000000000
         21.300   0.112883332   0.887116668   1.000000000
         21.450   0.112472499   0.887527501   1.000000000
         21.600   0.112157016   0.887842984   1.000000000
         21.750   0.111970542   0.888029458   1.000000000
         21.900   0.111923763   0.888076237   1.000000000
         22.050   0.112004348   0.887995652   1.000000000
         22.200   0.112180621   0.887819379   1.000000000
         22.350   0.112408121   0.887591879   1.000000000
         22.500   0.112637731   0.887362269   1.000000000
         22.650   0.112823978   0.887176022   1.000000000
         22.800   0.112932119   0.887067881   1.000000000
         22.950   0.112942966   0.887057034   1.000000000
         23.100   0.112854840   0.887145160   1.000000000
         23.250   0.112682528   0.887317472   1.000000000
         23.400   0.112453664   0.887546336   1.000000000
         23.550   0.112203279   0.887796721   1.000000000
         23.700   0.111967569   0.888032431   1.000000000
         23.850   0.111777926   0.888222074   1.000000000
         24.000   0.111656190   0.888343810   1.000000000
         24.150   0.111611809   0.888388191   1.000000000
         24.300   0.111641208   0.888358792   1.000000000
         24.450   0.111729325   0.888270675   1.000000000
         24.600   0.111852893   0.888147107   1.000000000
         24.750   0.111984810   0.888015190   1.000000000
         24.900   0.112098810   0.887901190   1.000000000
         25.050   0.112173650   0.887826350   1.000000000
         25.200   0.112196179   0.887803821   1.000000000
         25.350   0.112162864   0.887837136   1.000000000
         25.500   0.112079644   0.887920356   1.000000000
         25.650   0.111960263   0.888039737   1.000000000
         25.800   0.111823455   0.888176545   1.000000000
         25.950   0.111689534   0.888310466   1.000000000
         26.100   0.111576977   0.888423023   1.000000000
         26.250   0.111499555   0.888500445   1.000000000
         26.400   0.111464449   0.888535551   1.000000000
         26.550   0.111471563   0.888528437   1.000000000
         26.700   0.111514071   0.888485929   1.000000000
         26.850   0.111580022   0.888419978   1.000000000
         27.000   0.111654648   0.888345352   1.000000000
         27.150   0.111722963   0.888277037   1.000000000
         27.300   0.111772208   0.888227792   1.000000000
         27.450   0.111793748   0.888206252   1.000000000
         27.600   0.111784163   0.888215837   1.000000000
         27.750   0.111745418   0.888254582   1.000000000
         27.900   0.111684140   0.888315860   1.000000000
         28.050   0.111610193   0.888389807   1.000000000
         28.200   0.111534842   0.888465158   1.000000000
         28.350   0.111468815   0.888531185   1.000000000
         28.500   0.111420602   0.888579398   1.000000000
         28.650   0.111395241   0.888604759   1.000000000
         28.800   0.111393755   0.888606245   1.000000000
         28.950   0.111413275   0.888586725   1.000000000
         29.100   0.111447798   0.888552202   1.000000000
         29.250   0.111489383   0.888510617   1.000000000
         29.400   0.111529584   0.888470416   1.000000000
         29.550   0.111560853   0.888439147   1.000000000
         29.700   0.111577694   0.888422306   1.000000000
         29.850   0.111577404   0.888422596   1.000000000
         30.000   0.111560301   0.888439699   1.000000000
         30.150   0.111529445   0.888470555   1.000000000
         30.300   0.111489943   0.888510057   1.000000000
         30.450   0.111447963   0.888552037   1.000000000
         30.600   0.111409656   0.888590344   1.000000000
         30.750   0.111380157   0.888619843   1.000000000
         30.900   0.111362828   0.888637172   1.000000000
         31.050   0.111358842   0.888641158   1.000000000
         31.200   0.111367151   0.888632849   1.000000000
         31.350   0.111384821   0.888615179   1.000000000
         31.500   0.111407646   0.888592354   1.000000000
         31.650   0.111430921   0.888569079   1.000000000
         31.800   0.111450242   0.888549758   1.000000000
         31.950   0.111462199   0.888537801   1.000000000
         32.100   0.111464848   0.888535152   1.000000000
         32.250   0.111457924   0.888542076   1.000000000
         32.400   0.111442754   0.888557246   1.000000000
         32.550   0.111421926   0.888578074   1.000000000
         32.700   0.111398775   0.888601225   1.000000000
         32.850   0.111376783   0.888623217   1.000000000
         33.000   0.111359008   0.888640992   1.000000000
         33.150   0.111347614   0.888652386   1.000000000
         33.300   0.111343588   0.888656412   1.000000000
         33.450   0.111346666   0.888653334   1.000000000
         33.600   0.111355467   0.888644533   1.000000000
         33.750   0.111367799   0.888632201   1.000000000
         33.900   0.111381072   0.888618928   1.000000000
         34.050   0.111392752   0.888607248   1.000000000
         34.200   0.111400762   0.888599238   1.000000000
         34.350   0.111403784   0.888596216   1.000000000
         34.500   0.111401423   0.888598577   1.000000000
         34.650   0.111394193   0.888605807   1.000000000
         34.800   0.111383374   0.888616626   1.000000000
         34.950   0.111370742   0.888629258   1.000000000
         35.100   0.111358246   0.888641754   1.000000000
         35.250   0.111347679   0.888652321   1.000000000
         35.400   0.111340400   0.888659600   1.000000000
         35.550   0.111337139   0.888662861   1.000000000
         35.700   0.111337933   0.888662067   1.000000000
         35.850   0.111342165   0.888657835   1.000000000
         36.000   0.111348715   0.888651285   1.000000000
         36.150   0.111356176   0.888643824   1.000000000
         36.300   0.111363107   0.888636893   1.000000000
         36.450   0.111368263   0.888631737   1.000000000
         36.600   0.111370789   0.888629211   1.000000000
         36.750   0.111370323   0.888629677   1.000000000
         36.900   0.111367023   0.888632977   1.000000000
         37.050   0.111361499   0.888638501   1.000000000
         37.200   0.111354685   0.888645315   1.000000000
         37.350   0.111347657   0.888652343   1.000000000
         37.500   0.111341453   0.888658547   1.000000000
         37.650   0.111336906   0.888663094   1.000000000
         37.800   0.111334523   0.888665477   1.000000000
         37.950   0.111334427   0.888665573   1.000000000
         38.100   0.111336365   0.888663635   1.000000000
         38.250   0.111339778   0.888660222   1.000000000
         38.400   0.111343913   0.888656087   1.000000000
         38.550   0.111347958   0.888652042   1.000000000
         38.700   0.111351181   0.888648819   1.000000000
         38.850   0.111353040   0.888646960   1.000000000
         39.000   0.111353258   0.888646742   1.000000000
         39.150   0.111351847   0.888648153   1.000000000
         39.300   0.111349086   0.888650914   1.000000000
         39.450   0.111345456   0.888654544   1.000000000
         39.600   0.111341543   0.888658457   1.000000000
         39.750   0.111337943   0.888662057   1.000000000
         39.900   0.111335156   0.888664844   1.000000000
         40.050   0.111333517   0.888666483   1.000000000
         40.200   0.111333153   0.888666847   1.000000000
         40.350   0.111333976   0.888666024   1.000000000
         40.500   0.111335716   0.888664284   1.000000000
         40.650   0.111337974   0.888662026   1.000000000
         40.800   0.111340300   0.888659700   1.000000000
         40.950   0.111342268   0.888657732   1.000000000
         41.100   0.111343543   0.888656457   1.000000000
         41.250   0.111343929   0.888656071   1.000000000
         41.400   0.111343391   0.888656609   1.000000000
         41.550   0.111342048   0.888657952   1.000000000
         41.700   0.111340140   0.888659860   1.000000000
         41.850   0.111337985   0.888662015   1.000000000
         42.000   0.111335919   0.888664081   1.000000000
         42.150   0.111334238   0.888665762   1.000000000
         42.300   0.111333156   0.888666844   1.000000000
         42.450   0.111332777   0.888667223   1.000000000
         42.600   0.111333081   0.888666919   1.000000000
         42.750   0.111333944   0.888666056   1.000000000
         42.900   0.111335158   0.888664842   1.000000000
         43.050   0.111336477   0.888663523   1.000000000
         43.200   0.111337655   0.888662345   1.000000000
         43.350   0.111338490   0.888661510   1.000000000
         43.500   0.111338851   0.888661149   1.000000000
         43.650   0.111338694   0.888661306   1.000000000
         43.800   0.111338063   0.888661937   1.000000000
         43.950   0.111337076   0.888662924   1.000000000
         44.100   0.111335903   0.888664097   1.000000000
         44.250   0.111334729   0.888665271   1.000000000
         44.400   0.111333729   0.888666271   1.000000000
         44.550   0.111333037   0.888666963   1.000000000
         44.700   0.111332726   0.888667274   1.000000000
         44.850   0.111332805   0.888667195   1.000000000
         45.000   0.111333218   0.888666782   1.000000000
         45.150   0.111333860   0.888666140   1.000000000
         45.300   0.111334597   0.888665403   1.000000000
         45.450   0.111335291   0.888664709   1.000000000
         45.600   0.111335821   0.888664179   1.000000000
         45.750   0.111336101   0.888663899   1.000000000
         45.900   0.111336094   0.888663906   1.000000000
         46.050   0.111335812   0.888664188   1.000000000
         46.200   0.111335311   0.888664689   1.000000000
         46.350   0.111334680   0.888665320   1.000000000
         46.500   0.111334020   0.888665980   1.000000000
         46.650   0.111333433   0.888666567   1.000000000
         46.800   0.111333000   0.888667000   1.000000000
         46.950   0.111332772   0.888667228   1.000000000
         47.100   0.111332763   0.888667237   1.000000000
         47.250   0.111332951   0.888667049   1.000000000
         47.400   0.111333284   0.888666716   1.000000000
         47.550   0.111333691   0.888666309   1.000000000
         47.700   0.111334093   0.888665907   1.000000000
         47.850   0.111334420   0.888665580   1.000000000
         48.000   0.111334619   0.888665381   1.000000000
         48.150   0.111334660   0.888665340   1.000000000
         48.300   0.111334544   0.888665456   1.000000000
         48.450   0.111334296   0.888665704   1.000000000
         48.600   0.111333960   0.888666040   1.000000000
         48.750   0.111333594   0.888666406   1.000000000
         48.900   0.111333253   0.888666747   1.000000000
         49.050   0.111332988   0.888667012   1.000000000
         49.200   0.111332830   0.888667170   1.000000000
         49.350   0.111332795   0.888667205   1.000000000
         49.500   0.111332874   0.888667126   1.000000000
         49.650   0.111333043   0.888666957   1.000000000
         49.800   0.111333264   0.888666736   1.000000000
         49.950   0.111333495   0.888666505   1.000000000
         50.100   0.111333692   0.888666308   1.000000000
         50.250   0.111333825   0.888666175   1.000000000
         50.400   0.111333873   0.888666127   1.000000000
         50.550   0.111333832   0.888666168   1.000000000
         50.700   0.111333713   0.888666287   1.000000000
         50.850   0.111333537   0.888666463   1.000000000
         51.000   0.111333336   0.888666664   1.000000000
         51.150   0.111333140   0.888666860   1.000000000
         51.300   0.111332980   0.888667020   1.000000000
         51.450   0.111332876   0.888667124   1.000000000
         51.600   0.111332840   0.888667160   1.000000000
         51.750   0.111332869   0.888667131   1.000000000
         51.900   0.111332952   0.888667048   1.000000000
         52.050   0.111333070   0.888666930   1.000000000
         52.200   0.111333200   0.888666800   1.000000000
         52.350   0.111333318   0.888666682   1.000000000
         52.500   0.111333403   0.888666597   1.000000000
         52.650   0.111333444   0.888666556   1.000000000
         52.800   0.111333435   0.888666565   1.000000000
         52.950   0.111333379   0.888666621   1.000000000
         53.100   0.111333289   0.888666711   1.000000000
         53.250   0.111333179   0.888666821   1.000000000
         53.400   0.111333069   0.888666931   1.000000000
         53.550   0.111332973   0.888667027   1.000000000
         53.700   0.111332907   0.888667093   1.000000000
         53.850   0.111332877   0.888667123   1.000000000
         54.000   0.111332884   0.888667116   1.000000000
         54.150   0.111332924   0.888667076   1.000000000
         54.300   0.111332986   0.888667014   1.000000000
         54.450   0.111333058   0.888666942   1.000000000
         54.600   0.111333127   0.888666873   1.000000000
         54.750   0.111333181   0.888666819   1.000000000
         54.900   0.111333211   0.888666789   1.000000000
         55.050   0.111333213   0.888666787   1.000000000
         55.200   0.111333189   0.888666811   1.000000000
         55.350   0.111333144   0.888666856   1.000000000
         55.500   0.111333085   0.888666915   1.000000000
         55.650   0.111333023   0.888666977   1.000000000
         55.800   0.111332967   0.888667033   1.000000000
         55.950   0.111332925   0.888667075   1.000000000
         56.100   0.111332903   0.888667097   1.000000000
         56.250   0.111332902   0.888667098   1.000000000
         56.400   0.111332920   0.888667080   1.000000000
         56.550   0.111332952   0.888667048   1.000000000
         56.700   0.111332992   0.888667008   1.000000000
         56.850   0.111333031   0.888666969   1.000000000
         57.000   0.111333064   0.888666936   1.000000000
         57.150   0.111333085   0.888666915   1.000000000
         57.300   0.111333091   0.888666909   1.000000000
         57.450   0.111333081   0.888666919   1.000000000
         57.600   0.111333059   0.888666941   1.000000000
         57.750   0.111333028   0.888666972   1.000000000
         57.900   0.111332993   0.888667007   1.000000000
         58.050   0.111332961   0.888667039   1.000000000
         58.200   0.111332935   0.888667065   1.000000000
         58.350   0.111332920   0.888667080   1.000000000
         58.500   0.111332916   0.888667084   1.000000000
         58.650   0.111332924   0.888667076   1.000000000
         58.800   0.111332940   0.888667060   1.000000000
         58.950   0.111332962   0.888667038   1.000000000
         59.100   0.111332984   0.888667016   1.000000000
         59.250   0.111333004   0.888666996   1.000000000
         59.400   0.111333018   0.888666982   1.000000000
         59.550   0.111333023   0.888666977   1.000000000
         59.700   0.111333020   0.888666980   1.000000000
         59.850   0.111333009   0.888666991   1.000000000
         60.000   0.111332993   0.888667007   1.000000000
         60.150   0.111332974   0.888667026   1.000000000
         60.300   0.111332956   0.888667044   1.000000000
         60.450   0.111332940   0.888667060   1.000000000
         60.600   0.111332930   0.888667070   1.000000000
         60.750   0.111332927   0.888667073   1.000000000
         60.900   0.111332929   0.888667071   1.000000000
         61.050   0.111332937   0.888667063   1.000000000
         61.200   0.111332949   0.888667051   1.000000000
         61.350   0.111332961   0.888667039   1.000000000
         61.500   0.111332973   0.888667027   1.000000000
         61.650   0.111332982   0.888667018   1.000000000
         61.800   0.111332986   0.888667014   1.000000000
         61.950   0.111332986   0.888667014   1.000000000
         62.100   0.111332981   0.888667019   1.000000000
         62.250   0.111332973   0.888667027   1.000000000
         62.400   0.111332962   0.888667038   1.000000000
         62.550   0.111332952   0.888667048   1.000000000
         62.700   0.111332943   0.888667057   1.000000000
         62.850   0.111332936   0.888667064   1.000000000
         63.000   0.111332933   0.888667067   1.000000000
         63.150   0.111332934   0.888667066   1.000000000
         63.300   0.111332938   0.888667062   1.000000000
         63.450   0.111332944   0.888667056   1.000000000
         63.600   0.111332951   0.888667049   1.000000000
         63.750   0.111332958   0.888667042   1.000000000
         63.900   0.111332963   0.888667037   1.000000000
         64.050   0.111332966   0.888667034   1.000000000
         64.200   0.111332967   0.888667033   1.000000000
         64.350   0.111332965   0.888667035   1.000000000
         64.500   0.111332960   0.888667040   1.000000000
         64.650   0.111332955   0.888667045   1.000000000
         64.800   0.111332949   0.888667051   1.000000000
         64.950   0.111332944   0.888667056   1.000000000
         65.100   0.111332940   0.888667060   1.000000000
         65.250   0.111332937   0.888667063   1.000000000
         65.400   0.111332937   0.888667063   1.000000000
         65.550   0.111332939   0.888667061   1.000000000
         65.700   0.111332942   0.888667058   1.000000000
         65.850   0.111332946   0.888667054   1.000000000
         66.000   0.111332950   0.888667050   1.000000000
         66.150   0.111332953   0.888667047   1.000000000
         66.300   0.111332955   0.888667045   1.000000000
         66.450   0.111332956   0.888667044   1.000000000
         66.600   0.111332955   0.888667045   1.000000000
         66.750   0.111332953   0.888667047   1.000000000
         66.900   0.111332950   0.888667050   1.000000000
         67.050   0.111332947   0.888667053   1.000000000
         67.200   0.111332944   0.888667056   1.000000000
         67.350   0.111332941   0.888667059   1.000000000
         67.500   0.111332940   0.888667060   1.000000000
         67.650   0.111332940   0.888667060   1.000000000
         67.800   0.111332940   0.888667060   1.000000000
         67.950   0.111332942   0.888667058   1.000000000
         68.100   0.111332944   0.888667056   1.000000000
         68.250   0.111332946   0.888667054   1.000000000
         68.400   0.111332948   0.888667052   1.000000000
         68.550   0.111332949   0.888667051   1.000000000
         68.700   0.111332950   0.888667050   1.000000000
         68.850   0.111332950   0.888667050   1.000000000
         69.000   0.111332949   0.888667051   1.000000000
         69.150   0.111332947   0.888667053   1.000000000
         69.300   0.111332946   0.888667054   1.000000000
         69.450   0.111332944   0.888667056   1.000000000
         69.600   0.111332942   0.888667058   1.000000000
         69.750   0.111332941   0.888667059   1.000000000
         69.900   0.111332941   0.888667059   1.000000000
         70.050   0.111332941   0.888667059   1.000000000
         70.200   0.111332942   0.888667058   1.000000000
         70.350   0.111332943   0.888667057   1.000000000
         70.500   0.111332944   0.888667056   1.000000000
         70.650   0.111332945   0.888667055   1.000000000
         70.800   0.111332946   0.888667054   1.000000000
         70.950   0.111332947   0.888667053   1.000000000
         71.100   0.111332947   0.888667053   1.000000000
         71.250   0.111332946   0.888667054   1.000000000
         71.400   0.111332946   0.888667054   1.000000000
         71.550   0.111332945   0.888667055   1.000000000
         71.700   0.111332944   0.888667056   1.000000000
         71.850   0.111332943   0.888667057   1.000000000
         72.000   0.111332942   0.888667058   1.000000000
         72.150   0.111332942   0.888667058   1.000000000
         72.300   0.111332942   0.888667058   1.000000000
         72.450   0.111332942   0.888667058   1.000000000
         72.600   0.111332943   0.888667057   1.000000000
         72.750   0.111332944   0.888667056   1.000000000
         72.900   0.111332944   0.888667056   1.000000000
         73.050   0.111332945   0.888667055   1.000000000
         73.200   0.111332945   0.888667055   1.000000000
         73.350   0.111332945   0.888667055   1.000000000
         73.500   0.111332945   0.888667055   1.000000000
         73.650   0.111332945   0.888667055   1.000000000
         73.800   0.111332944   0.888667056   1.000000000
         73.950   0.111332943   0.888667057   1.000000000
         74.100   0.111332943   0.888667057   1.000000000
         74.250   0.111332943   0.888667057   1.000000000
         74.400   0.111332942   0.888667058   1.000000000
         74.550   0.111332942   0.888667058   1.000000000
         74.700   0.111332943   0.888667057   1.000000000
         74.850   0.111332943   0.888667057   1.000000000
         75.000   0.111332943   0.888667057   1.000000000
         75.150   0.111332944   0.888667056   1.000000000
         75.300   0.111332944   0.888667056   1.000000000
         75.450   0.111332944   0.888667056   1.000000000
         75.600   0.111332944   0.888667056   1.000000000
         75.750   0.111332944   0.888667056   1.000000000
         75.900   0.111332944   0.888667056   1.000000000
         76.050   0.111332944   0.888667056   1.000000000
         76.200   0.111332943   0.888667057   1.000000000
         76.350   0.111332943   0.888667057   1.000000000
         76.500   0.111332943   0.888667057   1.000000000
         76.650   0.111332943   0.888667057   1.000000000
         76.800   0.111332943   0.888667057   1.000000000
         76.950   0.111332943   0.888667057   1.000000000
         77.100   0.111332943   0.888667057   1.000000000
         77.250   0.111332943   0.888667057   1.000000000
         77.400   0.111332943   0.888667057   1.000000000
         77.550   0.111332943   0.888667057   1.000000000
         77.700   0.111332944   0.888667056   1.000000000
         77.850   0.111332944   0.888667056   1.000000000
         78.000   0.111332944   0.888667056   1.000000000
         78.150   0.111332944   0.888667056   1.000000000
         78.300   0.111332943   0.888667057   1.000000000
         78.450   0.111332943   0.888667057   1.000000000
         78.600   0.111332943   0.888667057   1.000000000
         78.750   0.111332943   0.888667057   1.000000000
         78.900   0.111332943   0.888667057   1.000000000
         79.050   0.111332943   0.888667057   1.000000000
         79.200   0.111332943   0.888667057   1.000000000
         79.350   0.111332943   0.888667057   1.000000000
         79.500   0.111332943   0.888667057   1.000000000
         79.650   0.111332943   0.888667057   1.000000000
         79.800   0.111332943   0.888667057   1.000000000
         79.950   0.111332943   0.888667057   1.000000000
         80.100   0.111332943   0.888667057   1.000000000
         80.250   0.111332943   0.888667057   1.000000000
         80.400   0.111332943   0.888667057   1.000000000
         80.550   0.111332943   0.888667057   1.000000000
         80.700   0.111332943   0.888667057   1.000000000
         80.850   0.111332943   0.888667057   1.000000000
         81.000   0.111332943   0.888667057   1.000000000
         81.150   0.111332943   0.888667057   1.000000000
         81.300   0.111332943   0.888667057   1.000000000
         81.450   0.111332943   0.888667057   1.000000000
         81.600   0.111332943   0.888667057   1.000000000
         81.750   0.111332943   0.888667057   1.000000000
         81.900   0.111332943   0.888667057   1.000000000
         82.050   0.111332943   0.888667057   1.000000000
         82.200   0.111332943   0.888667057   1.000000000
         82.350   0.111332943   0.888667057   1.000000000
         82.500   0.111332943   0.888667057   1.000000000
         82.650   0.111332943   0.888667057   1.000000000
         82.800   0.111332943   0.888667057   1.000000000
         82.950   0.111332943   0.888667057   1.000000000
         83.100   0.111332943   0.888667057   1.000000000
         83.250   0.111332943   0.888667057   1.000000000
         83.400   0.111332943   0.888667057   1.000000000
         83.550   0.111332943   0.888667057   1.000000000
         83.700   0.111332943   0.888667057   1.000000000
         83.850   0.111332943   0.888667057   1.000000000
         84.000   0.111332943   0.888667057   1.000000000
         84.150   0.111332943   0.888667057   1.000000000
         84.300   0.111332943   0.888667057   1.000000000
         84.450   0.111332943   0.888667057   1.000000000
         84.600   0.111332943   0.888667057   1.000000000
         84.750   0.111332943   0.888667057   1.000000000
         84.900   0.111332943   0.888667057   1.000000000
         85.050   0.111332943   0.888667057   1.000000000
         85.200   0.111332943   0.888667057   1.000000000
         85.350   0.111332943   0.888667057   1.000000000
         85.500   0.111332943   0.888667057   1.000000000
         85.650   0.111332943   0.888667057   1.000000000
         85.800   0.111332943   0.888667057   1.000000000
         85.950   0.111332943   0.888667057   1.000000000
         86.100   0.111332943   0.888667057   1.000000000
         86.250   0.111332943   0.888667057   1.000000000
         86.400   0.111332943   0.888667057   1.000000000
         86.550   0.111332943   0.888667057   1.000000000
         86.700   0.111332943   0.888667057   1.000000000
         86.850   0.111332943   0.888667057   1.000000000
         87.000   0.111332943   0.888667057   1.000000000
         87.150   0.111332943   0.888667057   1.000000000
         87.300   0.111332943   0.888667057   1.000000000
         87.450   0.111332943   0.888667057   1.000000000
         87.600   0.111332943   0.888667057   1.000000000
         87.750   0.111332943   0.888667057   1.000000000
         87.900   0.111332943   0.888667057   1.000000000
         88.050   0.111332943   0.888667057   1.000000000
         88.200   0.111332943   0.888667057   1.000000000
         88.350   0.111332943   0.888667057   1.000000000
         88.500   0.111332943   0.888667057   1.000000000
         88.650   0.111332943   0.888667057   1.000000000
         88.800   0.111332943   0.888667057   1.000000000
         88.950   0.111332943   0.888667057   1.000000000
         89.100   0.111332943   0.888667057   1.000000000
         89.250   0.111332943   0.888667057   1.000000000
         89.400   0.111332943   0.888667057   1.000000000
         89.550   0.111332943   0.888667057   1.000000000
         89.700   0.111332943   0.888667057   1.000000000
         89.850   0.111332943   0.888667057   1.000000000
         90.000   0.111332943   0.888667057   1.000000000

 NumProc =            1
