          0.050   0.000000000  -0.045435761   0.045435761   0.000000000
          0.100   0.000000000  -0.067374026   0.067374026   0.000000000
          0.150   0.000000000  -0.065851221   0.065851221   0.000000000
          0.200   0.000000000  -0.051792699   0.051792699   0.000000000
          0.250   0.000000000  -0.036216831   0.036216831   0.000000000
          0.300   0.000000000  -0.023899840   0.023899840   0.000000000
          0.350   0.000000000  -0.015416964   0.015416964   0.000000000
          0.400   0.000000000  -0.009931580   0.009931580   0.000000000
          0.450   0.000000000  -0.006475041   0.006475041   0.000000000
          0.500  -0.000000000  -0.004305376   0.004305376   0.000000000
          0.550   0.000000000  -0.002928770   0.002928770   0.000000000
          0.600   0.000000000  -0.001854545   0.001854545   0.000000000
          0.650   0.000000000  -0.001382600   0.001382600  -0.000000000
          0.700   0.000000000  -0.001191502   0.001191502   0.000000000
          0.750  -0.000000000  -0.001111516   0.001111516   0.000000000
          0.800  -0.000000000  -0.001085706   0.001085706   0.000000000
          0.850  -0.000000000  -0.001078063   0.001078063   0.000000000
          0.900  -0.000000000  -0.001078337   0.001078337   0.000000000
          0.950  -0.000000000  -0.001081277   0.001081277   0.000000000
          1.000  -0.000000000  -0.001084599   0.001084599  -0.000000000
          1.050  -0.000000000  -0.001087533   0.001087533   0.000000000
          1.100  -0.000000000  -0.001089965   0.001089965   0.000000000
          1.150  -0.000000000  -0.001091997   0.001091997  -0.000000000
          1.200  -0.000000000  -0.001094610   0.001094610  -0.000000000
          1.250  -0.000000000  -0.001095855   0.001095855  -0.000000000
          1.300  -0.000000000  -0.001096396   0.001096396  -0.000000000
          1.350  -0.000000000  -0.001096641   0.001096641  -0.000000000
          1.400  -0.000000000  -0.001096688   0.001096688  -0.000000000
          1.450  -0.000000000  -0.001096605   0.001096605  -0.000000000
          1.500  -0.000000000  -0.001096448   0.001096448  -0.000000000
          1.550  -0.000000000  -0.001096251   0.001096251  -0.000000000
          1.600  -0.000000000  -0.001096032   0.001096032  -0.000000000
          1.650  -0.000000000  -0.001095801   0.001095801  -0.000000000
          1.700  -0.000000000  -0.001095561   0.001095561  -0.000000000
          1.750  -0.000000000  -0.001095316   0.001095316  -0.000000000
          1.800  -0.000000000  -0.001095062   0.001095062  -0.000000000
          1.850  -0.000000000  -0.001094810   0.001094810  -0.000000000
          1.900  -0.000000000  -0.001094558   0.001094558  -0.000000000
          1.950  -0.000000000  -0.001094306   0.001094306  -0.000000000
          2.000  -0.000000000  -0.001094054   0.001094054  -0.000000000
          2.050  -0.000000000  -0.001093803   0.001093803  -0.000000000
          2.100  -0.000000000  -0.001093551   0.001093551  -0.000000000
          2.150  -0.000000000  -0.001093300   0.001093300  -0.000000000
          2.200  -0.000000000  -0.001093049   0.001093049  -0.000000000
          2.250  -0.000000000  -0.001092798   0.001092798  -0.000000000
          2.300  -0.000000000  -0.001092547   0.001092547  -0.000000000
          2.350  -0.000000000  -0.001092296   0.001092296  -0.000000000
          2.400  -0.000000000  -0.001092045   0.001092045  -0.000000000
          2.450  -0.000000000  -0.001091794   0.001091794  -0.000000000
          2.500  -0.000000000  -0.001091544   0.001091544  -0.000000000
          2.550  -0.000000000  -0.001091293   0.001091293  -0.000000000
          2.600  -0.000000000  -0.001091043   0.001091043  -0.000000000
          2.650  -0.000000000  -0.001090792   0.001090792  -0.000000000
          2.700  -0.000000000  -0.001090541   0.001090541  -0.000000000
          2.750  -0.000000000  -0.001090291   0.001090291  -0.000000000
          2.800  -0.000000000  -0.001090041   0.001090041  -0.000000000
          2.850  -0.000000000  -0.001089790   0.001089790  -0.000000000
          2.900  -0.000000000  -0.001089540   0.001089540  -0.000000000
          2.950  -0.000000000  -0.001089290   0.001089290  -0.000000000
          3.000  -0.000000000  -0.001089040   0.001089040  -0.000000000
          3.050  -0.000000000  -0.001088790   0.001088790  -0.000000000
          3.100  -0.000000000  -0.001088540   0.001088540  -0.000000000
          3.150  -0.000000000  -0.001088290   0.001088290  -0.000000000
          3.200  -0.000000000  -0.001088040   0.001088040  -0.000000000
          3.250  -0.000000000  -0.001087790   0.001087790  -0.000000000
          3.300  -0.000000000  -0.001087540   0.001087540  -0.000000000
          3.350  -0.000000000  -0.001087291   0.001087291  -0.000000000
          3.400  -0.000000000  -0.001087041   0.001087041  -0.000000000
          3.450  -0.000000000  -0.001086791   0.001086791  -0.000000000
          3.500  -0.000000000  -0.001086542   0.001086542  -0.000000000
          3.550  -0.000000000  -0.001086292   0.001086292  -0.000000000
          3.600  -0.000000000  -0.001086043   0.001086043  -0.000000000
          3.650  -0.000000000  -0.001085793   0.001085793  -0.000000000
          3.700  -0.000000000  -0.001085544   0.001085544  -0.000000000
          3.750  -0.000000000  -0.001085295   0.001085295  -0.000000000
          3.800  -0.000000000  -0.001085046   0.001085046  -0.000000000
          3.850  -0.000000000  -0.001084796   0.001084796  -0.000000000
          3.900  -0.000000000  -0.001084547   0.001084547  -0.000000000
          3.950  -0.000000000  -0.001084298   0.001084298  -0.000000000
          4.000  -0.000000000  -0.001084049   0.001084049  -0.000000000
          4.050  -0.000000000  -0.001083800   0.001083800  -0.000000000
          4.100  -0.000000000  -0.001083551   0.001083551  -0.000000000
          4.150  -0.000000000  -0.001083303   0.001083303  -0.000000000
          4.200  -0.000000000  -0.001083054   0.001083054  -0.000000000
          4.250  -0.000000000  -0.001082805   0.001082805  -0.000000000
          4.300  -0.000000000  -0.001082557   0.001082557  -0.000000000
          4.350  -0.000000000  -0.001082308   0.001082308  -0.000000000
          4.400  -0.000000000  -0.001082059   0.001082059  -0.000000000
          4.450  -0.000000000  -0.001081811   0.001081811  -0.000000000
          4.500  -0.000000000  -0.001081563   0.001081563  -0.000000000
          4.550  -0.000000000  -0.001081314   0.001081314  -0.000000000
          4.600  -0.000000000  -0.001081066   0.001081066  -0.000000000
          4.650  -0.000000000  -0.001080818   0.001080818  -0.000000000
          4.700  -0.000000000  -0.001080569   0.001080569  -0.000000000
          4.750  -0.000000000  -0.001080321   0.001080321  -0.000000000
          4.800  -0.000000000  -0.001080073   0.001080073  -0.000000000
          4.850  -0.000000000  -0.001079825   0.001079825  -0.000000000
          4.900  -0.000000000  -0.001079577   0.001079577  -0.000000000
          4.950  -0.000000000  -0.001079329   0.001079329  -0.000000000
          5.000  -0.000000000  -0.001079082   0.001079082  -0.000000000
          5.050  -0.000000000  -0.001078834   0.001078834  -0.000000000
          5.100  -0.000000000  -0.001078586   0.001078586  -0.000000000
          5.150  -0.000000000  -0.001078338   0.001078338  -0.000000000
          5.200  -0.000000000  -0.001078091   0.001078091  -0.000000000
          5.250  -0.000000000  -0.001077843   0.001077843  -0.000000000
          5.300  -0.000000000  -0.001077596   0.001077596  -0.000000000
          5.350  -0.000000000  -0.001077348   0.001077348  -0.000000000
          5.400  -0.000000000  -0.001077101   0.001077101  -0.000000000
          5.450  -0.000000000  -0.001076853   0.001076853  -0.000000000
          5.500  -0.000000000  -0.001076606   0.001076606  -0.000000000
          5.550  -0.000000000  -0.001076359   0.001076359  -0.000000000
          5.600  -0.000000000  -0.001076112   0.001076112  -0.000000000
          5.650  -0.000000000  -0.001075865   0.001075865  -0.000000000
          5.700  -0.000000000  -0.001075618   0.001075618  -0.000000000
          5.750  -0.000000000  -0.001075371   0.001075371  -0.000000000
          5.800  -0.000000000  -0.001075124   0.001075124  -0.000000000
          5.850  -0.000000000  -0.001074877   0.001074877  -0.000000000
          5.900  -0.000000000  -0.001074630   0.001074630  -0.000000000
          5.950  -0.000000000  -0.001074383   0.001074383  -0.000000000
          6.000  -0.000000000  -0.001074137   0.001074137  -0.000000000
          6.050  -0.000000000  -0.001073890   0.001073890  -0.000000000
          6.100  -0.000000000  -0.001073643   0.001073643  -0.000000000
          6.150  -0.000000000  -0.001073397   0.001073397  -0.000000000
          6.200  -0.000000000  -0.001073150   0.001073150  -0.000000000
          6.250  -0.000000000  -0.001072904   0.001072904  -0.000000000
          6.300  -0.000000000  -0.001072658   0.001072658  -0.000000000
          6.350  -0.000000000  -0.001072411   0.001072411  -0.000000000
          6.400  -0.000000000  -0.001072165   0.001072165  -0.000000000
          6.450  -0.000000000  -0.001071919   0.001071919  -0.000000000
          6.500  -0.000000000  -0.001071673   0.001071673  -0.000000000
          6.550  -0.000000000  -0.001071427   0.001071427  -0.000000000
          6.600  -0.000000000  -0.001071180   0.001071180  -0.000000000
          6.650  -0.000000000  -0.001070935   0.001070935  -0.000000000
          6.700  -0.000000000  -0.001070689   0.001070689  -0.000000000
          6.750  -0.000000000  -0.001070443   0.001070443  -0.000000000
          6.800  -0.000000000  -0.001070197   0.001070197  -0.000000000
          6.850  -0.000000000  -0.001069951   0.001069951  -0.000000000
          6.900  -0.000000000  -0.001069705   0.001069705  -0.000000000
          6.950  -0.000000000  -0.001069460   0.001069460  -0.000000000
          7.000  -0.000000000  -0.001069214   0.001069214  -0.000000000
          7.050  -0.000000000  -0.001068969   0.001068969  -0.000000000
          7.100  -0.000000000  -0.001068723   0.001068723  -0.000000000
          7.150  -0.000000000  -0.001068478   0.001068478  -0.000000000
          7.200  -0.000000000  -0.001068233   0.001068233  -0.000000000
          7.250  -0.000000000  -0.001067987   0.001067987  -0.000000000
          7.300  -0.000000000  -0.001067742   0.001067742  -0.000000000
          7.350  -0.000000000  -0.001067497   0.001067497  -0.000000000
          7.400  -0.000000000  -0.001067252   0.001067252  -0.000000000
          7.450  -0.000000000  -0.001067007   0.001067007  -0.000000000
          7.500  -0.000000000  -0.001066762   0.001066762  -0.000000000
          7.550  -0.000000000  -0.001066517   0.001066517  -0.000000000
          7.600  -0.000000000  -0.001066272   0.001066272  -0.000000000
          7.650  -0.000000000  -0.001066027   0.001066027  -0.000000000
          7.700  -0.000000000  -0.001065782   0.001065782  -0.000000000
          7.750  -0.000000000  -0.001065537   0.001065537  -0.000000000
          7.800  -0.000000000  -0.001065293   0.001065293  -0.000000000
          7.850  -0.000000000  -0.001065048   0.001065048  -0.000000000
          7.900  -0.000000000  -0.001064804   0.001064804  -0.000000000
          7.950  -0.000000000  -0.001064559   0.001064559  -0.000000000
          8.000  -0.000000000  -0.001064315   0.001064315  -0.000000000
          8.050  -0.000000000  -0.001064070   0.001064070  -0.000000000
          8.100  -0.000000000  -0.001063826   0.001063826  -0.000000000
          8.150  -0.000000000  -0.001063582   0.001063582  -0.000000000
          8.200  -0.000000000  -0.001063337   0.001063337  -0.000000000
          8.250  -0.000000000  -0.001063093   0.001063093  -0.000000000
          8.300  -0.000000000  -0.001062849   0.001062849  -0.000000000
          8.350  -0.000000000  -0.001062605   0.001062605  -0.000000000
          8.400  -0.000000000  -0.001062361   0.001062361  -0.000000000
          8.450  -0.000000000  -0.001062117   0.001062117  -0.000000000
          8.500  -0.000000000  -0.001061873   0.001061873  -0.000000000
          8.550  -0.000000000  -0.001061629   0.001061629  -0.000000000
          8.600  -0.000000000  -0.001061385   0.001061385  -0.000000000
          8.650  -0.000000000  -0.001061142   0.001061142  -0.000000000
          8.700  -0.000000000  -0.001060898   0.001060898  -0.000000000
          8.750  -0.000000000  -0.001060654   0.001060654  -0.000000000
          8.800  -0.000000000  -0.001060411   0.001060411  -0.000000000
          8.850  -0.000000000  -0.001060167   0.001060167  -0.000000000
          8.900  -0.000000000  -0.001059924   0.001059924  -0.000000000
          8.950  -0.000000000  -0.001059681   0.001059681  -0.000000000
          9.000  -0.000000000  -0.001059437   0.001059437  -0.000000000
          9.050  -0.000000000  -0.001059194   0.001059194  -0.000000000
          9.100  -0.000000000  -0.001058951   0.001058951  -0.000000000
          9.150  -0.000000000  -0.001058708   0.001058708  -0.000000000
          9.200  -0.000000000  -0.001058464   0.001058464  -0.000000000
          9.250  -0.000000000  -0.001058221   0.001058221  -0.000000000
          9.300  -0.000000000  -0.001057978   0.001057978  -0.000000000
          9.350  -0.000000000  -0.001057735   0.001057735  -0.000000000
          9.400  -0.000000000  -0.001057493   0.001057493  -0.000000000
          9.450  -0.000000000  -0.001057250   0.001057250  -0.000000000
          9.500  -0.000000000  -0.001057007   0.001057007  -0.000000000
          9.550  -0.000000000  -0.001056764   0.001056764  -0.000000000
          9.600  -0.000000000  -0.001056522   0.001056522  -0.000000000
          9.650  -0.000000000  -0.001056279   0.001056279  -0.000000000
          9.700  -0.000000000  -0.001056036   0.001056036  -0.000000000
          9.750  -0.000000000  -0.001055794   0.001055794  -0.000000000
          9.800  -0.000000000  -0.001055552   0.001055552  -0.000000000
          9.850  -0.000000000  -0.001055309   0.001055309  -0.000000000
          9.900  -0.000000000  -0.001055067   0.001055067  -0.000000000
          9.950  -0.000000000  -0.001054825   0.001054825  -0.000000000
         10.000  -0.000000000  -0.001054582   0.001054582  -0.000000000
         10.050  -0.000000000  -0.001054340   0.001054340  -0.000000000
         10.100  -0.000000000  -0.001054098   0.001054098  -0.000000000
         10.150  -0.000000000  -0.001053856   0.001053856  -0.000000000
         10.200  -0.000000000  -0.001053614   0.001053614  -0.000000000
         10.250  -0.000000000  -0.001053372   0.001053372  -0.000000000
         10.300  -0.000000000  -0.001053130   0.001053130  -0.000000000
         10.350  -0.000000000  -0.001052888   0.001052888  -0.000000000
         10.400  -0.000000000  -0.001052647   0.001052647  -0.000000000
         10.450  -0.000000000  -0.001052405   0.001052405  -0.000000000
         10.500  -0.000000000  -0.001052163   0.001052163  -0.000000000
         10.550  -0.000000000  -0.001051922   0.001051922  -0.000000000
         10.600  -0.000000000  -0.001051680   0.001051680  -0.000000000
         10.650  -0.000000000  -0.001051439   0.001051439  -0.000000000
         10.700  -0.000000000  -0.001051197   0.001051197  -0.000000000
         10.750  -0.000000000  -0.001050956   0.001050956  -0.000000000
         10.800  -0.000000000  -0.001050714   0.001050714  -0.000000000
         10.850  -0.000000000  -0.001050473   0.001050473  -0.000000000
         10.900  -0.000000000  -0.001050232   0.001050232  -0.000000000
         10.950  -0.000000000  -0.001049991   0.001049991  -0.000000000
         11.000  -0.000000000  -0.001049750   0.001049750  -0.000000000
         11.050  -0.000000000  -0.001049509   0.001049509  -0.000000000
         11.100  -0.000000000  -0.001049268   0.001049268  -0.000000000
         11.150  -0.000000000  -0.001049027   0.001049027  -0.000000000
         11.200  -0.000000000  -0.001048786   0.001048786  -0.000000000
         11.250  -0.000000000  -0.001048545   0.001048545  -0.000000000
         11.300  -0.000000000  -0.001048304   0.001048304  -0.000000000
         11.350  -0.000000000  -0.001048063   0.001048063  -0.000000000
         11.400  -0.000000000  -0.001047823   0.001047823  -0.000000000
         11.450  -0.000000000  -0.001047582   0.001047582  -0.000000000
         11.500  -0.000000000  -0.001047342   0.001047342  -0.000000000
         11.550  -0.000000000  -0.001047101   0.001047101  -0.000000000
         11.600  -0.000000000  -0.001046861   0.001046861  -0.000000000
         11.650  -0.000000000  -0.001046620   0.001046620  -0.000000000
         11.700  -0.000000000  -0.001046380   0.001046380  -0.000000000
         11.750  -0.000000000  -0.001046140   0.001046140  -0.000000000
         11.800  -0.000000000  -0.001045899   0.001045899  -0.000000000
         11.850  -0.000000000  -0.001045659   0.001045659  -0.000000000
         11.900  -0.000000000  -0.001045419   0.001045419  -0.000000000
         11.950  -0.000000000  -0.001045179   0.001045179  -0.000000000
         12.000  -0.000000000  -0.001044939   0.001044939  -0.000000000
         12.050  -0.000000000  -0.001044699   0.001044699  -0.000000000
         12.100  -0.000000000  -0.001044459   0.001044459  -0.000000000
         12.150  -0.000000000  -0.001044219   0.001044219  -0.000000000
         12.200  -0.000000000  -0.001043980   0.001043980  -0.000000000
         12.250  -0.000000000  -0.001043740   0.001043740  -0.000000000
         12.300  -0.000000000  -0.001043500   0.001043500  -0.000000000
         12.350  -0.000000000  -0.001043261   0.001043261  -0.000000000
         12.400  -0.000000000  -0.001043021   0.001043021  -0.000000000
         12.450  -0.000000000  -0.001042782   0.001042782  -0.000000000
         12.500  -0.000000000  -0.001042542   0.001042542  -0.000000000
         12.550  -0.000000000  -0.001042303   0.001042303  -0.000000000
         12.600  -0.000000000  -0.001042063   0.001042063  -0.000000000
         12.650  -0.000000000  -0.001041824   0.001041824  -0.000000000
         12.700  -0.000000000  -0.001041585   0.001041585  -0.000000000
         12.750  -0.000000000  -0.001041346   0.001041346  -0.000000000
         12.800  -0.000000000  -0.001041107   0.001041107  -0.000000000
         12.850  -0.000000000  -0.001040867   0.001040867  -0.000000000
         12.900  -0.000000000  -0.001040628   0.001040628  -0.000000000
         12.950  -0.000000000  -0.001040390   0.001040390  -0.000000000
         13.000  -0.000000000  -0.001040151   0.001040151  -0.000000000
         13.050  -0.000000000  -0.001039912   0.001039912  -0.000000000
         13.100  -0.000000000  -0.001039673   0.001039673  -0.000000000
         13.150  -0.000000000  -0.001039434   0.001039434  -0.000000000
         13.200  -0.000000000  -0.001039196   0.001039196  -0.000000000
         13.250  -0.000000000  -0.001038957   0.001038957  -0.000000000
         13.300  -0.000000000  -0.001038718   0.001038718  -0.000000000
         13.350  -0.000000000  -0.001038480   0.001038480  -0.000000000
         13.400  -0.000000000  -0.001038241   0.001038241  -0.000000000
         13.450  -0.000000000  -0.001038003   0.001038003  -0.000000000
         13.500  -0.000000000  -0.001037765   0.001037765  -0.000000000
         13.550  -0.000000000  -0.001037526   0.001037526  -0.000000000
         13.600  -0.000000000  -0.001037288   0.001037288  -0.000000000
         13.650  -0.000000000  -0.001037050   0.001037050  -0.000000000
         13.700  -0.000000000  -0.001036812   0.001036812  -0.000000000
         13.750  -0.000000000  -0.001036574   0.001036574  -0.000000000
         13.800  -0.000000000  -0.001036336   0.001036336  -0.000000000
         13.850  -0.000000000  -0.001036098   0.001036098  -0.000000000
         13.900  -0.000000000  -0.001035860   0.001035860  -0.000000000
         13.950  -0.000000000  -0.001035622   0.001035622  -0.000000000
         14.000  -0.000000000  -0.001035384   0.001035384  -0.000000000
         14.050  -0.000000000  -0.001035146   0.001035146  -0.000000000
         14.100  -0.000000000  -0.001034909   0.001034909  -0.000000000
         14.150  -0.000000000  -0.001034671   0.001034671  -0.000000000
         14.200  -0.000000000  -0.001034433   0.001034433  -0.000000000
         14.250  -0.000000000  -0.001034196   0.001034196  -0.000000000
         14.300  -0.000000000  -0.001033958   0.001033958  -0.000000000
         14.350  -0.000000000  -0.001033721   0.001033721  -0.000000000
         14.400  -0.000000000  -0.001033484   0.001033484  -0.000000000
         14.450  -0.000000000  -0.001033246   0.001033246  -0.000000000
         14.500  -0.000000000  -0.001033009   0.001033009  -0.000000000
         14.550  -0.000000000  -0.001032772   0.001032772  -0.000000000
         14.600  -0.000000000  -0.001032535   0.001032535  -0.000000000
         14.650  -0.000000000  -0.001032298   0.001032298  -0.000000000
         14.700  -0.000000000  -0.001032060   0.001032060  -0.000000000
         14.750  -0.000000000  -0.001031823   0.001031823  -0.000000000
         14.800  -0.000000000  -0.001031587   0.001031587  -0.000000000
         14.850  -0.000000000  -0.001031350   0.001031350  -0.000000000
         14.900  -0.000000000  -0.001031113   0.001031113  -0.000000000
         14.950  -0.000000000  -0.001030876   0.001030876  -0.000000000
         15.000  -0.000000000  -0.001030639   0.001030639  -0.000000000
         15.050  -0.000000000  -0.001030403   0.001030403  -0.000000000
         15.100  -0.000000000  -0.001030166   0.001030166  -0.000000000
         15.150  -0.000000000  -0.001029930   0.001029930  -0.000000000
         15.200  -0.000000000  -0.001029693   0.001029693  -0.000000000
         15.250  -0.000000000  -0.001029457   0.001029457  -0.000000000
         15.300  -0.000000000  -0.001029220   0.001029220  -0.000000000
         15.350  -0.000000000  -0.001028984   0.001028984  -0.000000000
         15.400  -0.000000000  -0.001028748   0.001028748  -0.000000000
         15.450  -0.000000000  -0.001028511   0.001028511  -0.000000000
         15.500  -0.000000000  -0.001028275   0.001028275  -0.000000000
         15.550  -0.000000000  -0.001028039   0.001028039  -0.000000000
         15.600  -0.000000000  -0.001027803   0.001027803  -0.000000000
         15.650  -0.000000000  -0.001027567   0.001027567  -0.000000000
         15.700  -0.000000000  -0.001027331   0.001027331  -0.000000000
         15.750  -0.000000000  -0.001027095   0.001027095  -0.000000000
         15.800  -0.000000000  -0.001026859   0.001026859  -0.000000000
         15.850  -0.000000000  -0.001026623   0.001026623  -0.000000000
         15.900  -0.000000000  -0.001026388   0.001026388  -0.000000000
         15.950  -0.000000000  -0.001026152   0.001026152  -0.000000000
         16.000  -0.000000000  -0.001025916   0.001025916  -0.000000000
         16.050  -0.000000000  -0.001025681   0.001025681  -0.000000000
         16.100  -0.000000000  -0.001025445   0.001025445  -0.000000000
         16.150  -0.000000000  -0.001025210   0.001025210  -0.000000000
         16.200  -0.000000000  -0.001024974   0.001024974  -0.000000000
         16.250  -0.000000000  -0.001024739   0.001024739  -0.000000000
         16.300  -0.000000000  -0.001024504   0.001024504  -0.000000000
         16.350  -0.000000000  -0.001024268   0.001024268  -0.000000000
         16.400  -0.000000000  -0.001024033   0.001024033  -0.000000000
         16.450  -0.000000000  -0.001023798   0.001023798  -0.000000000
         16.500  -0.000000000  -0.001023563   0.001023563  -0.000000000
         16.550  -0.000000000  -0.001023328   0.001023328  -0.000000000
         16.600  -0.000000000  -0.001023093   0.001023093  -0.000000000
         16.650  -0.000000000  -0.001022858   0.001022858  -0.000000000
         16.700  -0.000000000  -0.001022623   0.001022623  -0.000000000
         16.750  -0.000000000  -0.001022388   0.001022388  -0.000000000
         16.800  -0.000000000  -0.001022154   0.001022154  -0.000000000
         16.850  -0.000000000  -0.001021919   0.001021919  -0.000000000
         16.900  -0.000000000  -0.001021684   0.001021684  -0.000000000
         16.950  -0.000000000  -0.001021450   0.001021450  -0.000000000
         17.000  -0.000000000  -0.001021215   0.001021215  -0.000000000
         17.050  -0.000000000  -0.001020981   0.001020981  -0.000000000
         17.100  -0.000000000  -0.001020746   0.001020746  -0.000000000
         17.150  -0.000000000  -0.001020512   0.001020512  -0.000000000
         17.200  -0.000000000  -0.001020277   0.001020277  -0.000000000
         17.250  -0.000000000  -0.001020043   0.001020043  -0.000000000
         17.300  -0.000000000  -0.001019809   0.001019809  -0.000000000
         17.350  -0.000000000  -0.001019575   0.001019575  -0.000000000
         17.400  -0.000000000  -0.001019341   0.001019341  -0.000000000
         17.450  -0.000000000  -0.001019106   0.001019106  -0.000000000
         17.500  -0.000000000  -0.001018872   0.001018872  -0.000000000
         17.550  -0.000000000  -0.001018639   0.001018639  -0.000000000
         17.600  -0.000000000  -0.001018405   0.001018405  -0.000000000
         17.650  -0.000000000  -0.001018171   0.001018171  -0.000000000
         17.700  -0.000000000  -0.001017937   0.001017937  -0.000000000
         17.750  -0.000000000  -0.001017703   0.001017703  -0.000000000
         17.800  -0.000000000  -0.001017470   0.001017470  -0.000000000
         17.850  -0.000000000  -0.001017236   0.001017236  -0.000000000
         17.900  -0.000000000  -0.001017002   0.001017002  -0.000000000
         17.950  -0.000000000  -0.001016769   0.001016769  -0.000000000
         18.000  -0.000000000  -0.001016535   0.001016535  -0.000000000
         18.050  -0.000000000  -0.001016302   0.001016302  -0.000000000
         18.100  -0.000000000  -0.001016068   0.001016068  -0.000000000
         18.150  -0.000000000  -0.001015835   0.001015835  -0.000000000
         18.200  -0.000000000  -0.001015602   0.001015602  -0.000000000
         18.250  -0.000000000  -0.001015369   0.001015369  -0.000000000
         18.300  -0.000000000  -0.001015136   0.001015136  -0.000000000
         18.350  -0.000000000  -0.001014902   0.001014902  -0.000000000
         18.400  -0.000000000  -0.001014669   0.001014669  -0.000000000
         18.450  -0.000000000  -0.001014436   0.001014436  -0.000000000
         18.500  -0.000000000  -0.001014203   0.001014203  -0.000000000
         18.550  -0.000000000  -0.001013971   0.001013971  -0.000000000
         18.600  -0.000000000  -0.001013738   0.001013738  -0.000000000
         18.650  -0.000000000  -0.001013505   0.001013505  -0.000000000
         18.700  -0.000000000  -0.001013272   0.001013272  -0.000000000
         18.750  -0.000000000  -0.001013040   0.001013040  -0.000000000
         18.800  -0.000000000  -0.001012807   0.001012807  -0.000000000
         18.850  -0.000000000  -0.001012574   0.001012574  -0.000000000
         18.900  -0.000000000  -0.001012342   0.001012342  -0.000000000
         18.950  -0.000000000  -0.001012109   0.001012109  -0.000000000
         19.000  -0.000000000  -0.001011877   0.001011877  -0.000000000
         19.050  -0.000000000  -0.001011645   0.001011645  -0.000000000
         19.100  -0.000000000  -0.001011412   0.001011412  -0.000000000
         19.150  -0.000000000  -0.001011180   0.001011180  -0.000000000
         19.200  -0.000000000  -0.001010948   0.001010948  -0.000000000
         19.250  -0.000000000  -0.001010716   0.001010716  -0.000000000
         19.300  -0.000000000  -0.001010484   0.001010484  -0.000000000
         19.350  -0.000000000  -0.001010252   0.001010252  -0.000000000
         19.400  -0.000000000  -0.001010020   0.001010020  -0.000000000
         19.450  -0.000000000  -0.001009788   0.001009788  -0.000000000
         19.500  -0.000000000  -0.001009556   0.001009556  -0.000000000
         19.550  -0.000000000  -0.001009324   0.001009324  -0.000000000
         19.600  -0.000000000  -0.001009092   0.001009092  -0.000000000
         19.650  -0.000000000  -0.001008860   0.001008860  -0.000000000
         19.700  -0.000000000  -0.001008629   0.001008629  -0.000000000
         19.750  -0.000000000  -0.001008397   0.001008397  -0.000000000
         19.800  -0.000000000  -0.001008166   0.001008166  -0.000000000
         19.850  -0.000000000  -0.001007934   0.001007934  -0.000000000
         19.900  -0.000000000  -0.001007703   0.001007703  -0.000000000
         19.950  -0.000000000  -0.001007471   0.001007471  -0.000000000
         20.000  -0.000000000  -0.001007240   0.001007240  -0.000000000
         20.050  -0.000000000  -0.001007009   0.001007009  -0.000000000
         20.100  -0.000000000  -0.001006777   0.001006777  -0.000000000
         20.150  -0.000000000  -0.001006546   0.001006546  -0.000000000
         20.200  -0.000000000  -0.001006315   0.001006315  -0.000000000
         20.250  -0.000000000  -0.001006084   0.001006084  -0.000000000
         20.300  -0.000000000  -0.001005853   0.001005853  -0.000000000
         20.350  -0.000000000  -0.001005622   0.001005622  -0.000000000
         20.400  -0.000000000  -0.001005391   0.001005391  -0.000000000
         20.450  -0.000000000  -0.001005160   0.001005160  -0.000000000
         20.500  -0.000000000  -0.001004929   0.001004929  -0.000000000
         20.550  -0.000000000  -0.001004699   0.001004699  -0.000000000
         20.600  -0.000000000  -0.001004468   0.001004468  -0.000000000
         20.650  -0.000000000  -0.001004237   0.001004237  -0.000000000
         20.700  -0.000000000  -0.001004007   0.001004007  -0.000000000
         20.750  -0.000000000  -0.001003776   0.001003776  -0.000000000
         20.800  -0.000000000  -0.001003546   0.001003546  -0.000000000
         20.850  -0.000000000  -0.001003315   0.001003315  -0.000000000
         20.900  -0.000000000  -0.001003085   0.001003085  -0.000000000
         20.950  -0.000000000  -0.001002854   0.001002854  -0.000000000
         21.000  -0.000000000  -0.001002624   0.001002624  -0.000000000
         21.050  -0.000000000  -0.001002394   0.001002394  -0.000000000
         21.100  -0.000000000  -0.001002164   0.001002164  -0.000000000
         21.150  -0.000000000  -0.001001934   0.001001934  -0.000000000
         21.200  -0.000000000  -0.001001704   0.001001704  -0.000000000
         21.250  -0.000000000  -0.001001474   0.001001474  -0.000000000
         21.300  -0.000000000  -0.001001244   0.001001244  -0.000000000
         21.350  -0.000000000  -0.001001014   0.001001014  -0.000000000
         21.400  -0.000000000  -0.001000784   0.001000784  -0.000000000
         21.450  -0.000000000  -0.001000554   0.001000554  -0.000000000
         21.500  -0.000000000  -0.001000324   0.001000324  -0.000000000
         21.550  -0.000000000  -0.001000095   0.001000095  -0.000000000
         21.600  -0.000000000  -0.000999865   0.000999865  -0.000000000
         21.650  -0.000000000  -0.000999635   0.000999635  -0.000000000
         21.700  -0.000000000  -0.000999406   0.000999406  -0.000000000
         21.750  -0.000000000  -0.000999176   0.000999176  -0.000000000
         21.800  -0.000000000  -0.000998947   0.000998947  -0.000000000
         21.850  -0.000000000  -0.000998717   0.000998717  -0.000000000
         21.900  -0.000000000  -0.000998488   0.000998488  -0.000000000
         21.950  -0.000000000  -0.000998259   0.000998259  -0.000000000
         22.000  -0.000000000  -0.000998030   0.000998030  -0.000000000
         22.050  -0.000000000  -0.000997800   0.000997800  -0.000000000
         22.100  -0.000000000  -0.000997571   0.000997571  -0.000000000
         22.150  -0.000000000  -0.000997342   0.000997342  -0.000000000
         22.200  -0.000000000  -0.000997113   0.000997113  -0.000000000
         22.250  -0.000000000  -0.000996884   0.000996884  -0.000000000
         22.300  -0.000000000  -0.000996655   0.000996655  -0.000000000
         22.350  -0.000000000  -0.000996427   0.000996427  -0.000000000
         22.400  -0.000000000  -0.000996198   0.000996198  -0.000000000
         22.450  -0.000000000  -0.000995969   0.000995969  -0.000000000
         22.500  -0.000000000  -0.000995740   0.000995740  -0.000000000
         22.550  -0.000000000  -0.000995512   0.000995512  -0.000000000
         22.600  -0.000000000  -0.000995283   0.000995283  -0.000000000
         22.650  -0.000000000  -0.000995054   0.000995054  -0.000000000
         22.700  -0.000000000  -0.000994826   0.000994826  -0.000000000
         22.750  -0.000000000  -0.000994598   0.000994598  -0.000000000
         22.800  -0.000000000  -0.000994369   0.000994369  -0.000000000
         22.850  -0.000000000  -0.000994141   0.000994141  -0.000000000
         22.900  -0.000000000  -0.000993913   0.000993913  -0.000000000
         22.950  -0.000000000  -0.000993684   0.000993684  -0.000000000
         23.000  -0.000000000  -0.000993456   0.000993456  -0.000000000
         23.050  -0.000000000  -0.000993228   0.000993228  -0.000000000
         23.100  -0.000000000  -0.000993000   0.000993000  -0.000000000
         23.150  -0.000000000  -0.000992772   0.000992772  -0.000000000
         23.200  -0.000000000  -0.000992544   0.000992544  -0.000000000
         23.250  -0.000000000  -0.000992316   0.000992316  -0.000000000
         23.300  -0.000000000  -0.000992088   0.000992088  -0.000000000
         23.350  -0.000000000  -0.000991860   0.000991860  -0.000000000
         23.400  -0.000000000  -0.000991633   0.000991633  -0.000000000
         23.450  -0.000000000  -0.000991405   0.000991405  -0.000000000
         23.500  -0.000000000  -0.000991177   0.000991177  -0.000000000
         23.550  -0.000000000  -0.000990950   0.000990950  -0.000000000
         23.600  -0.000000000  -0.000990722   0.000990722  -0.000000000
         23.650  -0.000000000  -0.000990495   0.000990495  -0.000000000
         23.700  -0.000000000  -0.000990267   0.000990267  -0.000000000
         23.750  -0.000000000  -0.000990040   0.000990040  -0.000000000
         23.800  -0.000000000  -0.000989812   0.000989812  -0.000000000
         23.850  -0.000000000  -0.000989585   0.000989585  -0.000000000
         23.900  -0.000000000  -0.000989358   0.000989358  -0.000000000
         23.950  -0.000000000  -0.000989131   0.000989131  -0.000000000
         24.000  -0.000000000  -0.000988904   0.000988904  -0.000000000
         24.050  -0.000000000  -0.000988676   0.000988676  -0.000000000
         24.100  -0.000000000  -0.000988449   0.000988449  -0.000000000
         24.150  -0.000000000  -0.000988222   0.000988222  -0.000000000
         24.200  -0.000000000  -0.000987996   0.000987996  -0.000000000
         24.250  -0.000000000  -0.000987769   0.000987769  -0.000000000
         24.300  -0.000000000  -0.000987542   0.000987542  -0.000000000
         24.350  -0.000000000  -0.000987315   0.000987315  -0.000000000
         24.400  -0.000000000  -0.000987088   0.000987088  -0.000000000
         24.450  -0.000000000  -0.000986862   0.000986862  -0.000000000
         24.500  -0.000000000  -0.000986635   0.000986635  -0.000000000
         24.550  -0.000000000  -0.000986409   0.000986409  -0.000000000
         24.600  -0.000000000  -0.000986182   0.000986182  -0.000000000
         24.650  -0.000000000  -0.000985956   0.000985956  -0.000000000
         24.700  -0.000000000  -0.000985729   0.000985729  -0.000000000
         24.750  -0.000000000  -0.000985503   0.000985503  -0.000000000
         24.800  -0.000000000  -0.000985276   0.000985276  -0.000000000
         24.850  -0.000000000  -0.000985050   0.000985050  -0.000000000
         24.900  -0.000000000  -0.000984824   0.000984824  -0.000000000
         24.950  -0.000000000  -0.000984598   0.000984598  -0.000000000
         25.000  -0.000000000  -0.000984372   0.000984372  -0.000000000
         25.050  -0.000000000  -0.000984146   0.000984146  -0.000000000
         25.100  -0.000000000  -0.000983920   0.000983920  -0.000000000
         25.150  -0.000000000  -0.000983694   0.000983694  -0.000000000
         25.200  -0.000000000  -0.000983468   0.000983468  -0.000000000
         25.250  -0.000000000  -0.000983242   0.000983242  -0.000000000
         25.300  -0.000000000  -0.000983016   0.000983016  -0.000000000
         25.350  -0.000000000  -0.000982791   0.000982791  -0.000000000
         25.400  -0.000000000  -0.000982565   0.000982565  -0.000000000
         25.450  -0.000000000  -0.000982339   0.000982339  -0.000000000
         25.500  -0.000000000  -0.000982114   0.000982114  -0.000000000
         25.550  -0.000000000  -0.000981888   0.000981888  -0.000000000
         25.600  -0.000000000  -0.000981663   0.000981663  -0.000000000
         25.650  -0.000000000  -0.000981437   0.000981437  -0.000000000
         25.700  -0.000000000  -0.000981212   0.000981212  -0.000000000
         25.750  -0.000000000  -0.000980987   0.000980987  -0.000000000
         25.800  -0.000000000  -0.000980761   0.000980761  -0.000000000
         25.850  -0.000000000  -0.000980536   0.000980536  -0.000000000
         25.900  -0.000000000  -0.000980311   0.000980311  -0.000000000
         25.950  -0.000000000  -0.000980086   0.000980086  -0.000000000
         26.000  -0.000000000  -0.000979861   0.000979861  -0.000000000
         26.050  -0.000000000  -0.000979636   0.000979636  -0.000000000
         26.100  -0.000000000  -0.000979411   0.000979411  -0.000000000
         26.150  -0.000000000  -0.000979186   0.000979186  -0.000000000
         26.200  -0.000000000  -0.000978961   0.000978961  -0.000000000
         26.250  -0.000000000  -0.000978736   0.000978736  -0.000000000
         26.300  -0.000000000  -0.000978512   0.000978512  -0.000000000
         26.350  -0.000000000  -0.000978287   0.000978287  -0.000000000
         26.400  -0.000000000  -0.000978062   0.000978062  -0.000000000
         26.450  -0.000000000  -0.000977838   0.000977838  -0.000000000
         26.500  -0.000000000  -0.000977613   0.000977613  -0.000000000
         26.550  -0.000000000  -0.000977389   0.000977389  -0.000000000
         26.600  -0.000000000  -0.000977164   0.000977164  -0.000000000
         26.650  -0.000000000  -0.000976940   0.000976940  -0.000000000
         26.700  -0.000000000  -0.000976716   0.000976716  -0.000000000
         26.750  -0.000000000  -0.000976491   0.000976491  -0.000000000
         26.800  -0.000000000  -0.000976267   0.000976267  -0.000000000
         26.850  -0.000000000  -0.000976043   0.000976043  -0.000000000
         26.900  -0.000000000  -0.000975819   0.000975819  -0.000000000
         26.950  -0.000000000  -0.000975595   0.000975595  -0.000000000
         27.000  -0.000000000  -0.000975371   0.000975371  -0.000000000
         27.050  -0.000000000  -0.000975147   0.000975147  -0.000000000
         27.100  -0.000000000  -0.000974923   0.000974923  -0.000000000
         27.150  -0.000000000  -0.000974699   0.000974699  -0.000000000
         27.200  -0.000000000  -0.000974475   0.000974475  -0.000000000
         27.250  -0.000000000  -0.000974251   0.000974251  -0.000000000
         27.300  -0.000000000  -0.000974028   0.000974028  -0.000000000
         27.350  -0.000000000  -0.000973804   0.000973804  -0.000000000
         27.400  -0.000000000  -0.000973580   0.000973580  -0.000000000
         27.450  -0.000000000  -0.000973357   0.000973357  -0.000000000
         27.500  -0.000000000  -0.000973133   0.000973133  -0.000000000
         27.550  -0.000000000  -0.000972910   0.000972910  -0.000000000
         27.600  -0.000000000  -0.000972686   0.000972686  -0.000000000
         27.650  -0.000000000  -0.000972463   0.000972463  -0.000000000
         27.700  -0.000000000  -0.000972240   0.000972240  -0.000000000
         27.750  -0.000000000  -0.000972016   0.000972016  -0.000000000
         27.800  -0.000000000  -0.000971793   0.000971793  -0.000000000
         27.850  -0.000000000  -0.000971570   0.000971570  -0.000000000
         27.900  -0.000000000  -0.000971347   0.000971347  -0.000000000
         27.950  -0.000000000  -0.000971124   0.000971124  -0.000000000
         28.000  -0.000000000  -0.000970901   0.000970901  -0.000000000
         28.050  -0.000000000  -0.000970678   0.000970678  -0.000000000
         28.100  -0.000000000  -0.000970455   0.000970455  -0.000000000
         28.150  -0.000000000  -0.000970232   0.000970232  -0.000000000
         28.200  -0.000000000  -0.000970009   0.000970009  -0.000000000
         28.250  -0.000000000  -0.000969787   0.000969787  -0.000000000
         28.300  -0.000000000  -0.000969564   0.000969564  -0.000000000
         28.350  -0.000000000  -0.000969341   0.000969341  -0.000000000
         28.400  -0.000000000  -0.000969119   0.000969119  -0.000000000
         28.450  -0.000000000  -0.000968896   0.000968896  -0.000000000
         28.500  -0.000000000  -0.000968674   0.000968674  -0.000000000
         28.550  -0.000000000  -0.000968451   0.000968451  -0.000000000
         28.600  -0.000000000  -0.000968229   0.000968229  -0.000000000
         28.650  -0.000000000  -0.000968007   0.000968007  -0.000000000
         28.700  -0.000000000  -0.000967784   0.000967784  -0.000000000
         28.750  -0.000000000  -0.000967562   0.000967562  -0.000000000
         28.800  -0.000000000  -0.000967340   0.000967340  -0.000000000
         28.850  -0.000000000  -0.000967118   0.000967118  -0.000000000
         28.900  -0.000000000  -0.000966896   0.000966896  -0.000000000
         28.950  -0.000000000  -0.000966674   0.000966674  -0.000000000
         29.000  -0.000000000  -0.000966452   0.000966452  -0.000000000
         29.050  -0.000000000  -0.000966230   0.000966230  -0.000000000
         29.100  -0.000000000  -0.000966008   0.000966008  -0.000000000
         29.150  -0.000000000  -0.000965786   0.000965786  -0.000000000
         29.200  -0.000000000  -0.000965564   0.000965564  -0.000000000
         29.250  -0.000000000  -0.000965343   0.000965343  -0.000000000
         29.300  -0.000000000  -0.000965121   0.000965121  -0.000000000
         29.350  -0.000000000  -0.000964899   0.000964899  -0.000000000
         29.400  -0.000000000  -0.000964678   0.000964678  -0.000000000
         29.450  -0.000000000  -0.000964456   0.000964456  -0.000000000
         29.500  -0.000000000  -0.000964235   0.000964235  -0.000000000
         29.550  -0.000000000  -0.000964013   0.000964013  -0.000000000
         29.600  -0.000000000  -0.000963792   0.000963792  -0.000000000
         29.650  -0.000000000  -0.000963571   0.000963571  -0.000000000
         29.700  -0.000000000  -0.000963349   0.000963349  -0.000000000
         29.750  -0.000000000  -0.000963128   0.000963128  -0.000000000
         29.800  -0.000000000  -0.000962907   0.000962907  -0.000000000
         29.850  -0.000000000  -0.000962686   0.000962686  -0.000000000
         29.900  -0.000000000  -0.000962465   0.000962465  -0.000000000
         29.950  -0.000000000  -0.000962244   0.000962244  -0.000000000
         30.000  -0.000000000  -0.000962023   0.000962023  -0.000000000
