          0.200   0.000000000  -0.183137504   0.183137504   0.000000000
          0.400   0.000000000  -0.299845495   0.299845495   0.000000000
          0.600   0.000000000  -0.335834736   0.335834736   0.000000000
          0.800  -0.000000000  -0.293945618   0.293945618  -0.000000000
          1.000  -0.000000000  -0.194828667   0.194828667  -0.000000000
          1.200   0.000000001  -0.071522557   0.071522557  -0.000000000
          1.400  -0.000000008   0.040000863  -0.040000863   0.000000007
          1.600  -0.000000012   0.110621909  -0.110621909   0.000000021
          1.800  -0.000000025   0.125300980  -0.125300972   0.000000076
          2.000  -0.000000011   0.086030012  -0.086029986   0.000000052
          2.200   0.000000013   0.009644205  -0.009644159   0.000000033
          2.400   0.000000012  -0.078012980   0.078013033   0.000000037
          2.600   0.000000006  -0.150178917   0.150178970   0.000000042
          2.800  -0.000000003  -0.186911611   0.186911659   0.000000049
          3.000  -0.000000013  -0.180132151   0.180132193   0.000000056
          3.200  -0.000000023  -0.134869241   0.134869279   0.000000062
          3.400  -0.000000030  -0.066674749   0.066674787   0.000000067
          3.600  -0.000000033   0.003718682  -0.003718639   0.000000069
          3.800  -0.000000033   0.056739499  -0.056739446   0.000000070
          4.000  -0.000000030   0.079431609  -0.079431544   0.000000070
          4.200  -0.000000026   0.068551901  -0.068551823   0.000000070
          4.400  -0.000000023   0.030639158  -0.030639071   0.000000070
          4.600  -0.000000023  -0.020699147   0.020699242   0.000000070
          4.800  -0.000000025  -0.069267914   0.069268010   0.000000072
          5.000  -0.000000029  -0.101106284   0.101106378   0.000000075
          5.200  -0.000000035  -0.108251955   0.108252045   0.000000079
          5.400  -0.000000042  -0.090472511   0.090472596   0.000000082
          5.600  -0.000000047  -0.054651020   0.054651102   0.000000084
          5.800  -0.000000050  -0.012206321   0.012206404   0.000000086
          6.000  -0.000000051   0.024547216  -0.024547130   0.000000086
          6.200  -0.000000050   0.045974238  -0.045974146   0.000000085
          6.400  -0.000000047   0.047618564  -0.047618464   0.000000084
          6.600  -0.000000045   0.031013815  -0.031013708   0.000000082
          6.800  -0.000000044   0.002722893  -0.002722782   0.000000082
          7.000  -0.000000044  -0.027965508   0.027965621   0.000000082
          7.200  -0.000000046  -0.051911653   0.051911765   0.000000082
          7.400  -0.000000050  -0.062704742   0.062704851   0.000000084
          7.600  -0.000000054  -0.058241819   0.058241924   0.000000085
          7.800  -0.000000058  -0.040945464   0.040945566   0.000000086
          8.000  -0.000000060  -0.016678069   0.016678169   0.000000087
          8.200  -0.000000061   0.007224679  -0.007224578   0.000000086
          8.400  -0.000000061   0.024165641  -0.024165537   0.000000085
          8.600  -0.000000060   0.030094125  -0.030094018   0.000000084
          8.800  -0.000000058   0.024432266  -0.024432155   0.000000082
          9.000  -0.000000057   0.009934412  -0.009934298   0.000000081
          9.200  -0.000000057  -0.008386833   0.008386949   0.000000080
          9.400  -0.000000058  -0.024881134   0.024881250   0.000000079
          9.600  -0.000000060  -0.034919593   0.034919706   0.000000079
          9.800  -0.000000062  -0.036118307   0.036118418   0.000000079
         10.000  -0.000000065  -0.028817339   0.028817447   0.000000079
         10.200  -0.000000067  -0.015744573   0.015744678   0.000000079
         10.400  -0.000000068  -0.001031466   0.001031571   0.000000079
         10.600  -0.000000068   0.011083046  -0.011082940   0.000000078
         10.800  -0.000000068   0.017465266  -0.017465159   0.000000076
         11.000  -0.000000067   0.016879240  -0.016879131   0.000000074
         11.200  -0.000000066   0.010171053  -0.010170942   0.000000073
         11.400  -0.000000065  -0.000153960   0.000154072   0.000000071
         11.600  -0.000000066  -0.010787763   0.010787875   0.000000070
         11.800  -0.000000067  -0.018628733   0.018628844   0.000000069
         12.000  -0.000000068  -0.021643564   0.021643673   0.000000069
         12.200  -0.000000070  -0.019350274   0.019350381   0.000000068
         12.400  -0.000000071  -0.012818534   0.012818638   0.000000068
         12.600  -0.000000072  -0.004229621   0.004229724   0.000000067
         12.800  -0.000000073   0.003840430  -0.003840328   0.000000066
         13.000  -0.000000073   0.009186723  -0.009186621   0.000000064
         13.200  -0.000000072   0.010568776  -0.010568673   0.000000063
         13.400  -0.000000072   0.007977975  -0.007977871   0.000000061
         13.600  -0.000000071   0.002531920  -0.002531816   0.000000059
         13.800  -0.000000071  -0.003941563   0.003941667   0.000000058
         14.000  -0.000000072  -0.009485439   0.009485542   0.000000056
         14.200  -0.000000073  -0.012580115   0.012580217   0.000000055
         14.400  -0.000000074  -0.012536164   0.012536264   0.000000055
         14.600  -0.000000075  -0.009616965   0.009617063   0.000000054
         14.800  -0.000000076  -0.004880167   0.004880263   0.000000053
         15.000  -0.000000076   0.000192327  -0.000192232   0.000000051
         15.200  -0.000000076   0.004152266  -0.004152172   0.000000050
         15.400  -0.000000076   0.005993174  -0.005993080   0.000000048
         15.600  -0.000000076   0.005397247  -0.005397152   0.000000047
         15.800  -0.000000076   0.002765105  -0.002765010   0.000000045
         16.000  -0.000000076  -0.000960950   0.000961044   0.000000043
         16.200  -0.000000076  -0.004611889   0.004611983   0.000000042
         16.400  -0.000000076  -0.007143586   0.007143678   0.000000041
         16.600  -0.000000077  -0.007922113   0.007922203   0.000000040
         16.800  -0.000000078  -0.006867564   0.006867653   0.000000038
         17.000  -0.000000079  -0.004428017   0.004428105   0.000000037
         17.200  -0.000000079  -0.001405946   0.001406032   0.000000036
         17.400  -0.000000079   0.001300695  -0.001300610   0.000000035
         17.600  -0.000000079   0.002961731  -0.002961646   0.000000033
         17.800  -0.000000079   0.003207284  -0.003207200   0.000000032
         18.000  -0.000000079   0.002101127  -0.002101043   0.000000030
         18.200  -0.000000079   0.000084519  -0.000084436   0.000000028
         18.400  -0.000000079  -0.002182152   0.002182235   0.000000027
         18.600  -0.000000080  -0.004026012   0.004026094   0.000000025
         18.800  -0.000000080  -0.004953726   0.004953806   0.000000024
         19.000  -0.000000081  -0.004775708   0.004775787   0.000000023
         19.200  -0.000000081  -0.003633222   0.003633300   0.000000021
         19.400  -0.000000082  -0.001929199   0.001929275   0.000000020
         19.600  -0.000000082  -0.000190880   0.000190955   0.000000019
         19.800  -0.000000082   0.001090752  -0.001090677   0.000000017
         20.000  -0.000000082   0.001597146  -0.001597072   0.000000016
         20.200  -0.000000082   0.001257456  -0.001257383   0.000000014
         20.400  -0.000000082   0.000246905  -0.000246833   0.000000012
         20.600  -0.000000082  -0.001084549   0.001084620   0.000000011
         20.800  -0.000000083  -0.002326860   0.002326931   0.000000009
         21.000  -0.000000083  -0.003131534   0.003131603   0.000000008
         21.200  -0.000000083  -0.003305104   0.003305172   0.000000007
         21.400  -0.000000084  -0.002850410   0.002850477   0.000000005
         21.600  -0.000000084  -0.001948532   0.001948598   0.000000004
         21.800  -0.000000084  -0.000891732   0.000891797   0.000000002
         22.000  -0.000000085   0.000009265  -0.000009202   0.000000001
         22.200  -0.000000085   0.000515090  -0.000515027  -0.000000001
         22.400  -0.000000085   0.000519395  -0.000519334  -0.000000002
         22.600  -0.000000085   0.000067367  -0.000067306  -0.000000004
         22.800  -0.000000085  -0.000670409   0.000670469  -0.000000005
         23.000  -0.000000085  -0.001457365   0.001457424  -0.000000007
         23.200  -0.000000086  -0.002063877   0.002063935  -0.000000008
         23.400  -0.000000086  -0.002331816   0.002331873  -0.000000010
         23.600  -0.000000086  -0.002213136   0.002213192  -0.000000011
         23.800  -0.000000087  -0.001773835   0.001773889  -0.000000013
         24.000  -0.000000087  -0.001165195   0.001165249  -0.000000014
         24.200  -0.000000087  -0.000573359   0.000573411  -0.000000016
         24.400  -0.000000087  -0.000163430   0.000163481  -0.000000017
         24.600  -0.000000088  -0.000034461   0.000034511  -0.000000019
         24.800  -0.000000088  -0.000197144   0.000197194  -0.000000020
         25.000  -0.000000088  -0.000578531   0.000578579  -0.000000022
         25.200  -0.000000088  -0.001050081   0.001050129  -0.000000023
         25.400  -0.000000088  -0.001469020   0.001469067  -0.000000025
         25.600  -0.000000088  -0.001720107   0.001720153  -0.000000026
         25.800  -0.000000089  -0.001745915   0.001745959  -0.000000028
         26.000  -0.000000089  -0.001558048   0.001558092  -0.000000029
         26.200  -0.000000089  -0.001227781   0.001227823  -0.000000031
         26.400  -0.000000090  -0.000860586   0.000860627  -0.000000032
         26.600  -0.000000090  -0.000563194   0.000563234  -0.000000034
         26.800  -0.000000090  -0.000413189   0.000413228  -0.000000035
         27.000  -0.000000090  -0.000439554   0.000439592  -0.000000037
         27.200  -0.000000090  -0.000618706   0.000618743  -0.000000038
         27.400  -0.000000091  -0.000885810   0.000885846  -0.000000040
         27.600  -0.000000091  -0.001156798   0.001156833  -0.000000041
         27.800  -0.000000091  -0.001353916   0.001353950  -0.000000043
         28.000  -0.000000091  -0.001427234   0.001427267  -0.000000044
         28.200  -0.000000091  -0.001366369   0.001366401  -0.000000046
         28.400  -0.000000092  -0.001199957   0.001199988  -0.000000047
         28.600  -0.000000092  -0.000984097   0.000984127  -0.000000049
         28.800  -0.000000092  -0.000784015   0.000784044  -0.000000050
         29.000  -0.000000092  -0.000654752   0.000654780  -0.000000052
         29.200  -0.000000093  -0.000626435   0.000626461  -0.000000053
         29.400  -0.000000093  -0.000697915   0.000697940  -0.000000055
         29.600  -0.000000093  -0.000839841   0.000839866  -0.000000056
         29.800  -0.000000093  -0.001005465   0.001005488  -0.000000058
         30.000  -0.000000093  -0.001145436   0.001145458  -0.000000059
         30.200  -0.000000094  -0.001222034   0.001222055  -0.000000061
         30.400  -0.000000094  -0.001218852   0.001218872  -0.000000062
         30.600  -0.000000094  -0.001143580   0.001143599  -0.000000064
         30.800  -0.000000094  -0.001023702   0.001023720  -0.000000065
         31.000  -0.000000095  -0.000896961   0.000896978  -0.000000067
         31.200  -0.000000095  -0.000799742   0.000799758  -0.000000068
         31.400  -0.000000095  -0.000756866   0.000756880  -0.000000070
         31.600  -0.000000095  -0.000775561   0.000775575  -0.000000071
         31.800  -0.000000095  -0.000844957   0.000844970  -0.000000073
         32.000  -0.000000096  -0.000940758   0.000940769  -0.000000074
         32.200  -0.000000096  -0.001033317   0.001033327  -0.000000076
         32.400  -0.000000096  -0.001096520   0.001096530  -0.000000077
         32.600  -0.000000096  -0.001114886   0.001114895  -0.000000079
         32.800  -0.000000097  -0.001087025   0.001087033  -0.000000080
         33.000  -0.000000097  -0.001024795   0.001024802  -0.000000082
         33.200  -0.000000097  -0.000948773   0.000948778  -0.000000083
         33.400  -0.000000097  -0.000881647   0.000881651  -0.000000085
         33.600  -0.000000097  -0.000841593   0.000841597  -0.000000086
         33.800  -0.000000098  -0.000837515   0.000837517  -0.000000088
         34.000  -0.000000098  -0.000867327   0.000867328  -0.000000089
         34.200  -0.000000098  -0.000919514   0.000919514  -0.000000091
         34.400  -0.000000098  -0.000977227   0.000977226  -0.000000092
         34.600  -0.000000099  -0.001023533   0.001023531  -0.000000094
         34.800  -0.000000099  -0.001046229   0.001046226  -0.000000095
         35.000  -0.000000099  -0.001040886   0.001040882  -0.000000097
         35.200  -0.000000099  -0.001011426   0.001011421  -0.000000098
         35.400  -0.000000099  -0.000968274   0.000968268  -0.000000100
         35.600  -0.000000100  -0.000924829   0.000924822  -0.000000101
         35.800  -0.000000100  -0.000893397   0.000893388  -0.000000103
         36.000  -0.000000100  -0.000881797   0.000881788  -0.000000104
         36.200  -0.000000100  -0.000891538   0.000891527  -0.000000106
         36.400  -0.000000101  -0.000917938   0.000917926  -0.000000107
         36.600  -0.000000101  -0.000952004   0.000951991  -0.000000109
         36.800  -0.000000101  -0.000983359   0.000983345  -0.000000110
         37.000  -0.000000101  -0.001003308   0.001003293  -0.000000112
         37.200  -0.000000101  -0.001007160   0.001007144  -0.000000113
         37.400  -0.000000102  -0.000995205   0.000995189  -0.000000115
         37.600  -0.000000102  -0.000972197   0.000972179  -0.000000116
         37.800  -0.000000102  -0.000945609   0.000945590  -0.000000118
         38.000  -0.000000102  -0.000923275   0.000923255  -0.000000119
         38.200  -0.000000103  -0.000911137   0.000911116  -0.000000121
         38.400  -0.000000103  -0.000911721   0.000911698  -0.000000122
         38.600  -0.000000103  -0.000923721   0.000923698  -0.000000124
         38.800  -0.000000103  -0.000942710   0.000942686  -0.000000125
         39.000  -0.000000103  -0.000962666   0.000962640  -0.000000127
         39.200  -0.000000104  -0.000977821   0.000977795  -0.000000128
         39.400  -0.000000104  -0.000984281   0.000984254  -0.000000130
         39.600  -0.000000104  -0.000980959   0.000980931  -0.000000131
         39.800  -0.000000104  -0.000969643   0.000969613  -0.000000133
         40.000  -0.000000104  -0.000954232   0.000954201  -0.000000134
         40.200  -0.000000105  -0.000939446   0.000939414  -0.000000136
         40.400  -0.000000105  -0.000929413   0.000929381  -0.000000137
         40.600  -0.000000105  -0.000926552   0.000926519  -0.000000139
         40.800  -0.000000105  -0.000931033   0.000930998  -0.000000141
         41.000  -0.000000106  -0.000940929   0.000940893  -0.000000142
         41.200  -0.000000106  -0.000952945   0.000952908  -0.000000144
         41.400  -0.000000106  -0.000963475   0.000963437  -0.000000145
         41.600  -0.000000106  -0.000969653   0.000969614  -0.000000147
         41.800  -0.000000106  -0.000970100   0.000970060  -0.000000148
         42.000  -0.000000107  -0.000965183   0.000965142  -0.000000150
         42.200  -0.000000107  -0.000956762   0.000956720  -0.000000151
         42.400  -0.000000107  -0.000947527   0.000947484  -0.000000153
         42.600  -0.000000107  -0.000940164   0.000940120  -0.000000154
         42.800  -0.000000108  -0.000936592   0.000936547  -0.000000156
         43.000  -0.000000108  -0.000937485   0.000937439  -0.000000157
         43.200  -0.000000108  -0.000942192   0.000942144  -0.000000159
         43.400  -0.000000108  -0.000949036   0.000948987  -0.000000160
         43.600  -0.000000108  -0.000955883   0.000955833  -0.000000162
         43.800  -0.000000109  -0.000960783   0.000960733  -0.000000163
         44.000  -0.000000109  -0.000962514   0.000962462  -0.000000165
         44.200  -0.000000109  -0.000960857   0.000960804  -0.000000166
         44.400  -0.000000109  -0.000956577   0.000956523  -0.000000168
         44.600  -0.000000110  -0.000951114   0.000951059  -0.000000169
         44.800  -0.000000110  -0.000946119   0.000946063  -0.000000171
         45.000  -0.000000110  -0.000942966   0.000942909  -0.000000172
         45.200  -0.000000110  -0.000942383   0.000942325  -0.000000174
         45.400  -0.000000110  -0.000944308   0.000944248  -0.000000175
         45.600  -0.000000111  -0.000947970   0.000947910  -0.000000177
         45.800  -0.000000111  -0.000952175   0.000952114  -0.000000178
         46.000  -0.000000111  -0.000955680   0.000955617  -0.000000180
         46.200  -0.000000111  -0.000957548   0.000957484  -0.000000181
         46.400  -0.000000111  -0.000957390   0.000957326  -0.000000183
         46.600  -0.000000112  -0.000955428   0.000955363  -0.000000184
         46.800  -0.000000112  -0.000952374   0.000952307  -0.000000186
         47.000  -0.000000112  -0.000949189   0.000949121  -0.000000187
         47.200  -0.000000112  -0.000946786   0.000946717  -0.000000189
         47.400  -0.000000113  -0.000945776   0.000945707  -0.000000190
         47.600  -0.000000113  -0.000946323   0.000946252  -0.000000192
         47.800  -0.000000113  -0.000948132   0.000948060  -0.000000193
         48.000  -0.000000113  -0.000950577   0.000950504  -0.000000195
         48.200  -0.000000113  -0.000952907   0.000952833  -0.000000196
         48.400  -0.000000114  -0.000954470   0.000954395  -0.000000198
         48.600  -0.000000114  -0.000954887   0.000954811  -0.000000199
         48.800  -0.000000114  -0.000954140   0.000954063  -0.000000201
         49.000  -0.000000114  -0.000952542   0.000952464  -0.000000202
         49.200  -0.000000115  -0.000950619   0.000950540  -0.000000204
         49.400  -0.000000115  -0.000948945   0.000948865  -0.000000205
         49.600  -0.000000115  -0.000947972   0.000947891  -0.000000207
         49.800  -0.000000115  -0.000947913   0.000947831  -0.000000208
         50.000  -0.000000115  -0.000948704   0.000948620  -0.000000210
         50.200  -0.000000116  -0.000950044   0.000949960  -0.000000211
         50.400  -0.000000116  -0.000951504   0.000951419  -0.000000213
         50.600  -0.000000116  -0.000952659   0.000952572  -0.000000214
         50.800  -0.000000116  -0.000953205   0.000953118  -0.000000216
         51.000  -0.000000117  -0.000953042   0.000952953  -0.000000217
         51.200  -0.000000117  -0.000952276   0.000952186  -0.000000219
         51.400  -0.000000117  -0.000951178   0.000951087  -0.000000220
         51.600  -0.000000117  -0.000950086   0.000949995  -0.000000222
         51.800  -0.000000117  -0.000949311   0.000949218  -0.000000223
         52.000  -0.000000118  -0.000949042   0.000948949  -0.000000225
         52.200  -0.000000118  -0.000949312   0.000949217  -0.000000226
         52.400  -0.000000118  -0.000949996   0.000949900  -0.000000228
         52.600  -0.000000118  -0.000950862   0.000950765  -0.000000229
         52.800  -0.000000119  -0.000951648   0.000951550  -0.000000231
         53.000  -0.000000119  -0.000952138   0.000952039  -0.000000232
         53.200  -0.000000119  -0.000952217   0.000952117  -0.000000234
         53.400  -0.000000119  -0.000951900   0.000951798  -0.000000235
         53.600  -0.000000119  -0.000951309   0.000951207  -0.000000237
         53.800  -0.000000120  -0.000950637   0.000950533  -0.000000238
         54.000  -0.000000120  -0.000950080   0.000949976  -0.000000240
         54.200  -0.000000120  -0.000949786   0.000949681  -0.000000241
         54.400  -0.000000120  -0.000949815   0.000949709  -0.000000243
         54.600  -0.000000120  -0.000950130   0.000950022  -0.000000244
         54.800  -0.000000121  -0.000950615   0.000950506  -0.000000246
         55.000  -0.000000121  -0.000951118   0.000951008  -0.000000247
         55.200  -0.000000121  -0.000951493   0.000951383  -0.000000249
         55.400  -0.000000121  -0.000951646   0.000951534  -0.000000251
         55.600  -0.000000122  -0.000951551   0.000951438  -0.000000252
         55.800  -0.000000122  -0.000951257   0.000951143  -0.000000254
         56.000  -0.000000122  -0.000950865   0.000950750  -0.000000255
         56.200  -0.000000122  -0.000950493   0.000950377  -0.000000257
         56.400  -0.000000122  -0.000950246   0.000950129  -0.000000258
         56.600  -0.000000123  -0.000950181   0.000950063  -0.000000260
         56.800  -0.000000123  -0.000950302   0.000950182  -0.000000261
         57.000  -0.000000123  -0.000950556   0.000950436  -0.000000263
         57.200  -0.000000123  -0.000950860   0.000950739  -0.000000264
         57.400  -0.000000124  -0.000951122   0.000951000  -0.000000266
         57.600  -0.000000124  -0.000951272   0.000951149  -0.000000267
         57.800  -0.000000124  -0.000951276   0.000951152  -0.000000269
         58.000  -0.000000124  -0.000951146   0.000951021  -0.000000270
         58.200  -0.000000124  -0.000950930   0.000950803  -0.000000272
         58.400  -0.000000125  -0.000950696   0.000950568  -0.000000273
         58.600  -0.000000125  -0.000950512   0.000950383  -0.000000275
         58.800  -0.000000125  -0.000950426   0.000950296  -0.000000276
         59.000  -0.000000125  -0.000950452   0.000950321  -0.000000278
         59.200  -0.000000126  -0.000950574   0.000950442  -0.000000279
         59.400  -0.000000126  -0.000950748   0.000950615  -0.000000281
         59.600  -0.000000126  -0.000950919   0.000950785  -0.000000282
         59.800  -0.000000126  -0.000951039   0.000950904  -0.000000284
         60.000  -0.000000126  -0.000951078   0.000950942  -0.000000285
         60.200  -0.000000127  -0.000951032   0.000950895  -0.000000287
         60.400  -0.000000127  -0.000950920   0.000950782  -0.000000288
         60.600  -0.000000127  -0.000950781   0.000950641  -0.000000290
         60.800  -0.000000127  -0.000950655   0.000950514  -0.000000291
         61.000  -0.000000127  -0.000950576   0.000950435  -0.000000293
         61.200  -0.000000128  -0.000950564   0.000950421  -0.000000294
         61.400  -0.000000128  -0.000950614   0.000950470  -0.000000296
         61.600  -0.000000128  -0.000950707   0.000950562  -0.000000297
         61.800  -0.000000128  -0.000950812   0.000950667  -0.000000299
         62.000  -0.000000129  -0.000950899   0.000950752  -0.000000300
         62.200  -0.000000129  -0.000950943   0.000950795  -0.000000302
         62.400  -0.000000129  -0.000950936   0.000950787  -0.000000303
         62.600  -0.000000129  -0.000950883   0.000950733  -0.000000305
         62.800  -0.000000129  -0.000950804   0.000950653  -0.000000306
         63.000  -0.000000130  -0.000950723   0.000950571  -0.000000308
         63.200  -0.000000130  -0.000950662   0.000950509  -0.000000309
         63.400  -0.000000130  -0.000950637   0.000950483  -0.000000311
         63.600  -0.000000130  -0.000950652   0.000950497  -0.000000312
         63.800  -0.000000131  -0.000950698   0.000950541  -0.000000314
         64.000  -0.000000131  -0.000950759   0.000950601  -0.000000315
         64.200  -0.000000131  -0.000950816   0.000950658  -0.000000317
         64.400  -0.000000131  -0.000950854   0.000950694  -0.000000318
         64.600  -0.000000131  -0.000950862   0.000950701  -0.000000320
         64.800  -0.000000132  -0.000950841   0.000950679  -0.000000321
         65.000  -0.000000132  -0.000950798   0.000950636  -0.000000323
         65.200  -0.000000132  -0.000950749   0.000950585  -0.000000324
         65.400  -0.000000132  -0.000950706   0.000950541  -0.000000326
         65.600  -0.000000133  -0.000950681   0.000950515  -0.000000327
         65.800  -0.000000133  -0.000950679   0.000950513  -0.000000329
         66.000  -0.000000133  -0.000950699   0.000950531  -0.000000330
         66.200  -0.000000133  -0.000950732   0.000950563  -0.000000332
         66.400  -0.000000133  -0.000950768   0.000950598  -0.000000333
         66.600  -0.000000134  -0.000950796   0.000950625  -0.000000335
         66.800  -0.000000134  -0.000950808   0.000950635  -0.000000336
         67.000  -0.000000134  -0.000950802   0.000950628  -0.000000338
         67.200  -0.000000134  -0.000950781   0.000950606  -0.000000339
         67.400  -0.000000134  -0.000950751   0.000950576  -0.000000341
         67.600  -0.000000135  -0.000950723   0.000950547  -0.000000342
         67.800  -0.000000135  -0.000950703   0.000950525  -0.000000344
         68.000  -0.000000135  -0.000950695   0.000950517  -0.000000345
         68.200  -0.000000135  -0.000950702   0.000950522  -0.000000347
         68.400  -0.000000136  -0.000950718   0.000950538  -0.000000348
         68.600  -0.000000136  -0.000950739   0.000950557  -0.000000350
         68.800  -0.000000136  -0.000950758   0.000950575  -0.000000351
         69.000  -0.000000136  -0.000950768   0.000950585  -0.000000353
         69.200  -0.000000136  -0.000950769   0.000950584  -0.000000354
         69.400  -0.000000137  -0.000950759   0.000950574  -0.000000356
         69.600  -0.000000137  -0.000950743   0.000950556  -0.000000357
         69.800  -0.000000137  -0.000950725   0.000950537  -0.000000359
         70.000  -0.000000137  -0.000950710   0.000950521  -0.000000360
         70.200  -0.000000138  -0.000950702   0.000950512  -0.000000362
         70.400  -0.000000138  -0.000950702   0.000950511  -0.000000363
         70.600  -0.000000138  -0.000950709   0.000950517  -0.000000365
         70.800  -0.000000138  -0.000950720   0.000950527  -0.000000367
         71.000  -0.000000138  -0.000950732   0.000950537  -0.000000368
         71.200  -0.000000139  -0.000950740   0.000950545  -0.000000370
         71.400  -0.000000139  -0.000950742   0.000950546  -0.000000371
         71.600  -0.000000139  -0.000950738   0.000950541  -0.000000373
         71.800  -0.000000139  -0.000950730   0.000950531  -0.000000374
         72.000  -0.000000140  -0.000950719   0.000950519  -0.000000376
         72.200  -0.000000140  -0.000950708   0.000950508  -0.000000377
         72.400  -0.000000140  -0.000950701   0.000950499  -0.000000379
         72.600  -0.000000140  -0.000950698   0.000950496  -0.000000380
         72.800  -0.000000140  -0.000950701   0.000950497  -0.000000382
         73.000  -0.000000141  -0.000950706   0.000950501  -0.000000383
         73.200  -0.000000141  -0.000950713   0.000950507  -0.000000385
         73.400  -0.000000141  -0.000950718   0.000950511  -0.000000386
         73.600  -0.000000141  -0.000950720   0.000950513  -0.000000388
         73.800  -0.000000141  -0.000950719   0.000950510  -0.000000389
         74.000  -0.000000142  -0.000950715   0.000950505  -0.000000391
         74.200  -0.000000142  -0.000950708   0.000950497  -0.000000392
         74.400  -0.000000142  -0.000950701   0.000950489  -0.000000394
         74.600  -0.000000142  -0.000950695   0.000950482  -0.000000395
         74.800  -0.000000143  -0.000950692   0.000950478  -0.000000397
         75.000  -0.000000143  -0.000950692   0.000950476  -0.000000398
         75.200  -0.000000143  -0.000950694   0.000950477  -0.000000400
         75.400  -0.000000143  -0.000950697   0.000950480  -0.000000401
         75.600  -0.000000143  -0.000950700   0.000950482  -0.000000403
         75.800  -0.000000144  -0.000950702   0.000950483  -0.000000404
         76.000  -0.000000144  -0.000950702   0.000950481  -0.000000406
         76.200  -0.000000144  -0.000950700   0.000950478  -0.000000407
         76.400  -0.000000144  -0.000950695   0.000950473  -0.000000409
         76.600  -0.000000145  -0.000950691   0.000950467  -0.000000410
         76.800  -0.000000145  -0.000950687   0.000950462  -0.000000412
         77.000  -0.000000145  -0.000950683   0.000950458  -0.000000413
         77.200  -0.000000145  -0.000950682   0.000950455  -0.000000415
         77.400  -0.000000145  -0.000950682   0.000950454  -0.000000416
         77.600  -0.000000146  -0.000950684   0.000950455  -0.000000418
         77.800  -0.000000146  -0.000950685   0.000950455  -0.000000419
         78.000  -0.000000146  -0.000950686   0.000950455  -0.000000421
         78.200  -0.000000146  -0.000950686   0.000950454  -0.000000422
         78.400  -0.000000147  -0.000950685   0.000950451  -0.000000424
         78.600  -0.000000147  -0.000950682   0.000950448  -0.000000425
         78.800  -0.000000147  -0.000950679   0.000950444  -0.000000427
         79.000  -0.000000147  -0.000950676   0.000950439  -0.000000428
         79.200  -0.000000147  -0.000950673   0.000950436  -0.000000430
         79.400  -0.000000148  -0.000950672   0.000950433  -0.000000431
         79.600  -0.000000148  -0.000950671   0.000950431  -0.000000433
         79.800  -0.000000148  -0.000950671   0.000950430  -0.000000434
         80.000  -0.000000148  -0.000950671   0.000950430  -0.000000436
         80.200  -0.000000149  -0.000950672   0.000950429  -0.000000437
         80.400  -0.000000149  -0.000950671   0.000950428  -0.000000439
         80.600  -0.000000149  -0.000950670   0.000950426  -0.000000440
         80.800  -0.000000149  -0.000950669   0.000950423  -0.000000442
         81.000  -0.000000149  -0.000950666   0.000950420  -0.000000443
         81.200  -0.000000150  -0.000950664   0.000950416  -0.000000445
         81.400  -0.000000150  -0.000950662   0.000950413  -0.000000446
         81.600  -0.000000150  -0.000950660   0.000950410  -0.000000448
         81.800  -0.000000150  -0.000950659   0.000950408  -0.000000449
         82.000  -0.000000150  -0.000950658   0.000950406  -0.000000451
         82.200  -0.000000151  -0.000950658   0.000950405  -0.000000452
         82.400  -0.000000151  -0.000950658   0.000950404  -0.000000454
         82.600  -0.000000151  -0.000950657   0.000950402  -0.000000455
         82.800  -0.000000151  -0.000950657   0.000950400  -0.000000457
         83.000  -0.000000152  -0.000950655   0.000950398  -0.000000458
         83.200  -0.000000152  -0.000950654   0.000950395  -0.000000460
         83.400  -0.000000152  -0.000950652   0.000950392  -0.000000461
         83.600  -0.000000152  -0.000950650   0.000950389  -0.000000463
         83.800  -0.000000152  -0.000950648   0.000950387  -0.000000464
         84.000  -0.000000153  -0.000950647   0.000950384  -0.000000466
         84.200  -0.000000153  -0.000950646   0.000950382  -0.000000467
         84.400  -0.000000153  -0.000950645   0.000950380  -0.000000469
         84.600  -0.000000153  -0.000950645   0.000950379  -0.000000470
         84.800  -0.000000154  -0.000950644   0.000950377  -0.000000472
         85.000  -0.000000154  -0.000950643   0.000950375  -0.000000473
         85.200  -0.000000154  -0.000950642   0.000950373  -0.000000475
         85.400  -0.000000154  -0.000950641   0.000950370  -0.000000476
         85.600  -0.000000154  -0.000950639   0.000950368  -0.000000478
         85.800  -0.000000155  -0.000950638   0.000950365  -0.000000479
         86.000  -0.000000155  -0.000950636   0.000950363  -0.000000481
         86.200  -0.000000155  -0.000950635   0.000950360  -0.000000482
         86.400  -0.000000155  -0.000950634   0.000950358  -0.000000484
         86.600  -0.000000156  -0.000950633   0.000950356  -0.000000485
         86.800  -0.000000156  -0.000950632   0.000950354  -0.000000487
         87.000  -0.000000156  -0.000950631   0.000950352  -0.000000488
         87.200  -0.000000156  -0.000950630   0.000950350  -0.000000490
         87.400  -0.000000156  -0.000950629   0.000950348  -0.000000492
         87.600  -0.000000157  -0.000950628   0.000950346  -0.000000493
         87.800  -0.000000157  -0.000950626   0.000950343  -0.000000495
         88.000  -0.000000157  -0.000950625   0.000950341  -0.000000496
         88.200  -0.000000157  -0.000950624   0.000950339  -0.000000498
         88.400  -0.000000157  -0.000950622   0.000950336  -0.000000499
         88.600  -0.000000158  -0.000950621   0.000950334  -0.000000501
         88.800  -0.000000158  -0.000950620   0.000950332  -0.000000502
         89.000  -0.000000158  -0.000950619   0.000950330  -0.000000504
         89.200  -0.000000158  -0.000950618   0.000950328  -0.000000505
         89.400  -0.000000159  -0.000950617   0.000950326  -0.000000507
         89.600  -0.000000159  -0.000950616   0.000950324  -0.000000508
         89.800  -0.000000159  -0.000950615   0.000950321  -0.000000510
         90.000  -0.000000159  -0.000950614   0.000950319  -0.000000511
         90.200  -0.000000159  -0.000950612   0.000950317  -0.000000513
         90.400  -0.000000160  -0.000950611   0.000950314  -0.000000514
         90.600  -0.000000160  -0.000950610   0.000950312  -0.000000516
         90.800  -0.000000160  -0.000950608   0.000950310  -0.000000517
         91.000  -0.000000160  -0.000950607   0.000950308  -0.000000519
         91.200  -0.000000161  -0.000950606   0.000950305  -0.000000520
         91.400  -0.000000161  -0.000950605   0.000950303  -0.000000522
         91.600  -0.000000161  -0.000950604   0.000950301  -0.000000523
         91.800  -0.000000161  -0.000950603   0.000950299  -0.000000525
         92.000  -0.000000161  -0.000950602   0.000950297  -0.000000526
         92.200  -0.000000162  -0.000950601   0.000950295  -0.000000528
         92.400  -0.000000162  -0.000950599   0.000950292  -0.000000529
         92.600  -0.000000162  -0.000950598   0.000950290  -0.000000531
         92.800  -0.000000162  -0.000950597   0.000950288  -0.000000532
         93.000  -0.000000163  -0.000950596   0.000950285  -0.000000534
         93.200  -0.000000163  -0.000950595   0.000950283  -0.000000535
         93.400  -0.000000163  -0.000950593   0.000950281  -0.000000537
         93.600  -0.000000163  -0.000950592   0.000950279  -0.000000538
         93.800  -0.000000163  -0.000950591   0.000950277  -0.000000540
         94.000  -0.000000164  -0.000950590   0.000950275  -0.000000541
         94.200  -0.000000164  -0.000950589   0.000950272  -0.000000543
         94.400  -0.000000164  -0.000950588   0.000950270  -0.000000544
         94.600  -0.000000164  -0.000950587   0.000950268  -0.000000546
         94.800  -0.000000164  -0.000950585   0.000950266  -0.000000547
         95.000  -0.000000165  -0.000950584   0.000950263  -0.000000549
         95.200  -0.000000165  -0.000950583   0.000950261  -0.000000550
         95.400  -0.000000165  -0.000950582   0.000950259  -0.000000552
         95.600  -0.000000165  -0.000950581   0.000950257  -0.000000553
         95.800  -0.000000166  -0.000950580   0.000950255  -0.000000555
         96.000  -0.000000166  -0.000950578   0.000950252  -0.000000556
         96.200  -0.000000166  -0.000950577   0.000950250  -0.000000558
         96.400  -0.000000166  -0.000950576   0.000950248  -0.000000559
         96.600  -0.000000166  -0.000950575   0.000950246  -0.000000561
         96.800  -0.000000167  -0.000950574   0.000950244  -0.000000562
         97.000  -0.000000167  -0.000950573   0.000950241  -0.000000564
         97.200  -0.000000167  -0.000950572   0.000950239  -0.000000565
         97.400  -0.000000167  -0.000950570   0.000950237  -0.000000567
         97.600  -0.000000168  -0.000950569   0.000950235  -0.000000568
         97.800  -0.000000168  -0.000950568   0.000950232  -0.000000570
         98.000  -0.000000168  -0.000950567   0.000950230  -0.000000571
         98.200  -0.000000168  -0.000950566   0.000950228  -0.000000573
         98.400  -0.000000168  -0.000950565   0.000950226  -0.000000574
         98.600  -0.000000169  -0.000950563   0.000950224  -0.000000576
         98.800  -0.000000169  -0.000950562   0.000950221  -0.000000577
         99.000  -0.000000169  -0.000950561   0.000950219  -0.000000579
         99.200  -0.000000169  -0.000950560   0.000950217  -0.000000580
         99.400  -0.000000170  -0.000950559   0.000950215  -0.000000582
         99.600  -0.000000170  -0.000950558   0.000950212  -0.000000583
         99.800  -0.000000170  -0.000950556   0.000950210  -0.000000585
        100.000  -0.000000170  -0.000950555   0.000950208  -0.000000586
        100.200  -0.000000170  -0.000950554   0.000950206  -0.000000588
        100.400  -0.000000171  -0.000950553   0.000950204  -0.000000589
        100.600  -0.000000171  -0.000950552   0.000950201  -0.000000591
        100.800  -0.000000171  -0.000950551   0.000950199  -0.000000592
        101.000  -0.000000171  -0.000950549   0.000950197  -0.000000594
        101.200  -0.000000171  -0.000950548   0.000950195  -0.000000595
        101.400  -0.000000172  -0.000950547   0.000950193  -0.000000597
        101.600  -0.000000172  -0.000950546   0.000950190  -0.000000598
        101.800  -0.000000172  -0.000950545   0.000950188  -0.000000600
        102.000  -0.000000172  -0.000950544   0.000950186  -0.000000601
        102.200  -0.000000173  -0.000950542   0.000950184  -0.000000603
        102.400  -0.000000173  -0.000950541   0.000950181  -0.000000604
        102.600  -0.000000173  -0.000950540   0.000950179  -0.000000606
        102.800  -0.000000173  -0.000950539   0.000950177  -0.000000607
        103.000  -0.000000173  -0.000950538   0.000950175  -0.000000609
        103.200  -0.000000174  -0.000950537   0.000950173  -0.000000610
        103.400  -0.000000174  -0.000950536   0.000950170  -0.000000612
        103.600  -0.000000174  -0.000950534   0.000950168  -0.000000613
        103.800  -0.000000174  -0.000950533   0.000950166  -0.000000615
        104.000  -0.000000175  -0.000950532   0.000950164  -0.000000616
        104.200  -0.000000175  -0.000950531   0.000950161  -0.000000618
        104.400  -0.000000175  -0.000950530   0.000950159  -0.000000619
        104.600  -0.000000175  -0.000950529   0.000950157  -0.000000621
        104.800  -0.000000175  -0.000950527   0.000950155  -0.000000622
        105.000  -0.000000176  -0.000950526   0.000950153  -0.000000624
        105.200  -0.000000176  -0.000950525   0.000950150  -0.000000626
        105.400  -0.000000176  -0.000950524   0.000950148  -0.000000627
        105.600  -0.000000176  -0.000950523   0.000950146  -0.000000629
        105.800  -0.000000177  -0.000950522   0.000950144  -0.000000630
        106.000  -0.000000177  -0.000950520   0.000950142  -0.000000632
        106.200  -0.000000177  -0.000950519   0.000950139  -0.000000633
        106.400  -0.000000177  -0.000950518   0.000950137  -0.000000635
        106.600  -0.000000177  -0.000950517   0.000950135  -0.000000636
        106.800  -0.000000178  -0.000950516   0.000950133  -0.000000638
        107.000  -0.000000178  -0.000950515   0.000950130  -0.000000639
        107.200  -0.000000178  -0.000950513   0.000950128  -0.000000641
        107.400  -0.000000178  -0.000950512   0.000950126  -0.000000642
        107.600  -0.000000178  -0.000950511   0.000950124  -0.000000644
        107.800  -0.000000179  -0.000950510   0.000950122  -0.000000645
        108.000  -0.000000179  -0.000950509   0.000950119  -0.000000647
        108.200  -0.000000179  -0.000950508   0.000950117  -0.000000648
        108.400  -0.000000179  -0.000950507   0.000950115  -0.000000650
        108.600  -0.000000180  -0.000950505   0.000950113  -0.000000651
        108.800  -0.000000180  -0.000950504   0.000950111  -0.000000653
        109.000  -0.000000180  -0.000950503   0.000950108  -0.000000654
        109.200  -0.000000180  -0.000950502   0.000950106  -0.000000656
        109.400  -0.000000180  -0.000950501   0.000950104  -0.000000657
        109.600  -0.000000181  -0.000950500   0.000950102  -0.000000659
        109.800  -0.000000181  -0.000950498   0.000950099  -0.000000660
        110.000  -0.000000181  -0.000950497   0.000950097  -0.000000662
        110.200  -0.000000181  -0.000950496   0.000950095  -0.000000663
        110.400  -0.000000182  -0.000950495   0.000950093  -0.000000665
        110.600  -0.000000182  -0.000950494   0.000950091  -0.000000666
        110.800  -0.000000182  -0.000950493   0.000950088  -0.000000668
        111.000  -0.000000182  -0.000950491   0.000950086  -0.000000669
        111.200  -0.000000182  -0.000950490   0.000950084  -0.000000671
        111.400  -0.000000183  -0.000950489   0.000950082  -0.000000672
        111.600  -0.000000183  -0.000950488   0.000950079  -0.000000674
        111.800  -0.000000183  -0.000950487   0.000950077  -0.000000675
        112.000  -0.000000183  -0.000950486   0.000950075  -0.000000677
        112.200  -0.000000184  -0.000950484   0.000950073  -0.000000678
        112.400  -0.000000184  -0.000950483   0.000950071  -0.000000680
        112.600  -0.000000184  -0.000950482   0.000950068  -0.000000681
        112.800  -0.000000184  -0.000950481   0.000950066  -0.000000683
        113.000  -0.000000184  -0.000950480   0.000950064  -0.000000684
        113.200  -0.000000185  -0.000950479   0.000950062  -0.000000686
        113.400  -0.000000185  -0.000950477   0.000950060  -0.000000687
        113.600  -0.000000185  -0.000950476   0.000950057  -0.000000689
        113.800  -0.000000185  -0.000950475   0.000950055  -0.000000690
        114.000  -0.000000185  -0.000950474   0.000950053  -0.000000692
        114.200  -0.000000186  -0.000950473   0.000950051  -0.000000693
        114.400  -0.000000186  -0.000950472   0.000950048  -0.000000695
        114.600  -0.000000186  -0.000950471   0.000950046  -0.000000696
        114.800  -0.000000186  -0.000950469   0.000950044  -0.000000698
        115.000  -0.000000187  -0.000950468   0.000950042  -0.000000699
        115.200  -0.000000187  -0.000950467   0.000950040  -0.000000701
        115.400  -0.000000187  -0.000950466   0.000950037  -0.000000702
        115.600  -0.000000187  -0.000950465   0.000950035  -0.000000704
        115.800  -0.000000187  -0.000950464   0.000950033  -0.000000705
        116.000  -0.000000188  -0.000950462   0.000950031  -0.000000707
        116.200  -0.000000188  -0.000950461   0.000950029  -0.000000708
        116.400  -0.000000188  -0.000950460   0.000950026  -0.000000710
        116.600  -0.000000188  -0.000950459   0.000950024  -0.000000711
        116.800  -0.000000189  -0.000950458   0.000950022  -0.000000713
        117.000  -0.000000189  -0.000950457   0.000950020  -0.000000714
        117.200  -0.000000189  -0.000950455   0.000950017  -0.000000716
        117.400  -0.000000189  -0.000950454   0.000950015  -0.000000717
        117.600  -0.000000189  -0.000950453   0.000950013  -0.000000719
        117.800  -0.000000190  -0.000950452   0.000950011  -0.000000720
        118.000  -0.000000190  -0.000950451   0.000950009  -0.000000722
        118.200  -0.000000190  -0.000950450   0.000950006  -0.000000723
        118.400  -0.000000190  -0.000950448   0.000950004  -0.000000725
        118.600  -0.000000191  -0.000950447   0.000950002  -0.000000726
        118.800  -0.000000191  -0.000950446   0.000950000  -0.000000728
        119.000  -0.000000191  -0.000950445   0.000949998  -0.000000729
        119.200  -0.000000191  -0.000950444   0.000949995  -0.000000731
        119.400  -0.000000191  -0.000950443   0.000949993  -0.000000732
        119.600  -0.000000192  -0.000950442   0.000949991  -0.000000734
        119.800  -0.000000192  -0.000950440   0.000949989  -0.000000735
        120.000  -0.000000192  -0.000950439   0.000949986  -0.000000737
