          0.250   0.938791281   0.106495994   0.106495994   0.061208719
          0.500   0.836762741   0.220876336   0.220876336   0.163237259
          0.750   0.770909791   0.232409693   0.232409693   0.229090209
          1.000   0.742953703   0.218808418   0.218808418   0.257046297
          1.250   0.739158553   0.217478522   0.217478522   0.260841447
          1.500   0.745141686   0.225779953   0.225779953   0.254858314
          1.750   0.748252647   0.234718617   0.234718617   0.251747353
          2.000   0.742050498   0.240398572   0.240398572   0.257949502
          2.250   0.727211614   0.243471349   0.243471349   0.272788386
          2.500   0.708469156   0.245503496   0.245503496   0.291530844
          2.750   0.690763829   0.247228802   0.247228802   0.309236171
          3.000   0.676884877   0.247987566   0.247987566   0.323115123
          3.250   0.667367019   0.247602806   0.247602806   0.332632981
          3.500   0.661435210   0.246472092   0.246472092   0.338564790
          3.750   0.657538337   0.245169341   0.245169341   0.342461663
          4.000   0.654140194   0.244057834   0.244057834   0.345859806
          4.250   0.650281077   0.243232171   0.243232171   0.349718923
          4.500   0.645710389   0.242631797   0.242631797   0.354289611
          4.750   0.640717423   0.242131235   0.242131235   0.359282577
          5.000   0.635824988   0.241608549   0.241608549   0.364175012
          5.250   0.631494648   0.240999191   0.240999191   0.368505352
          5.500   0.627951051   0.240311005   0.240311005   0.372048949
          5.750   0.625158395   0.239601037   0.239601037   0.374841605
          6.000   0.622911296   0.238932723   0.238932723   0.377088704
          6.250   0.620965187   0.238344279   0.238344279   0.379034813
          6.500   0.619135859   0.237843891   0.237843891   0.380864141
          6.750   0.617340751   0.237418867   0.237418867   0.382659249
          7.000   0.615587027   0.237047595   0.237047595   0.384412973
          7.250   0.613929701   0.236709621   0.236709621   0.386070299
          7.500   0.612426757   0.236391716   0.236391716   0.387573243
          7.750   0.611109784   0.236089362   0.236089362   0.388890216
          8.000   0.609975854   0.235804613   0.235804613   0.390024146
          8.250   0.608996108   0.235542199   0.235542199   0.391003892
          8.500   0.608131734   0.235305930   0.235305930   0.391868266
          8.750   0.607348570   0.235096700   0.235096700   0.392651430
          9.000   0.606625168   0.234912374   0.234912374   0.393374832
          9.250   0.605953478   0.234748964   0.234748964   0.394046522
          9.500   0.605334410   0.234602179   0.234602179   0.394665590
          9.750   0.604771781   0.234468602   0.234468602   0.395228219
         10.000   0.604267503   0.234346163   0.234346163   0.395732497
         10.250   0.603819431   0.234233971   0.234233971   0.396180569
         10.500   0.603421731   0.234131791   0.234131791   0.396578269
         10.750   0.603066744   0.234039487   0.234039487   0.396933256
         11.000   0.602747057   0.233956668   0.233956668   0.397252943
         11.250   0.602456912   0.233882589   0.233882589   0.397543088
         11.500   0.602192603   0.233816256   0.233816256   0.397807397
         11.750   0.601952071   0.233756624   0.233756624   0.398047929
         12.000   0.601734104   0.233702762   0.233702762   0.398265896
         12.250   0.601537600   0.233653951   0.233653951   0.398462400
         12.500   0.601361127   0.233609677   0.233609677   0.398638873
         12.750   0.601202852   0.233569574   0.233569574   0.398797148
         13.000   0.601060720   0.233533347   0.233533347   0.398939280
         13.250   0.600932723   0.233500706   0.233500706   0.399067277
         13.500   0.600817115   0.233471344   0.233471344   0.399182885
         13.750   0.600712505   0.233444933   0.233444933   0.399287495
         14.000   0.600617823   0.233421151   0.233421151   0.399382177
         14.250   0.600532223   0.233399701   0.233399701   0.399467777
         14.500   0.600454972   0.233380329   0.233380329   0.399545028
         14.750   0.600385364   0.233362820   0.233362820   0.399614636
         15.000   0.600322693   0.233347001   0.233347001   0.399677307
         15.250   0.600266261   0.233332718   0.233332718   0.399733739
         15.500   0.600215403   0.233319835   0.233319835   0.399784597
         15.750   0.600169521   0.233308223   0.233308223   0.399830479
         16.000   0.600128094   0.233297760   0.233297760   0.399871906
         16.250   0.600090679   0.233288328   0.233288328   0.399909321
         16.500   0.600056896   0.233279822   0.233279822   0.399943104
         16.750   0.600026408   0.233272147   0.233272147   0.399973592
         17.000   0.599998912   0.233265220   0.233265220   0.400001088
         17.250   0.599974123   0.233258966   0.233258966   0.400025877
         17.500   0.599951776   0.233253323   0.233253323   0.400048224
         17.750   0.599931626   0.233248232   0.233248232   0.400068374
         18.000   0.599913451   0.233243640   0.233243640   0.400086549
         18.250   0.599897051   0.233239500   0.233239500   0.400102949
         18.500   0.599882251   0.233235766   0.233235766   0.400117749
         18.750   0.599868896   0.233232398   0.233232398   0.400131104
         19.000   0.599856845   0.233229360   0.233229360   0.400143155
         19.250   0.599845974   0.233226619   0.233226619   0.400154026
         19.500   0.599836170   0.233224145   0.233224145   0.400163830
         19.750   0.599827327   0.233221914   0.233221914   0.400172673
         20.000   0.599819352   0.233219901   0.233219901   0.400180648
         20.250   0.599812158   0.233218084   0.233218084   0.400187842
         20.500   0.599805668   0.233216446   0.233216446   0.400194332
         20.750   0.599799813   0.233214969   0.233214969   0.400200187
         21.000   0.599794530   0.233213636   0.233213636   0.400205470
         21.250   0.599789764   0.233212434   0.233212434   0.400210236
         21.500   0.599785464   0.233211349   0.233211349   0.400214536
         21.750   0.599781586   0.233210371   0.233210371   0.400218414
         22.000   0.599778088   0.233209488   0.233209488   0.400221912
         22.250   0.599774932   0.233208692   0.233208692   0.400225068
         22.500   0.599772086   0.233207974   0.233207974   0.400227914
         22.750   0.599769518   0.233207326   0.233207326   0.400230482
         23.000   0.599767201   0.233206741   0.233206741   0.400232799
         23.250   0.599765111   0.233206214   0.233206214   0.400234889
         23.500   0.599763226   0.233205738   0.233205738   0.400236774
         23.750   0.599761525   0.233205309   0.233205309   0.400238475
         24.000   0.599759991   0.233204922   0.233204922   0.400240009
         24.250   0.599758607   0.233204573   0.233204573   0.400241393
         24.500   0.599757359   0.233204258   0.233204258   0.400242641
         24.750   0.599756233   0.233203973   0.233203973   0.400243767
         25.000   0.599755217   0.233203717   0.233203717   0.400244783
         25.250   0.599754300   0.233203486   0.233203486   0.400245700
         25.500   0.599753473   0.233203277   0.233203277   0.400246527
         25.750   0.599752728   0.233203089   0.233203089   0.400247272
         26.000   0.599752055   0.233202919   0.233202919   0.400247945
         26.250   0.599751448   0.233202766   0.233202766   0.400248552
         26.500   0.599750900   0.233202628   0.233202628   0.400249100
         26.750   0.599750406   0.233202503   0.233202503   0.400249594
         27.000   0.599749961   0.233202391   0.233202391   0.400250039
         27.250   0.599749559   0.233202289   0.233202289   0.400250441
         27.500   0.599749196   0.233202198   0.233202198   0.400250804
         27.750   0.599748869   0.233202115   0.233202115   0.400251131
         28.000   0.599748574   0.233202041   0.233202041   0.400251426
         28.250   0.599748308   0.233201974   0.233201974   0.400251692
         28.500   0.599748068   0.233201913   0.233201913   0.400251932
         28.750   0.599747851   0.233201859   0.233201859   0.400252149
         29.000   0.599747656   0.233201809   0.233201809   0.400252344
         29.250   0.599747480   0.233201765   0.233201765   0.400252520
         29.500   0.599747321   0.233201725   0.233201725   0.400252679
         29.750   0.599747177   0.233201689   0.233201689   0.400252823
         30.000   0.599747048   0.233201656   0.233201656   0.400252952
         30.250   0.599746931   0.233201626   0.233201626   0.400253069
         30.500   0.599746826   0.233201600   0.233201600   0.400253174
         30.750   0.599746731   0.233201576   0.233201576   0.400253269
         31.000   0.599746645   0.233201554   0.233201554   0.400253355
         31.250   0.599746568   0.233201535   0.233201535   0.400253432
         31.500   0.599746498   0.233201517   0.233201517   0.400253502
         31.750   0.599746435   0.233201501   0.233201501   0.400253565
         32.000   0.599746378   0.233201487   0.233201487   0.400253622
         32.250   0.599746327   0.233201474   0.233201474   0.400253673
         32.500   0.599746281   0.233201462   0.233201462   0.400253719
         32.750   0.599746239   0.233201452   0.233201452   0.400253761
         33.000   0.599746202   0.233201442   0.233201442   0.400253798
         33.250   0.599746168   0.233201434   0.233201434   0.400253832
         33.500   0.599746137   0.233201426   0.233201426   0.400253863
         33.750   0.599746110   0.233201419   0.233201419   0.400253890
         34.000   0.599746085   0.233201413   0.233201413   0.400253915
         34.250   0.599746062   0.233201407   0.233201407   0.400253938
         34.500   0.599746042   0.233201402   0.233201402   0.400253958
         34.750   0.599746024   0.233201398   0.233201398   0.400253976
         35.000   0.599746007   0.233201393   0.233201393   0.400253993
         35.250   0.599745993   0.233201390   0.233201390   0.400254007
         35.500   0.599745979   0.233201386   0.233201386   0.400254021
         35.750   0.599745967   0.233201383   0.233201383   0.400254033
         36.000   0.599745956   0.233201380   0.233201380   0.400254044
         36.250   0.599745946   0.233201378   0.233201378   0.400254054
         36.500   0.599745937   0.233201376   0.233201376   0.400254063
         36.750   0.599745929   0.233201374   0.233201374   0.400254071
         37.000   0.599745922   0.233201372   0.233201372   0.400254078
         37.250   0.599745916   0.233201370   0.233201370   0.400254084
         37.500   0.599745910   0.233201369   0.233201369   0.400254090
         37.750   0.599745904   0.233201367   0.233201367   0.400254096
         38.000   0.599745900   0.233201366   0.233201366   0.400254100
         38.250   0.599745895   0.233201365   0.233201365   0.400254105
         38.500   0.599745891   0.233201364   0.233201364   0.400254109
         38.750   0.599745888   0.233201363   0.233201363   0.400254112
         39.000   0.599745885   0.233201362   0.233201362   0.400254115
         39.250   0.599745882   0.233201362   0.233201362   0.400254118
         39.500   0.599745879   0.233201361   0.233201361   0.400254121
         39.750   0.599745877   0.233201360   0.233201360   0.400254123
         40.000   0.599745875   0.233201360   0.233201360   0.400254125
         40.250   0.599745873   0.233201359   0.233201359   0.400254127
         40.500   0.599745871   0.233201359   0.233201359   0.400254129
         40.750   0.599745870   0.233201359   0.233201359   0.400254130
         41.000   0.599745868   0.233201358   0.233201358   0.400254132
         41.250   0.599745867   0.233201358   0.233201358   0.400254133
         41.500   0.599745866   0.233201358   0.233201358   0.400254134
         41.750   0.599745865   0.233201357   0.233201357   0.400254135
         42.000   0.599745864   0.233201357   0.233201357   0.400254136
         42.250   0.599745863   0.233201357   0.233201357   0.400254137
         42.500   0.599745863   0.233201357   0.233201357   0.400254137
         42.750   0.599745862   0.233201357   0.233201357   0.400254138
         43.000   0.599745861   0.233201356   0.233201356   0.400254139
         43.250   0.599745861   0.233201356   0.233201356   0.400254139
         43.500   0.599745860   0.233201356   0.233201356   0.400254140
         43.750   0.599745860   0.233201356   0.233201356   0.400254140
         44.000   0.599745859   0.233201356   0.233201356   0.400254141
         44.250   0.599745859   0.233201356   0.233201356   0.400254141
         44.500   0.599745859   0.233201356   0.233201356   0.400254141
         44.750   0.599745858   0.233201356   0.233201356   0.400254142
         45.000   0.599745858   0.233201356   0.233201356   0.400254142
         45.250   0.599745858   0.233201356   0.233201356   0.400254142
         45.500   0.599745858   0.233201356   0.233201356   0.400254142
         45.750   0.599745857   0.233201355   0.233201355   0.400254143
         46.000   0.599745857   0.233201355   0.233201355   0.400254143
         46.250   0.599745857   0.233201355   0.233201355   0.400254143
         46.500   0.599745857   0.233201355   0.233201355   0.400254143
         46.750   0.599745857   0.233201355   0.233201355   0.400254143
         47.000   0.599745857   0.233201355   0.233201355   0.400254143
         47.250   0.599745857   0.233201355   0.233201355   0.400254143
         47.500   0.599745856   0.233201355   0.233201355   0.400254144
         47.750   0.599745856   0.233201355   0.233201355   0.400254144
         48.000   0.599745856   0.233201355   0.233201355   0.400254144
         48.250   0.599745856   0.233201355   0.233201355   0.400254144
         48.500   0.599745856   0.233201355   0.233201355   0.400254144
         48.750   0.599745856   0.233201355   0.233201355   0.400254144
         49.000   0.599745856   0.233201355   0.233201355   0.400254144
         49.250   0.599745856   0.233201355   0.233201355   0.400254144
         49.500   0.599745856   0.233201355   0.233201355   0.400254144
         49.750   0.599745856   0.233201355   0.233201355   0.400254144
         50.000   0.599745856   0.233201355   0.233201355   0.400254144
         50.250   0.599745856   0.233201355   0.233201355   0.400254144
         50.500   0.599745856   0.233201355   0.233201355   0.400254144
         50.750   0.599745856   0.233201355   0.233201355   0.400254144
         51.000   0.599745856   0.233201355   0.233201355   0.400254144
         51.250   0.599745856   0.233201355   0.233201355   0.400254144
         51.500   0.599745856   0.233201355   0.233201355   0.400254144
         51.750   0.599745856   0.233201355   0.233201355   0.400254144
         52.000   0.599745856   0.233201355   0.233201355   0.400254144
         52.250   0.599745856   0.233201355   0.233201355   0.400254144
         52.500   0.599745856   0.233201355   0.233201355   0.400254144
         52.750   0.599745856   0.233201355   0.233201355   0.400254144
         53.000   0.599745856   0.233201355   0.233201355   0.400254144
         53.250   0.599745856   0.233201355   0.233201355   0.400254144
         53.500   0.599745856   0.233201355   0.233201355   0.400254144
         53.750   0.599745856   0.233201355   0.233201355   0.400254144
         54.000   0.599745856   0.233201355   0.233201355   0.400254144
         54.250   0.599745856   0.233201355   0.233201355   0.400254144
         54.500   0.599745856   0.233201355   0.233201355   0.400254144
         54.750   0.599745856   0.233201355   0.233201355   0.400254144
         55.000   0.599745856   0.233201355   0.233201355   0.400254144
         55.250   0.599745856   0.233201355   0.233201355   0.400254144
         55.500   0.599745856   0.233201355   0.233201355   0.400254144
         55.750   0.599745856   0.233201355   0.233201355   0.400254144
         56.000   0.599745856   0.233201355   0.233201355   0.400254144
         56.250   0.599745856   0.233201355   0.233201355   0.400254144
         56.500   0.599745856   0.233201355   0.233201355   0.400254144
         56.750   0.599745856   0.233201355   0.233201355   0.400254144
         57.000   0.599745856   0.233201355   0.233201355   0.400254144
         57.250   0.599745856   0.233201355   0.233201355   0.400254144
         57.500   0.599745856   0.233201355   0.233201355   0.400254144
         57.750   0.599745856   0.233201355   0.233201355   0.400254144
         58.000   0.599745856   0.233201355   0.233201355   0.400254144
         58.250   0.599745856   0.233201355   0.233201355   0.400254144
         58.500   0.599745856   0.233201355   0.233201355   0.400254144
         58.750   0.599745856   0.233201355   0.233201355   0.400254144
         59.000   0.599745856   0.233201355   0.233201355   0.400254144
         59.250   0.599745856   0.233201355   0.233201355   0.400254144
         59.500   0.599745856   0.233201355   0.233201355   0.400254144
         59.750   0.599745856   0.233201355   0.233201355   0.400254144
         60.000   0.599745856   0.233201355   0.233201355   0.400254144
         60.250   0.599745856   0.233201355   0.233201355   0.400254144
         60.500   0.599745856   0.233201355   0.233201355   0.400254144
         60.750   0.599745856   0.233201355   0.233201355   0.400254144
         61.000   0.599745856   0.233201355   0.233201355   0.400254144
         61.250   0.599745856   0.233201355   0.233201355   0.400254144
         61.500   0.599745856   0.233201355   0.233201355   0.400254144
         61.750   0.599745856   0.233201355   0.233201355   0.400254144
         62.000   0.599745856   0.233201355   0.233201355   0.400254144
         62.250   0.599745856   0.233201355   0.233201355   0.400254144
         62.500   0.599745856   0.233201355   0.233201355   0.400254144
         62.750   0.599745856   0.233201355   0.233201355   0.400254144
         63.000   0.599745856   0.233201355   0.233201355   0.400254144
         63.250   0.599745856   0.233201355   0.233201355   0.400254144
         63.500   0.599745856   0.233201355   0.233201355   0.400254144
         63.750   0.599745856   0.233201355   0.233201355   0.400254144
         64.000   0.599745856   0.233201355   0.233201355   0.400254144
         64.250   0.599745856   0.233201355   0.233201355   0.400254144
         64.500   0.599745856   0.233201355   0.233201355   0.400254144
         64.750   0.599745856   0.233201355   0.233201355   0.400254144
         65.000   0.599745856   0.233201355   0.233201355   0.400254144
         65.250   0.599745856   0.233201355   0.233201355   0.400254144
         65.500   0.599745856   0.233201355   0.233201355   0.400254144
         65.750   0.599745856   0.233201355   0.233201355   0.400254144
         66.000   0.599745856   0.233201355   0.233201355   0.400254144
         66.250   0.599745856   0.233201355   0.233201355   0.400254144
         66.500   0.599745856   0.233201355   0.233201355   0.400254144
         66.750   0.599745856   0.233201355   0.233201355   0.400254144
         67.000   0.599745856   0.233201355   0.233201355   0.400254144
         67.250   0.599745856   0.233201355   0.233201355   0.400254144
         67.500   0.599745856   0.233201355   0.233201355   0.400254144
         67.750   0.599745856   0.233201355   0.233201355   0.400254144
         68.000   0.599745856   0.233201355   0.233201355   0.400254144
         68.250   0.599745856   0.233201355   0.233201355   0.400254144
         68.500   0.599745856   0.233201355   0.233201355   0.400254144
         68.750   0.599745856   0.233201355   0.233201355   0.400254144
         69.000   0.599745856   0.233201355   0.233201355   0.400254144
         69.250   0.599745856   0.233201355   0.233201355   0.400254144
         69.500   0.599745856   0.233201355   0.233201355   0.400254144
         69.750   0.599745856   0.233201355   0.233201355   0.400254144
         70.000   0.599745856   0.233201355   0.233201355   0.400254144
         70.250   0.599745856   0.233201355   0.233201355   0.400254144
         70.500   0.599745856   0.233201355   0.233201355   0.400254144
         70.750   0.599745856   0.233201355   0.233201355   0.400254144
         71.000   0.599745856   0.233201355   0.233201355   0.400254144
         71.250   0.599745856   0.233201355   0.233201355   0.400254144
         71.500   0.599745856   0.233201355   0.233201355   0.400254144
         71.750   0.599745856   0.233201355   0.233201355   0.400254144
         72.000   0.599745856   0.233201355   0.233201355   0.400254144
         72.250   0.599745856   0.233201355   0.233201355   0.400254144
         72.500   0.599745856   0.233201355   0.233201355   0.400254144
         72.750   0.599745856   0.233201355   0.233201355   0.400254144
         73.000   0.599745856   0.233201355   0.233201355   0.400254144
         73.250   0.599745856   0.233201355   0.233201355   0.400254144
         73.500   0.599745856   0.233201355   0.233201355   0.400254144
         73.750   0.599745856   0.233201355   0.233201355   0.400254144
         74.000   0.599745856   0.233201355   0.233201355   0.400254144
         74.250   0.599745856   0.233201355   0.233201355   0.400254144
         74.500   0.599745856   0.233201355   0.233201355   0.400254144
         74.750   0.599745856   0.233201355   0.233201355   0.400254144
         75.000   0.599745856   0.233201355   0.233201355   0.400254144
         75.250   0.599745856   0.233201355   0.233201355   0.400254144
         75.500   0.599745856   0.233201355   0.233201355   0.400254144
         75.750   0.599745856   0.233201355   0.233201355   0.400254144
         76.000   0.599745856   0.233201355   0.233201355   0.400254144
         76.250   0.599745856   0.233201355   0.233201355   0.400254144
         76.500   0.599745856   0.233201355   0.233201355   0.400254144
         76.750   0.599745856   0.233201355   0.233201355   0.400254144
         77.000   0.599745856   0.233201355   0.233201355   0.400254144
         77.250   0.599745856   0.233201355   0.233201355   0.400254144
         77.500   0.599745856   0.233201355   0.233201355   0.400254144
         77.750   0.599745856   0.233201355   0.233201355   0.400254144
         78.000   0.599745856   0.233201355   0.233201355   0.400254144
         78.250   0.599745856   0.233201355   0.233201355   0.400254144
         78.500   0.599745856   0.233201355   0.233201355   0.400254144
         78.750   0.599745856   0.233201355   0.233201355   0.400254144
         79.000   0.599745856   0.233201355   0.233201355   0.400254144
         79.250   0.599745856   0.233201355   0.233201355   0.400254144
         79.500   0.599745856   0.233201355   0.233201355   0.400254144
         79.750   0.599745856   0.233201355   0.233201355   0.400254144
         80.000   0.599745856   0.233201355   0.233201355   0.400254144
         80.250   0.599745856   0.233201355   0.233201355   0.400254144
         80.500   0.599745856   0.233201355   0.233201355   0.400254144
         80.750   0.599745856   0.233201355   0.233201355   0.400254144
         81.000   0.599745856   0.233201355   0.233201355   0.400254144
         81.250   0.599745856   0.233201355   0.233201355   0.400254144
         81.500   0.599745856   0.233201355   0.233201355   0.400254144
         81.750   0.599745856   0.233201355   0.233201355   0.400254144
         82.000   0.599745856   0.233201355   0.233201355   0.400254144
         82.250   0.599745856   0.233201355   0.233201355   0.400254144
         82.500   0.599745856   0.233201355   0.233201355   0.400254144
         82.750   0.599745856   0.233201355   0.233201355   0.400254144
         83.000   0.599745856   0.233201355   0.233201355   0.400254144
         83.250   0.599745856   0.233201355   0.233201355   0.400254144
         83.500   0.599745856   0.233201355   0.233201355   0.400254144
         83.750   0.599745856   0.233201355   0.233201355   0.400254144
         84.000   0.599745856   0.233201355   0.233201355   0.400254144
         84.250   0.599745856   0.233201355   0.233201355   0.400254144
         84.500   0.599745856   0.233201355   0.233201355   0.400254144
         84.750   0.599745856   0.233201355   0.233201355   0.400254144
         85.000   0.599745856   0.233201355   0.233201355   0.400254144
         85.250   0.599745856   0.233201355   0.233201355   0.400254144
         85.500   0.599745856   0.233201355   0.233201355   0.400254144
         85.750   0.599745856   0.233201355   0.233201355   0.400254144
         86.000   0.599745856   0.233201355   0.233201355   0.400254144
         86.250   0.599745856   0.233201355   0.233201355   0.400254144
         86.500   0.599745856   0.233201355   0.233201355   0.400254144
         86.750   0.599745856   0.233201355   0.233201355   0.400254144
         87.000   0.599745856   0.233201355   0.233201355   0.400254144
         87.250   0.599745856   0.233201355   0.233201355   0.400254144
         87.500   0.599745856   0.233201355   0.233201355   0.400254144
         87.750   0.599745856   0.233201355   0.233201355   0.400254144
         88.000   0.599745856   0.233201355   0.233201355   0.400254144
         88.250   0.599745856   0.233201355   0.233201355   0.400254144
         88.500   0.599745856   0.233201355   0.233201355   0.400254144
         88.750   0.599745856   0.233201355   0.233201355   0.400254144
         89.000   0.599745856   0.233201355   0.233201355   0.400254144
         89.250   0.599745856   0.233201355   0.233201355   0.400254144
         89.500   0.599745856   0.233201355   0.233201355   0.400254144
         89.750   0.599745856   0.233201355   0.233201355   0.400254144
         90.000   0.599745856   0.233201355   0.233201355   0.400254144
         90.250   0.599745856   0.233201355   0.233201355   0.400254144
         90.500   0.599745856   0.233201355   0.233201355   0.400254144
         90.750   0.599745856   0.233201355   0.233201355   0.400254144
         91.000   0.599745856   0.233201355   0.233201355   0.400254144
         91.250   0.599745856   0.233201355   0.233201355   0.400254144
         91.500   0.599745856   0.233201355   0.233201355   0.400254144
         91.750   0.599745856   0.233201355   0.233201355   0.400254144
         92.000   0.599745856   0.233201355   0.233201355   0.400254144
         92.250   0.599745856   0.233201355   0.233201355   0.400254144
         92.500   0.599745856   0.233201355   0.233201355   0.400254144
         92.750   0.599745856   0.233201355   0.233201355   0.400254144
         93.000   0.599745856   0.233201355   0.233201355   0.400254144
         93.250   0.599745856   0.233201355   0.233201355   0.400254144
         93.500   0.599745856   0.233201355   0.233201355   0.400254144
         93.750   0.599745856   0.233201355   0.233201355   0.400254144
         94.000   0.599745856   0.233201355   0.233201355   0.400254144
         94.250   0.599745856   0.233201355   0.233201355   0.400254144
         94.500   0.599745856   0.233201355   0.233201355   0.400254144
         94.750   0.599745856   0.233201355   0.233201355   0.400254144
         95.000   0.599745856   0.233201355   0.233201355   0.400254144
         95.250   0.599745856   0.233201355   0.233201355   0.400254144
         95.500   0.599745856   0.233201355   0.233201355   0.400254144
         95.750   0.599745856   0.233201355   0.233201355   0.400254144
         96.000   0.599745856   0.233201355   0.233201355   0.400254144
         96.250   0.599745856   0.233201355   0.233201355   0.400254144
         96.500   0.599745856   0.233201355   0.233201355   0.400254144
         96.750   0.599745856   0.233201355   0.233201355   0.400254144
         97.000   0.599745856   0.233201355   0.233201355   0.400254144
         97.250   0.599745856   0.233201355   0.233201355   0.400254144
         97.500   0.599745856   0.233201355   0.233201355   0.400254144
         97.750   0.599745856   0.233201355   0.233201355   0.400254144
         98.000   0.599745856   0.233201355   0.233201355   0.400254144
         98.250   0.599745856   0.233201355   0.233201355   0.400254144
         98.500   0.599745856   0.233201355   0.233201355   0.400254144
         98.750   0.599745856   0.233201355   0.233201355   0.400254144
         99.000   0.599745856   0.233201355   0.233201355   0.400254144
         99.250   0.599745856   0.233201355   0.233201355   0.400254144
         99.500   0.599745856   0.233201355   0.233201355   0.400254144
         99.750   0.599745856   0.233201355   0.233201355   0.400254144
        100.000   0.599745856   0.233201355   0.233201355   0.400254144
        100.250   0.599745856   0.233201355   0.233201355   0.400254144
        100.500   0.599745856   0.233201355   0.233201355   0.400254144
        100.750   0.599745856   0.233201355   0.233201355   0.400254144
        101.000   0.599745856   0.233201355   0.233201355   0.400254144
        101.250   0.599745856   0.233201355   0.233201355   0.400254144
        101.500   0.599745856   0.233201355   0.233201355   0.400254144
        101.750   0.599745856   0.233201355   0.233201355   0.400254144
        102.000   0.599745856   0.233201355   0.233201355   0.400254144
        102.250   0.599745856   0.233201355   0.233201355   0.400254144
        102.500   0.599745856   0.233201355   0.233201355   0.400254144
        102.750   0.599745856   0.233201355   0.233201355   0.400254144
        103.000   0.599745856   0.233201355   0.233201355   0.400254144
        103.250   0.599745856   0.233201355   0.233201355   0.400254144
        103.500   0.599745856   0.233201355   0.233201355   0.400254144
        103.750   0.599745856   0.233201355   0.233201355   0.400254144
        104.000   0.599745856   0.233201355   0.233201355   0.400254144
        104.250   0.599745856   0.233201355   0.233201355   0.400254144
        104.500   0.599745856   0.233201355   0.233201355   0.400254144
        104.750   0.599745856   0.233201355   0.233201355   0.400254144
        105.000   0.599745856   0.233201355   0.233201355   0.400254144
        105.250   0.599745856   0.233201355   0.233201355   0.400254144
        105.500   0.599745856   0.233201355   0.233201355   0.400254144
        105.750   0.599745856   0.233201355   0.233201355   0.400254144
        106.000   0.599745856   0.233201355   0.233201355   0.400254144
        106.250   0.599745856   0.233201355   0.233201355   0.400254144
        106.500   0.599745856   0.233201355   0.233201355   0.400254144
        106.750   0.599745856   0.233201355   0.233201355   0.400254144
        107.000   0.599745856   0.233201355   0.233201355   0.400254144
        107.250   0.599745856   0.233201355   0.233201355   0.400254144
        107.500   0.599745856   0.233201355   0.233201355   0.400254144
        107.750   0.599745856   0.233201355   0.233201355   0.400254144
        108.000   0.599745856   0.233201355   0.233201355   0.400254144
        108.250   0.599745856   0.233201355   0.233201355   0.400254144
        108.500   0.599745856   0.233201355   0.233201355   0.400254144
        108.750   0.599745856   0.233201355   0.233201355   0.400254144
        109.000   0.599745856   0.233201355   0.233201355   0.400254144
        109.250   0.599745856   0.233201355   0.233201355   0.400254144
        109.500   0.599745856   0.233201355   0.233201355   0.400254144
        109.750   0.599745856   0.233201355   0.233201355   0.400254144
        110.000   0.599745856   0.233201355   0.233201355   0.400254144
        110.250   0.599745856   0.233201355   0.233201355   0.400254144
        110.500   0.599745856   0.233201355   0.233201355   0.400254144
        110.750   0.599745856   0.233201355   0.233201355   0.400254144
        111.000   0.599745856   0.233201355   0.233201355   0.400254144
        111.250   0.599745856   0.233201355   0.233201355   0.400254144
        111.500   0.599745856   0.233201355   0.233201355   0.400254144
        111.750   0.599745856   0.233201355   0.233201355   0.400254144
        112.000   0.599745856   0.233201355   0.233201355   0.400254144
        112.250   0.599745856   0.233201355   0.233201355   0.400254144
        112.500   0.599745856   0.233201355   0.233201355   0.400254144
        112.750   0.599745856   0.233201355   0.233201355   0.400254144
        113.000   0.599745856   0.233201355   0.233201355   0.400254144
        113.250   0.599745856   0.233201355   0.233201355   0.400254144
        113.500   0.599745856   0.233201355   0.233201355   0.400254144
        113.750   0.599745856   0.233201355   0.233201355   0.400254144
        114.000   0.599745856   0.233201355   0.233201355   0.400254144
        114.250   0.599745856   0.233201355   0.233201355   0.400254144
        114.500   0.599745856   0.233201355   0.233201355   0.400254144
        114.750   0.599745856   0.233201355   0.233201355   0.400254144
        115.000   0.599745856   0.233201355   0.233201355   0.400254144
        115.250   0.599745856   0.233201355   0.233201355   0.400254144
        115.500   0.599745856   0.233201355   0.233201355   0.400254144
        115.750   0.599745856   0.233201355   0.233201355   0.400254144
        116.000   0.599745856   0.233201355   0.233201355   0.400254144
        116.250   0.599745856   0.233201355   0.233201355   0.400254144
        116.500   0.599745856   0.233201355   0.233201355   0.400254144
        116.750   0.599745856   0.233201355   0.233201355   0.400254144
        117.000   0.599745856   0.233201355   0.233201355   0.400254144
        117.250   0.599745856   0.233201355   0.233201355   0.400254144
        117.500   0.599745856   0.233201355   0.233201355   0.400254144
        117.750   0.599745856   0.233201355   0.233201355   0.400254144
        118.000   0.599745856   0.233201355   0.233201355   0.400254144
        118.250   0.599745856   0.233201355   0.233201355   0.400254144
        118.500   0.599745856   0.233201355   0.233201355   0.400254144
        118.750   0.599745856   0.233201355   0.233201355   0.400254144
        119.000   0.599745856   0.233201355   0.233201355   0.400254144
        119.250   0.599745856   0.233201355   0.233201355   0.400254144
        119.500   0.599745856   0.233201355   0.233201355   0.400254144
        119.750   0.599745856   0.233201355   0.233201355   0.400254144
        120.000   0.599745856   0.233201355   0.233201355   0.400254144
        120.250   0.599745856   0.233201355   0.233201355   0.400254144
        120.500   0.599745856   0.233201355   0.233201355   0.400254144
        120.750   0.599745856   0.233201355   0.233201355   0.400254144
        121.000   0.599745856   0.233201355   0.233201355   0.400254144
        121.250   0.599745856   0.233201355   0.233201355   0.400254144
        121.500   0.599745856   0.233201355   0.233201355   0.400254144
        121.750   0.599745856   0.233201355   0.233201355   0.400254144
        122.000   0.599745856   0.233201355   0.233201355   0.400254144
        122.250   0.599745856   0.233201355   0.233201355   0.400254144
        122.500   0.599745856   0.233201355   0.233201355   0.400254144
        122.750   0.599745856   0.233201355   0.233201355   0.400254144
        123.000   0.599745856   0.233201355   0.233201355   0.400254144
        123.250   0.599745856   0.233201355   0.233201355   0.400254144
        123.500   0.599745856   0.233201355   0.233201355   0.400254144
        123.750   0.599745856   0.233201355   0.233201355   0.400254144
        124.000   0.599745856   0.233201355   0.233201355   0.400254144
        124.250   0.599745856   0.233201355   0.233201355   0.400254144
        124.500   0.599745856   0.233201355   0.233201355   0.400254144
        124.750   0.599745856   0.233201355   0.233201355   0.400254144
        125.000   0.599745856   0.233201355   0.233201355   0.400254144
        125.250   0.599745856   0.233201355   0.233201355   0.400254144
        125.500   0.599745856   0.233201355   0.233201355   0.400254144
        125.750   0.599745856   0.233201355   0.233201355   0.400254144
        126.000   0.599745856   0.233201355   0.233201355   0.400254144
        126.250   0.599745856   0.233201355   0.233201355   0.400254144
        126.500   0.599745856   0.233201355   0.233201355   0.400254144
        126.750   0.599745856   0.233201355   0.233201355   0.400254144
        127.000   0.599745856   0.233201355   0.233201355   0.400254144
        127.250   0.599745856   0.233201355   0.233201355   0.400254144
        127.500   0.599745856   0.233201355   0.233201355   0.400254144
        127.750   0.599745856   0.233201355   0.233201355   0.400254144
        128.000   0.599745856   0.233201355   0.233201355   0.400254144
        128.250   0.599745856   0.233201355   0.233201355   0.400254144
        128.500   0.599745856   0.233201355   0.233201355   0.400254144
        128.750   0.599745856   0.233201355   0.233201355   0.400254144
        129.000   0.599745856   0.233201355   0.233201355   0.400254144
        129.250   0.599745856   0.233201355   0.233201355   0.400254144
        129.500   0.599745856   0.233201355   0.233201355   0.400254144
        129.750   0.599745856   0.233201355   0.233201355   0.400254144
        130.000   0.599745856   0.233201355   0.233201355   0.400254144
        130.250   0.599745856   0.233201355   0.233201355   0.400254144
        130.500   0.599745856   0.233201355   0.233201355   0.400254144
        130.750   0.599745856   0.233201355   0.233201355   0.400254144
        131.000   0.599745856   0.233201355   0.233201355   0.400254144
        131.250   0.599745856   0.233201355   0.233201355   0.400254144
        131.500   0.599745856   0.233201355   0.233201355   0.400254144
        131.750   0.599745856   0.233201355   0.233201355   0.400254144
        132.000   0.599745856   0.233201355   0.233201355   0.400254144
        132.250   0.599745856   0.233201355   0.233201355   0.400254144
        132.500   0.599745856   0.233201355   0.233201355   0.400254144
        132.750   0.599745856   0.233201355   0.233201355   0.400254144
        133.000   0.599745856   0.233201355   0.233201355   0.400254144
        133.250   0.599745856   0.233201355   0.233201355   0.400254144
        133.500   0.599745856   0.233201355   0.233201355   0.400254144
        133.750   0.599745856   0.233201355   0.233201355   0.400254144
        134.000   0.599745856   0.233201355   0.233201355   0.400254144
        134.250   0.599745856   0.233201355   0.233201355   0.400254144
        134.500   0.599745856   0.233201355   0.233201355   0.400254144
        134.750   0.599745856   0.233201355   0.233201355   0.400254144
        135.000   0.599745856   0.233201355   0.233201355   0.400254144
        135.250   0.599745856   0.233201355   0.233201355   0.400254144
        135.500   0.599745856   0.233201355   0.233201355   0.400254144
        135.750   0.599745856   0.233201355   0.233201355   0.400254144
        136.000   0.599745856   0.233201355   0.233201355   0.400254144
        136.250   0.599745856   0.233201355   0.233201355   0.400254144
        136.500   0.599745856   0.233201355   0.233201355   0.400254144
        136.750   0.599745856   0.233201355   0.233201355   0.400254144
        137.000   0.599745856   0.233201355   0.233201355   0.400254144
        137.250   0.599745856   0.233201355   0.233201355   0.400254144
        137.500   0.599745856   0.233201355   0.233201355   0.400254144
        137.750   0.599745856   0.233201355   0.233201355   0.400254144
        138.000   0.599745856   0.233201355   0.233201355   0.400254144
        138.250   0.599745856   0.233201355   0.233201355   0.400254144
        138.500   0.599745856   0.233201355   0.233201355   0.400254144
        138.750   0.599745856   0.233201355   0.233201355   0.400254144
        139.000   0.599745856   0.233201355   0.233201355   0.400254144
        139.250   0.599745856   0.233201355   0.233201355   0.400254144
        139.500   0.599745856   0.233201355   0.233201355   0.400254144
        139.750   0.599745856   0.233201355   0.233201355   0.400254144
        140.000   0.599745856   0.233201355   0.233201355   0.400254144
        140.250   0.599745856   0.233201355   0.233201355   0.400254144
        140.500   0.599745856   0.233201355   0.233201355   0.400254144
        140.750   0.599745856   0.233201355   0.233201355   0.400254144
        141.000   0.599745856   0.233201355   0.233201355   0.400254144
        141.250   0.599745856   0.233201355   0.233201355   0.400254144
        141.500   0.599745856   0.233201355   0.233201355   0.400254144
        141.750   0.599745856   0.233201355   0.233201355   0.400254144
        142.000   0.599745856   0.233201355   0.233201355   0.400254144
        142.250   0.599745856   0.233201355   0.233201355   0.400254144
        142.500   0.599745856   0.233201355   0.233201355   0.400254144
        142.750   0.599745856   0.233201355   0.233201355   0.400254144
        143.000   0.599745856   0.233201355   0.233201355   0.400254144
        143.250   0.599745856   0.233201355   0.233201355   0.400254144
        143.500   0.599745856   0.233201355   0.233201355   0.400254144
        143.750   0.599745856   0.233201355   0.233201355   0.400254144
        144.000   0.599745856   0.233201355   0.233201355   0.400254144
        144.250   0.599745856   0.233201355   0.233201355   0.400254144
        144.500   0.599745856   0.233201355   0.233201355   0.400254144
        144.750   0.599745856   0.233201355   0.233201355   0.400254144
        145.000   0.599745856   0.233201355   0.233201355   0.400254144
        145.250   0.599745856   0.233201355   0.233201355   0.400254144
        145.500   0.599745856   0.233201355   0.233201355   0.400254144
        145.750   0.599745856   0.233201355   0.233201355   0.400254144
        146.000   0.599745856   0.233201355   0.233201355   0.400254144
        146.250   0.599745856   0.233201355   0.233201355   0.400254144
        146.500   0.599745856   0.233201355   0.233201355   0.400254144
        146.750   0.599745856   0.233201355   0.233201355   0.400254144
        147.000   0.599745856   0.233201355   0.233201355   0.400254144
        147.250   0.599745856   0.233201355   0.233201355   0.400254144
        147.500   0.599745856   0.233201355   0.233201355   0.400254144
        147.750   0.599745856   0.233201355   0.233201355   0.400254144
        148.000   0.599745856   0.233201355   0.233201355   0.400254144
        148.250   0.599745856   0.233201355   0.233201355   0.400254144
        148.500   0.599745856   0.233201355   0.233201355   0.400254144
        148.750   0.599745856   0.233201355   0.233201355   0.400254144
        149.000   0.599745856   0.233201355   0.233201355   0.400254144
        149.250   0.599745856   0.233201355   0.233201355   0.400254144
        149.500   0.599745856   0.233201355   0.233201355   0.400254144
        149.750   0.599745856   0.233201355   0.233201355   0.400254144
        150.000   0.599745856   0.233201355   0.233201355   0.400254144
