          0.200   0.000000000  -0.183137504   0.183137504   0.000000000
          0.400   0.000000000  -0.299835557   0.299835557   0.000000000
          0.600  -0.000000000  -0.335812466   0.335812466   0.000000000
          0.800   0.000000000  -0.293929949   0.293929949  -0.000000000
          1.000  -0.000000000  -0.194836400   0.194836400  -0.000000000
          1.200   0.000000000  -0.071535605   0.071535605   0.000000000
          1.400  -0.000000000   0.040068036  -0.040068036   0.000000000
          1.600  -0.000000000   0.110847884  -0.110847884   0.000000000
          1.800  -0.000000000   0.125805745  -0.125805745   0.000000000
          2.000  -0.000000000   0.087045916  -0.087045916   0.000000000
          2.200  -0.000000000   0.011576200  -0.011576200   0.000000000
          2.400  -0.000000000  -0.074935427   0.074935427  -0.000000000
          2.600  -0.000000000  -0.146231496   0.146231496  -0.000000000
          2.800  -0.000000000  -0.182918884   0.182918884  -0.000000000
          3.000  -0.000000000  -0.177268716   0.177268716  -0.000000000
          3.200  -0.000000000  -0.134266868   0.134266868  -0.000000000
          3.400  -0.000000000  -0.068980701   0.068980701  -0.000000000
          3.600  -0.000000000  -0.001339248   0.001339248  -0.000000000
          3.800  -0.000000000   0.049952894  -0.049952894  -0.000000000
          4.000  -0.000000000   0.072569584  -0.072569584  -0.000000000
          4.200  -0.000000000   0.063422759  -0.063422759  -0.000000000
          4.400  -0.000000000   0.028643220  -0.028643220  -0.000000000
          4.600  -0.000000000  -0.019034335   0.019034335  -0.000000000
          4.800  -0.000000000  -0.064494886   0.064494886  -0.000000000
          5.000  -0.000000000  -0.094730077   0.094730077  -0.000000000
          5.200  -0.000000000  -0.102298943   0.102298943  -0.000000000
          5.400  -0.000000000  -0.086886267   0.086886267  -0.000000000
          5.600  -0.000000000  -0.054702937   0.054702937  -0.000000000
          5.800  -0.000000000  -0.016105407   0.016105407  -0.000000000
          6.000  -0.000000000   0.017723246  -0.017723246  -0.000000000
          6.200  -0.000000000   0.038005012  -0.038005012  -0.000000000
          6.400  -0.000000000   0.040609242  -0.040609242  -0.000000000
          6.600  -0.000000000   0.026769173  -0.026769173  -0.000000000
          6.800  -0.000000000   0.002217972  -0.002217972  -0.000000000
          7.000  -0.000000000  -0.024859858   0.024859858  -0.000000000
          7.200  -0.000000000  -0.046370216   0.046370216  -0.000000000
          7.400  -0.000000000  -0.056580577   0.056580577  -0.000000000
          7.600  -0.000000000  -0.053506751   0.053506751  -0.000000000
          7.800  -0.000000000  -0.039109790   0.039109790  -0.000000000
          8.000  -0.000000000  -0.018362336   0.018362336  -0.000000000
          8.200  -0.000000000   0.002443513  -0.002443513  -0.000000000
          8.400  -0.000000000   0.017596867  -0.017596867  -0.000000000
          8.600  -0.000000000   0.023521601  -0.023521601  -0.000000000
          8.800  -0.000000000   0.019578564  -0.019578564  -0.000000000
          9.000  -0.000000000   0.007962848  -0.007962848  -0.000000000
          9.200  -0.000000000  -0.007187621   0.007187621  -0.000000000
          9.400  -0.000000000  -0.021144972   0.021144972  -0.000000000
          9.600  -0.000000000  -0.029980036   0.029980036  -0.000000000
          9.800  -0.000000000  -0.031592035   0.031592035  -0.000000000
         10.000  -0.000000000  -0.026123820   0.026123820  -0.000000000
         10.200  -0.000000000  -0.015704902   0.015704902  -0.000000000
         10.400  -0.000000000  -0.003659528   0.003659528  -0.000000000
         10.600  -0.000000000   0.006545479  -0.006545479  -0.000000000
         10.800  -0.000000000   0.012291564  -0.012291564  -0.000000000
         11.000  -0.000000000   0.012464685  -0.012464685  -0.000000000
         11.200  -0.000000000   0.007624350  -0.007624350  -0.000000000
         11.400  -0.000000000  -0.000315218   0.000315218  -0.000000000
         11.600  -0.000000000  -0.008754870   0.008754870  -0.000000000
         11.800  -0.000000000  -0.015208730   0.015208730  -0.000000000
         12.000  -0.000000000  -0.017993498   0.017993498  -0.000000000
         12.200  -0.000000000  -0.016625152   0.016625152  -0.000000000
         12.400  -0.000000000  -0.011839484   0.011839484  -0.000000000
         12.600  -0.000000000  -0.005266972   0.005266972  -0.000000000
         12.800  -0.000000000   0.001113066  -0.001113066  -0.000000000
         13.000  -0.000000000   0.005563962  -0.005563962  -0.000000000
         13.200  -0.000000000   0.007057755  -0.007057755  -0.000000000
         13.400  -0.000000000   0.005496610  -0.005496610  -0.000000000
         13.600  -0.000000000   0.001650795  -0.001650795  -0.000000000
         13.800  -0.000000000  -0.003141957   0.003141957  -0.000000000
         14.000  -0.000000000  -0.007407994   0.007407994  -0.000000000
         14.200  -0.000000000  -0.009965965   0.009965965  -0.000000000
         14.400  -0.000000000  -0.010231393   0.010231393  -0.000000000
         14.600  -0.000000000  -0.008323698   0.008323698  -0.000000000
         14.800  -0.000000000  -0.004964571   0.004964571  -0.000000000
         15.000  -0.000000000  -0.001216462   0.001216462  -0.000000000
         15.200  -0.000000000   0.001849722  -0.001849722  -0.000000000
         15.400  -0.000000000   0.003457245  -0.003457245  -0.000000000
         15.600  -0.000000000   0.003314094  -0.003314094  -0.000000000
         15.800  -0.000000000   0.001648572  -0.001648572  -0.000000000
         16.000  -0.000000000  -0.000905149   0.000905149  -0.000000000
         16.200  -0.000000000  -0.003524800   0.003524800  -0.000000000
         16.400  -0.000000000  -0.005449788   0.005449788  -0.000000000
         16.600  -0.000000000  -0.006189494   0.006189494  -0.000000000
         16.800  -0.000000000  -0.005635429   0.005635429  -0.000000000
         17.000  -0.000000000  -0.004054899   0.004054899  -0.000000000
         17.200  -0.000000000  -0.001979397   0.001979397  -0.000000000
         17.400  -0.000000000  -0.000029329   0.000029329  -0.000000000
         17.600  -0.000000000   0.001269406  -0.001269406  -0.000000000
         17.800  -0.000000000   0.001624517  -0.001624517  -0.000000000
         18.000  -0.000000000   0.001037183  -0.001037183  -0.000000000
         18.200  -0.000000000  -0.000226553   0.000226553  -0.000000000
         18.400  -0.000000000  -0.001736257   0.001736257  -0.000000000
         18.600  -0.000000000  -0.003034211   0.003034211  -0.000000000
         18.800  -0.000000000  -0.003766980   0.003766980  -0.000000000
         19.000  -0.000000000  -0.003774917   0.003774917  -0.000000000
         19.200  -0.000000000  -0.003118426   0.003118426  -0.000000000
         19.400  -0.000000000  -0.002039699   0.002039699  -0.000000000
         19.600  -0.000000000  -0.000876917   0.000876917  -0.000000000
         19.800  -0.000000000   0.000040313  -0.000040313  -0.000000000
         20.000  -0.000000000   0.000483021  -0.000483021  -0.000000000
         20.200  -0.000000000   0.000377703  -0.000377703  -0.000000000
         20.400  -0.000000000  -0.000187945   0.000187945  -0.000000000
         20.600  -0.000000000  -0.001005270   0.001005270  -0.000000000
         20.800  -0.000000000  -0.001815097   0.001815097  -0.000000000
         21.000  -0.000000000  -0.002385618   0.002385618  -0.000000000
         21.200  -0.000000000  -0.002575048   0.002575048  -0.000000000
         21.400  -0.000000000  -0.002362883   0.002362883  -0.000000000
         21.600  -0.000000000  -0.001843965   0.001843965  -0.000000000
         21.800  -0.000000000  -0.001190622   0.001190622  -0.000000000
         22.000  -0.000000000  -0.000596630   0.000596630  -0.000000000
         22.200  -0.000000000  -0.000220533   0.000220533  -0.000000000
         22.400  -0.000000000  -0.000144363   0.000144363  -0.000000000
         22.600  -0.000000000  -0.000357891   0.000357891  -0.000000000
         22.800  -0.000000000  -0.000770405   0.000770405  -0.000000000
         23.000  -0.000000000  -0.001244017   0.001244017  -0.000000000
         23.200  -0.000000000  -0.001637061   0.001637061  -0.000000000
         23.400  -0.000000000  -0.001844363   0.001844363  -0.000000000
         23.600  -0.000000000  -0.001823349   0.001823349  -0.000000000
         23.800  -0.000000000  -0.001599999   0.001599999  -0.000000000
         24.000  -0.000000000  -0.001254904   0.001254904  -0.000000000
         24.200  -0.000000000  -0.000895288   0.000895288  -0.000000000
         24.400  -0.000000000  -0.000622223   0.000622223  -0.000000000
         24.600  -0.000000000  -0.000502737   0.000502737  -0.000000000
         24.800  -0.000000000  -0.000554208   0.000554208  -0.000000000
         25.000  -0.000000000  -0.000744249   0.000744249  -0.000000000
         25.200  -0.000000000  -0.001004631   0.001004631  -0.000000000
         25.400  -0.000000000  -0.001253960   0.001253960  -0.000000000
         25.600  -0.000000000  -0.001421875   0.001421875  -0.000000000
         25.800  -0.000000000  -0.001467803   0.001467803  -0.000000000
         26.000  -0.000000000  -0.001389521   0.001389521  -0.000000000
         26.200  -0.000000000  -0.001220073   0.001220073  -0.000000000
         26.400  -0.000000000  -0.001015059   0.001015059  -0.000000000
         26.600  -0.000000000  -0.000834789   0.000834789  -0.000000000
         26.800  -0.000000000  -0.000726835   0.000726835  -0.000000000
         27.000  -0.000000000  -0.000713848   0.000713848  -0.000000000
         27.200  -0.000000000  -0.000789583   0.000789583  -0.000000000
         27.400  -0.000000000  -0.000923439   0.000923439  -0.000000000
         27.600  -0.000000000  -0.001071428   0.001071428  -0.000000000
         27.800  -0.000000000  -0.001189862   0.001189862  -0.000000000
         28.000  -0.000000000  -0.001247627   0.001247627  -0.000000000
         28.200  -0.000000000  -0.001233736   0.001233736  -0.000000000
         28.400  -0.000000000  -0.001158484   0.001158484  -0.000000000
         28.600  -0.000000000  -0.001048492   0.001048492  -0.000000000
         28.800  -0.000000000  -0.000937629   0.000937629  -0.000000000
         29.000  -0.000000000  -0.000856768   0.000856768  -0.000000000
         29.200  -0.000000000  -0.000825377   0.000825377  -0.000000000
         29.400  -0.000000000  -0.000847130   0.000847130  -0.000000000
         29.600  -0.000000000  -0.000910397   0.000910397  -0.000000000
         29.800  -0.000000000  -0.000992990   0.000992990  -0.000000000
         30.000  -0.000000000  -0.001069438   0.001069438  -0.000000000
         30.200  -0.000000000  -0.001118477   0.001118477  -0.000000000
         30.400  -0.000000000  -0.001128631   0.001128631  -0.000000000
         30.600  -0.000000000  -0.001100507   0.001100507  -0.000000000
         30.800  -0.000000000  -0.001045453   0.001045453  -0.000000000
         31.000  -0.000000000  -0.000981326   0.000981326  -0.000000000
         31.200  -0.000000000  -0.000926829   0.000926829  -0.000000000
         31.400  -0.000000000  -0.000896164   0.000896164  -0.000000000
         31.600  -0.000000000  -0.000895459   0.000895459  -0.000000000
         31.800  -0.000000000  -0.000921821   0.000921821  -0.000000000
         32.000  -0.000000000  -0.000965022   0.000965022  -0.000000000
         32.200  -0.000000000  -0.001011085   0.001011085  -0.000000000
         32.400  -0.000000000  -0.001046586   0.001046586  -0.000000000
         32.600  -0.000000000  -0.001062380   0.001062380  -0.000000000
         32.800  -0.000000000  -0.001055766   0.001055766  -0.000000000
         33.000  -0.000000000  -0.001030626   0.001030626  -0.000000000
         33.200  -0.000000000  -0.000995694   0.000995694  -0.000000000
         33.400  -0.000000000  -0.000961630   0.000961630  -0.000000000
         33.600  -0.000000000  -0.000937827   0.000937827  -0.000000000
         33.800  -0.000000000  -0.000929888   0.000929888  -0.000000000
         34.000  -0.000000000  -0.000938412   0.000938412  -0.000000000
         34.200  -0.000000000  -0.000959308   0.000959308  -0.000000000
         34.400  -0.000000000  -0.000985399   0.000985399  -0.000000000
         34.600  -0.000000000  -0.001008741   0.001008741  -0.000000000
         34.800  -0.000000000  -0.001022937   0.001022937  -0.000000000
         35.000  -0.000000000  -0.001024788   0.001024788  -0.000000000
         35.200  -0.000000000  -0.001014886   0.001014886  -0.000000000
         35.400  -0.000000000  -0.000997083   0.000997083  -0.000000000
         35.600  -0.000000000  -0.000977089   0.000977089  -0.000000000
         35.800  -0.000000000  -0.000960683   0.000960683  -0.000000000
         36.000  -0.000000000  -0.000952082   0.000952082  -0.000000000
         36.200  -0.000000000  -0.000952898   0.000952898  -0.000000000
         36.400  -0.000000000  -0.000961939   0.000961939  -0.000000000
         36.600  -0.000000000  -0.000975813   0.000975813  -0.000000000
         36.800  -0.000000000  -0.000990095   0.000990095  -0.000000000
         37.000  -0.000000000  -0.001000677   0.001000677  -0.000000000
         37.200  -0.000000000  -0.001004891   0.001004891  -0.000000000
         37.400  -0.000000000  -0.001002121   0.001002121  -0.000000000
         37.600  -0.000000000  -0.000993785   0.000993785  -0.000000000
         37.800  -0.000000000  -0.000982730   0.000982730  -0.000000000
         38.000  -0.000000000  -0.000972299   0.000972299  -0.000000000
         38.200  -0.000000000  -0.000965339   0.000965339  -0.000000000
         38.400  -0.000000000  -0.000963445   0.000963445  -0.000000000
         38.600  -0.000000000  -0.000966633   0.000966633  -0.000000000
         38.800  -0.000000000  -0.000973487   0.000973487  -0.000000000
         39.000  -0.000000000  -0.000981696   0.000981696  -0.000000000
         39.200  -0.000000000  -0.000988793   0.000988793  -0.000000000
         39.400  -0.000000000  -0.000992861   0.000992861  -0.000000000
         39.600  -0.000000000  -0.000993024   0.000993024  -0.000000000
         39.800  -0.000000000  -0.000989593   0.000989593  -0.000000000
         40.000  -0.000000000  -0.000983862   0.000983862  -0.000000000
         40.200  -0.000000000  -0.000977648   0.000977648  -0.000000000
         40.400  -0.000000000  -0.000972731   0.000972731  -0.000000000
         40.600  -0.000000000  -0.000970356   0.000970356  -0.000000000
         40.800  -0.000000000  -0.000970931   0.000970931  -0.000000000
         41.000  -0.000000000  -0.000973994   0.000973994  -0.000000000
         41.200  -0.000000000  -0.000978429   0.000978429  -0.000000000
         41.400  -0.000000000  -0.000982841   0.000982841  -0.000000000
         41.600  -0.000000000  -0.000985976   0.000985976  -0.000000000
         41.800  -0.000000000  -0.000987062   0.000987062  -0.000000000
         42.000  -0.000000000  -0.000985981   0.000985981  -0.000000000
         42.200  -0.000000000  -0.000983235   0.000983235  -0.000000000
         42.400  -0.000000000  -0.000979748   0.000979748  -0.000000000
         42.600  -0.000000000  -0.000976566   0.000976566  -0.000000000
         42.800  -0.000000000  -0.000974546   0.000974546  -0.000000000
         43.000  -0.000000000  -0.000974138   0.000974138  -0.000000000
         43.200  -0.000000000  -0.000975292   0.000975292  -0.000000000
         43.400  -0.000000000  -0.000977527   0.000977527  -0.000000000
         43.600  -0.000000000  -0.000980100   0.000980100  -0.000000000
         43.800  -0.000000000  -0.000982247   0.000982247  -0.000000000
         44.000  -0.000000000  -0.000983399   0.000983399  -0.000000000
         44.200  -0.000000000  -0.000983321   0.000983321  -0.000000000
         44.400  -0.000000000  -0.000982148   0.000982148  -0.000000000
         44.600  -0.000000000  -0.000980310   0.000980310  -0.000000000
         44.800  -0.000000000  -0.000978385   0.000978385  -0.000000000
         45.000  -0.000000000  -0.000976919   0.000976919  -0.000000000
         45.200  -0.000000000  -0.000976276   0.000976276  -0.000000000
         45.400  -0.000000000  -0.000976554   0.000976554  -0.000000000
         45.600  -0.000000000  -0.000977581   0.000977581  -0.000000000
         45.800  -0.000000000  -0.000978993   0.000978993  -0.000000000
         46.000  -0.000000000  -0.000980350   0.000980350  -0.000000000
         46.200  -0.000000000  -0.000981273   0.000981273  -0.000000000
         46.400  -0.000000000  -0.000981540   0.000981540  -0.000000000
         46.600  -0.000000000  -0.000981135   0.000981135  -0.000000000
         46.800  -0.000000000  -0.000980236   0.000980236  -0.000000000
         47.000  -0.000000000  -0.000979140   0.000979140  -0.000000000
         47.200  -0.000000000  -0.000978173   0.000978173  -0.000000000
         47.400  -0.000000000  -0.000977592   0.000977592  -0.000000000
         47.600  -0.000000000  -0.000977522   0.000977522  -0.000000000
         47.800  -0.000000000  -0.000977930   0.000977930  -0.000000000
         48.000  -0.000000000  -0.000978655   0.000978655  -0.000000000
         48.200  -0.000000000  -0.000979458   0.000979458  -0.000000000
         48.400  -0.000000000  -0.000980105   0.000980105  -0.000000000
         48.600  -0.000000000  -0.000980426   0.000980426  -0.000000000
         48.800  -0.000000000  -0.000980362   0.000980362  -0.000000000
         49.000  -0.000000000  -0.000979965   0.000979965  -0.000000000
         49.200  -0.000000000  -0.000979378   0.000979378  -0.000000000
         49.400  -0.000000000  -0.000978784   0.000978784  -0.000000000
         49.600  -0.000000000  -0.000978349   0.000978349  -0.000000000
         49.800  -0.000000000  -0.000978179   0.000978179  -0.000000000
         50.000  -0.000000000  -0.000978296   0.000978296  -0.000000000
         50.200  -0.000000000  -0.000978638   0.000978638  -0.000000000
         50.400  -0.000000000  -0.000979085   0.000979085  -0.000000000
         50.600  -0.000000000  -0.000979501   0.000979501  -0.000000000
         50.800  -0.000000000  -0.000979771   0.000979771  -0.000000000
         51.000  -0.000000000  -0.000979831   0.000979831  -0.000000000
         51.200  -0.000000000  -0.000979685   0.000979685  -0.000000000
         51.400  -0.000000000  -0.000979392   0.000979392  -0.000000000
         51.600  -0.000000000  -0.000979049   0.000979049  -0.000000000
         51.800  -0.000000000  -0.000978756   0.000978756  -0.000000000
         52.000  -0.000000000  -0.000978590   0.000978590  -0.000000000
         52.200  -0.000000000  -0.000978586   0.000978586  -0.000000000
         52.400  -0.000000000  -0.000978728   0.000978728  -0.000000000
         52.600  -0.000000000  -0.000978962   0.000978962  -0.000000000
         52.800  -0.000000000  -0.000979212   0.000979212  -0.000000000
         53.000  -0.000000000  -0.000979406   0.000979406  -0.000000000
         53.200  -0.000000000  -0.000979494   0.000979494  -0.000000000
         53.400  -0.000000000  -0.000979461   0.000979461  -0.000000000
         53.600  -0.000000000  -0.000979328   0.000979328  -0.000000000
         53.800  -0.000000000  -0.000979141   0.000979141  -0.000000000
         54.000  -0.000000000  -0.000978958   0.000978958  -0.000000000
         54.200  -0.000000000  -0.000978830   0.000978830  -0.000000000
         54.400  -0.000000000  -0.000978787   0.000978787  -0.000000000
         54.600  -0.000000000  -0.000978833   0.000978833  -0.000000000
         54.800  -0.000000000  -0.000978946   0.000978946  -0.000000000
         55.000  -0.000000000  -0.000979087   0.000979087  -0.000000000
         55.200  -0.000000000  -0.000979214   0.000979214  -0.000000000
         55.400  -0.000000000  -0.000979292   0.000979292  -0.000000000
         55.600  -0.000000000  -0.000979304   0.000979304  -0.000000000
         55.800  -0.000000000  -0.000979252   0.000979252  -0.000000000
         56.000  -0.000000000  -0.000979157   0.000979157  -0.000000000
         56.200  -0.000000000  -0.000979050   0.000979050  -0.000000000
         56.400  -0.000000000  -0.000978961   0.000978961  -0.000000000
         56.600  -0.000000000  -0.000978915   0.000978915  -0.000000000
         56.800  -0.000000000  -0.000978919   0.000978919  -0.000000000
         57.000  -0.000000000  -0.000978968   0.000978968  -0.000000000
         57.200  -0.000000000  -0.000979043   0.000979043  -0.000000000
         57.400  -0.000000000  -0.000979120   0.000979120  -0.000000000
         57.600  -0.000000000  -0.000979178   0.000979178  -0.000000000
         57.800  -0.000000000  -0.000979202   0.000979202  -0.000000000
         58.000  -0.000000000  -0.000979187   0.000979187  -0.000000000
         58.200  -0.000000000  -0.000979143   0.000979143  -0.000000000
         58.400  -0.000000000  -0.000979084   0.000979084  -0.000000000
         58.600  -0.000000000  -0.000979028   0.000979028  -0.000000000
         58.800  -0.000000000  -0.000978990   0.000978990  -0.000000000
         59.000  -0.000000000  -0.000978980   0.000978980  -0.000000000
         59.200  -0.000000000  -0.000978997   0.000978997  -0.000000000
         59.400  -0.000000000  -0.000979034   0.000979034  -0.000000000
         59.600  -0.000000000  -0.000979079   0.000979079  -0.000000000
         59.800  -0.000000000  -0.000979117   0.000979117  -0.000000000
         60.000  -0.000000000  -0.000979140   0.000979140  -0.000000000
         60.200  -0.000000000  -0.000979141   0.000979141  -0.000000000
         60.400  -0.000000000  -0.000979123   0.000979123  -0.000000000
         60.600  -0.000000000  -0.000979092   0.000979092  -0.000000000
         60.800  -0.000000000  -0.000979059   0.000979059  -0.000000000
         61.000  -0.000000000  -0.000979032   0.000979032  -0.000000000
         61.200  -0.000000000  -0.000979020   0.000979020  -0.000000000
         61.400  -0.000000000  -0.000979023   0.000979023  -0.000000000
         61.600  -0.000000000  -0.000979039   0.000979039  -0.000000000
         61.800  -0.000000000  -0.000979063   0.000979063  -0.000000000
         62.000  -0.000000000  -0.000979087   0.000979087  -0.000000000
         62.200  -0.000000000  -0.000979104   0.000979104  -0.000000000
         62.400  -0.000000000  -0.000979110   0.000979110  -0.000000000
         62.600  -0.000000000  -0.000979105   0.000979105  -0.000000000
         62.800  -0.000000000  -0.000979090   0.000979090  -0.000000000
         63.000  -0.000000000  -0.000979071   0.000979071  -0.000000000
         63.200  -0.000000000  -0.000979054   0.000979054  -0.000000000
         63.400  -0.000000000  -0.000979043   0.000979043  -0.000000000
         63.600  -0.000000000  -0.000979041   0.000979041  -0.000000000
         63.800  -0.000000000  -0.000979047   0.000979047  -0.000000000
         64.000  -0.000000000  -0.000979059   0.000979059  -0.000000000
         64.200  -0.000000000  -0.000979073   0.000979073  -0.000000000
         64.400  -0.000000000  -0.000979085   0.000979085  -0.000000000
         64.600  -0.000000000  -0.000979091   0.000979091  -0.000000000
         64.800  -0.000000000  -0.000979091   0.000979091  -0.000000000
         65.000  -0.000000000  -0.000979085   0.000979085  -0.000000000
         65.200  -0.000000000  -0.000979075   0.000979075  -0.000000000
         65.400  -0.000000000  -0.000979065   0.000979065  -0.000000000
         65.600  -0.000000000  -0.000979057   0.000979057  -0.000000000
         65.800  -0.000000000  -0.000979053   0.000979053  -0.000000000
         66.000  -0.000000000  -0.000979055   0.000979055  -0.000000000
         66.200  -0.000000000  -0.000979060   0.000979060  -0.000000000
         66.400  -0.000000000  -0.000979068   0.000979068  -0.000000000
         66.600  -0.000000000  -0.000979075   0.000979075  -0.000000000
         66.800  -0.000000000  -0.000979080   0.000979080  -0.000000000
         67.000  -0.000000000  -0.000979082   0.000979082  -0.000000000
         67.200  -0.000000000  -0.000979080   0.000979080  -0.000000000
         67.400  -0.000000000  -0.000979075   0.000979075  -0.000000000
         67.600  -0.000000000  -0.000979069   0.000979069  -0.000000000
         67.800  -0.000000000  -0.000979064   0.000979064  -0.000000000
         68.000  -0.000000000  -0.000979061   0.000979061  -0.000000000
         68.200  -0.000000000  -0.000979060   0.000979060  -0.000000000
         68.400  -0.000000000  -0.000979062   0.000979062  -0.000000000
         68.600  -0.000000000  -0.000979066   0.000979066  -0.000000000
         68.800  -0.000000000  -0.000979071   0.000979071  -0.000000000
         69.000  -0.000000000  -0.000979074   0.000979074  -0.000000000
         69.200  -0.000000000  -0.000979076   0.000979076  -0.000000000
         69.400  -0.000000000  -0.000979076   0.000979076  -0.000000000
         69.600  -0.000000000  -0.000979074   0.000979074  -0.000000000
         69.800  -0.000000000  -0.000979070   0.000979070  -0.000000000
         70.000  -0.000000000  -0.000979067   0.000979067  -0.000000000
         70.200  -0.000000000  -0.000979065   0.000979065  -0.000000000
         70.400  -0.000000000  -0.000979064   0.000979064  -0.000000000
         70.600  -0.000000000  -0.000979065   0.000979065  -0.000000000
         70.800  -0.000000000  -0.000979066   0.000979066  -0.000000000
         71.000  -0.000000000  -0.000979069   0.000979069  -0.000000000
         71.200  -0.000000000  -0.000979071   0.000979071  -0.000000000
         71.400  -0.000000000  -0.000979073   0.000979073  -0.000000000
         71.600  -0.000000000  -0.000979073   0.000979073  -0.000000000
         71.800  -0.000000000  -0.000979072   0.000979072  -0.000000000
         72.000  -0.000000000  -0.000979071   0.000979071  -0.000000000
         72.200  -0.000000000  -0.000979069   0.000979069  -0.000000000
         72.400  -0.000000000  -0.000979067   0.000979067  -0.000000000
         72.600  -0.000000000  -0.000979066   0.000979066  -0.000000000
         72.800  -0.000000000  -0.000979066   0.000979066  -0.000000000
         73.000  -0.000000000  -0.000979067   0.000979067  -0.000000000
         73.200  -0.000000000  -0.000979068   0.000979068  -0.000000000
         73.400  -0.000000000  -0.000979070   0.000979070  -0.000000000
         73.600  -0.000000000  -0.000979071   0.000979071  -0.000000000
         73.800  -0.000000000  -0.000979071   0.000979071  -0.000000000
         74.000  -0.000000000  -0.000979071   0.000979071  -0.000000000
         74.200  -0.000000000  -0.000979070   0.000979070  -0.000000000
         74.400  -0.000000000  -0.000979069   0.000979069  -0.000000000
         74.600  -0.000000000  -0.000979068   0.000979068  -0.000000000
         74.800  -0.000000000  -0.000979068   0.000979068  -0.000000000
         75.000  -0.000000000  -0.000979067   0.000979067  -0.000000000
         75.200  -0.000000000  -0.000979068   0.000979068  -0.000000000
         75.400  -0.000000000  -0.000979068   0.000979068  -0.000000000
         75.600  -0.000000000  -0.000979069   0.000979069  -0.000000000
         75.800  -0.000000000  -0.000979070   0.000979070  -0.000000000
         76.000  -0.000000000  -0.000979070   0.000979070  -0.000000000
         76.200  -0.000000000  -0.000979070   0.000979070  -0.000000000
         76.400  -0.000000000  -0.000979070   0.000979070  -0.000000000
         76.600  -0.000000000  -0.000979069   0.000979069  -0.000000000
         76.800  -0.000000000  -0.000979069   0.000979069  -0.000000000
         77.000  -0.000000000  -0.000979068   0.000979068  -0.000000000
         77.200  -0.000000000  -0.000979068   0.000979068  -0.000000000
         77.400  -0.000000000  -0.000979068   0.000979068  -0.000000000
         77.600  -0.000000000  -0.000979068   0.000979068  -0.000000000
         77.800  -0.000000000  -0.000979069   0.000979069  -0.000000000
         78.000  -0.000000000  -0.000979069   0.000979069  -0.000000000
         78.200  -0.000000000  -0.000979069   0.000979069  -0.000000000
         78.400  -0.000000000  -0.000979070   0.000979070  -0.000000000
         78.600  -0.000000000  -0.000979069   0.000979069  -0.000000000
         78.800  -0.000000000  -0.000979069   0.000979069  -0.000000000
         79.000  -0.000000000  -0.000979069   0.000979069  -0.000000000
         79.200  -0.000000000  -0.000979069   0.000979069  -0.000000000
         79.400  -0.000000000  -0.000979068   0.000979068  -0.000000000
         79.600  -0.000000000  -0.000979068   0.000979068  -0.000000000
         79.800  -0.000000000  -0.000979068   0.000979068  -0.000000000
         80.000  -0.000000000  -0.000979069   0.000979069  -0.000000000
         80.200  -0.000000000  -0.000979069   0.000979069  -0.000000000
         80.400  -0.000000000  -0.000979069   0.000979069  -0.000000000
         80.600  -0.000000000  -0.000979069   0.000979069  -0.000000000
         80.800  -0.000000000  -0.000979069   0.000979069  -0.000000000
         81.000  -0.000000000  -0.000979069   0.000979069  -0.000000000
         81.200  -0.000000000  -0.000979069   0.000979069  -0.000000000
         81.400  -0.000000000  -0.000979069   0.000979069  -0.000000000
         81.600  -0.000000000  -0.000979069   0.000979069  -0.000000000
         81.800  -0.000000000  -0.000979069   0.000979069  -0.000000000
         82.000  -0.000000000  -0.000979069   0.000979069  -0.000000000
         82.200  -0.000000000  -0.000979069   0.000979069  -0.000000000
         82.400  -0.000000000  -0.000979069   0.000979069  -0.000000000
         82.600  -0.000000000  -0.000979069   0.000979069  -0.000000000
         82.800  -0.000000000  -0.000979069   0.000979069  -0.000000000
         83.000  -0.000000000  -0.000979069   0.000979069  -0.000000000
         83.200  -0.000000000  -0.000979069   0.000979069  -0.000000000
         83.400  -0.000000000  -0.000979069   0.000979069  -0.000000000
         83.600  -0.000000000  -0.000979069   0.000979069  -0.000000000
         83.800  -0.000000000  -0.000979069   0.000979069  -0.000000000
         84.000  -0.000000000  -0.000979069   0.000979069  -0.000000000
         84.200  -0.000000000  -0.000979069   0.000979069  -0.000000000
         84.400  -0.000000000  -0.000979069   0.000979069  -0.000000000
         84.600  -0.000000000  -0.000979069   0.000979069  -0.000000000
         84.800  -0.000000000  -0.000979069   0.000979069  -0.000000000
         85.000  -0.000000000  -0.000979069   0.000979069  -0.000000000
         85.200  -0.000000000  -0.000979069   0.000979069  -0.000000000
         85.400  -0.000000000  -0.000979069   0.000979069  -0.000000000
         85.600  -0.000000000  -0.000979069   0.000979069  -0.000000000
         85.800  -0.000000000  -0.000979069   0.000979069  -0.000000000
         86.000  -0.000000000  -0.000979069   0.000979069  -0.000000000
         86.200  -0.000000000  -0.000979069   0.000979069  -0.000000000
         86.400  -0.000000000  -0.000979069   0.000979069  -0.000000000
         86.600  -0.000000000  -0.000979069   0.000979069  -0.000000000
         86.800  -0.000000000  -0.000979069   0.000979069  -0.000000000
         87.000  -0.000000000  -0.000979069   0.000979069  -0.000000000
         87.200  -0.000000000  -0.000979069   0.000979069  -0.000000000
         87.400  -0.000000000  -0.000979069   0.000979069  -0.000000000
         87.600  -0.000000000  -0.000979069   0.000979069  -0.000000000
         87.800  -0.000000000  -0.000979069   0.000979069  -0.000000000
         88.000  -0.000000000  -0.000979069   0.000979069  -0.000000000
         88.200  -0.000000000  -0.000979069   0.000979069  -0.000000000
         88.400  -0.000000000  -0.000979069   0.000979069  -0.000000000
         88.600  -0.000000000  -0.000979069   0.000979069  -0.000000000
         88.800  -0.000000000  -0.000979069   0.000979069  -0.000000000
         89.000  -0.000000000  -0.000979069   0.000979069  -0.000000000
         89.200  -0.000000000  -0.000979069   0.000979069  -0.000000000
         89.400  -0.000000000  -0.000979069   0.000979069  -0.000000000
         89.600  -0.000000000  -0.000979069   0.000979069  -0.000000000
         89.800  -0.000000000  -0.000979069   0.000979069  -0.000000000
         90.000  -0.000000000  -0.000979069   0.000979069  -0.000000000
         90.200  -0.000000000  -0.000979069   0.000979069  -0.000000000
         90.400  -0.000000000  -0.000979069   0.000979069  -0.000000000
         90.600  -0.000000000  -0.000979069   0.000979069  -0.000000000
         90.800  -0.000000000  -0.000979069   0.000979069  -0.000000000
         91.000  -0.000000000  -0.000979069   0.000979069  -0.000000000
         91.200  -0.000000000  -0.000979069   0.000979069  -0.000000000
         91.400  -0.000000000  -0.000979069   0.000979069  -0.000000000
         91.600  -0.000000000  -0.000979069   0.000979069  -0.000000000
         91.800  -0.000000000  -0.000979069   0.000979069  -0.000000000
         92.000  -0.000000000  -0.000979069   0.000979069  -0.000000000
         92.200  -0.000000000  -0.000979069   0.000979069  -0.000000000
         92.400  -0.000000000  -0.000979069   0.000979069  -0.000000000
         92.600  -0.000000000  -0.000979069   0.000979069  -0.000000000
         92.800  -0.000000000  -0.000979069   0.000979069  -0.000000000
         93.000  -0.000000000  -0.000979069   0.000979069  -0.000000000
         93.200  -0.000000000  -0.000979069   0.000979069  -0.000000000
         93.400  -0.000000000  -0.000979069   0.000979069  -0.000000000
         93.600  -0.000000000  -0.000979069   0.000979069  -0.000000000
         93.800  -0.000000000  -0.000979069   0.000979069  -0.000000000
         94.000  -0.000000000  -0.000979069   0.000979069  -0.000000000
         94.200  -0.000000000  -0.000979069   0.000979069  -0.000000000
         94.400  -0.000000000  -0.000979069   0.000979069  -0.000000000
         94.600  -0.000000000  -0.000979069   0.000979069  -0.000000000
         94.800  -0.000000000  -0.000979069   0.000979069  -0.000000000
         95.000  -0.000000000  -0.000979069   0.000979069  -0.000000000
         95.200  -0.000000000  -0.000979069   0.000979069  -0.000000000
         95.400  -0.000000000  -0.000979069   0.000979069  -0.000000000
         95.600  -0.000000000  -0.000979069   0.000979069  -0.000000000
         95.800  -0.000000000  -0.000979069   0.000979069  -0.000000000
         96.000  -0.000000000  -0.000979069   0.000979069  -0.000000000
         96.200  -0.000000000  -0.000979069   0.000979069  -0.000000000
         96.400  -0.000000000  -0.000979069   0.000979069  -0.000000000
         96.600  -0.000000000  -0.000979069   0.000979069  -0.000000000
         96.800  -0.000000000  -0.000979069   0.000979069  -0.000000000
         97.000  -0.000000000  -0.000979069   0.000979069  -0.000000000
         97.200  -0.000000000  -0.000979069   0.000979069  -0.000000000
         97.400  -0.000000000  -0.000979069   0.000979069  -0.000000000
         97.600  -0.000000000  -0.000979069   0.000979069  -0.000000000
         97.800  -0.000000000  -0.000979069   0.000979069  -0.000000000
         98.000  -0.000000000  -0.000979069   0.000979069  -0.000000000
         98.200  -0.000000000  -0.000979069   0.000979069  -0.000000000
         98.400  -0.000000000  -0.000979069   0.000979069  -0.000000000
         98.600  -0.000000000  -0.000979069   0.000979069  -0.000000000
         98.800  -0.000000000  -0.000979069   0.000979069  -0.000000000
         99.000  -0.000000000  -0.000979069   0.000979069  -0.000000000
         99.200  -0.000000000  -0.000979069   0.000979069  -0.000000000
         99.400  -0.000000000  -0.000979069   0.000979069  -0.000000000
         99.600  -0.000000000  -0.000979069   0.000979069  -0.000000000
         99.800  -0.000000000  -0.000979069   0.000979069  -0.000000000
        100.000  -0.000000000  -0.000979069   0.000979069  -0.000000000
        100.200  -0.000000000  -0.000979069   0.000979069  -0.000000000
        100.400  -0.000000000  -0.000979069   0.000979069  -0.000000000
        100.600  -0.000000000  -0.000979069   0.000979069  -0.000000000
        100.800  -0.000000000  -0.000979069   0.000979069  -0.000000000
        101.000  -0.000000000  -0.000979069   0.000979069  -0.000000000
        101.200  -0.000000000  -0.000979069   0.000979069  -0.000000000
        101.400  -0.000000000  -0.000979069   0.000979069  -0.000000000
        101.600  -0.000000000  -0.000979069   0.000979069  -0.000000000
        101.800  -0.000000000  -0.000979069   0.000979069  -0.000000000
        102.000  -0.000000000  -0.000979069   0.000979069  -0.000000000
        102.200  -0.000000000  -0.000979069   0.000979069  -0.000000000
        102.400  -0.000000000  -0.000979069   0.000979069  -0.000000000
        102.600  -0.000000000  -0.000979069   0.000979069  -0.000000000
        102.800  -0.000000000  -0.000979069   0.000979069  -0.000000000
        103.000  -0.000000000  -0.000979069   0.000979069  -0.000000000
        103.200  -0.000000000  -0.000979069   0.000979069  -0.000000000
        103.400  -0.000000000  -0.000979069   0.000979069  -0.000000000
        103.600  -0.000000000  -0.000979069   0.000979069  -0.000000000
        103.800  -0.000000000  -0.000979069   0.000979069  -0.000000000
        104.000  -0.000000000  -0.000979069   0.000979069  -0.000000000
        104.200  -0.000000000  -0.000979069   0.000979069  -0.000000000
        104.400  -0.000000000  -0.000979069   0.000979069  -0.000000000
        104.600  -0.000000000  -0.000979069   0.000979069  -0.000000000
        104.800  -0.000000000  -0.000979069   0.000979069  -0.000000000
        105.000  -0.000000000  -0.000979069   0.000979069  -0.000000000
        105.200  -0.000000000  -0.000979069   0.000979069  -0.000000000
        105.400  -0.000000000  -0.000979069   0.000979069  -0.000000000
        105.600  -0.000000000  -0.000979069   0.000979069  -0.000000000
        105.800  -0.000000000  -0.000979069   0.000979069  -0.000000000
        106.000  -0.000000000  -0.000979069   0.000979069  -0.000000000
        106.200  -0.000000000  -0.000979069   0.000979069  -0.000000000
        106.400  -0.000000000  -0.000979069   0.000979069  -0.000000000
        106.600  -0.000000000  -0.000979069   0.000979069  -0.000000000
        106.800  -0.000000000  -0.000979069   0.000979069  -0.000000000
        107.000  -0.000000000  -0.000979069   0.000979069  -0.000000000
        107.200  -0.000000000  -0.000979069   0.000979069  -0.000000000
        107.400  -0.000000000  -0.000979069   0.000979069  -0.000000000
        107.600  -0.000000000  -0.000979069   0.000979069  -0.000000000
        107.800  -0.000000000  -0.000979069   0.000979069  -0.000000000
        108.000  -0.000000000  -0.000979069   0.000979069  -0.000000000
        108.200  -0.000000000  -0.000979069   0.000979069  -0.000000000
        108.400  -0.000000000  -0.000979069   0.000979069  -0.000000000
        108.600  -0.000000000  -0.000979069   0.000979069  -0.000000000
        108.800  -0.000000000  -0.000979069   0.000979069  -0.000000000
        109.000  -0.000000000  -0.000979069   0.000979069  -0.000000000
        109.200  -0.000000000  -0.000979069   0.000979069  -0.000000000
        109.400  -0.000000000  -0.000979069   0.000979069  -0.000000000
        109.600  -0.000000000  -0.000979069   0.000979069  -0.000000000
        109.800  -0.000000000  -0.000979069   0.000979069  -0.000000000
        110.000  -0.000000000  -0.000979069   0.000979069  -0.000000000
        110.200  -0.000000000  -0.000979069   0.000979069  -0.000000000
        110.400  -0.000000000  -0.000979069   0.000979069  -0.000000000
        110.600  -0.000000000  -0.000979069   0.000979069  -0.000000000
        110.800  -0.000000000  -0.000979069   0.000979069  -0.000000000
        111.000  -0.000000000  -0.000979069   0.000979069  -0.000000000
        111.200  -0.000000000  -0.000979069   0.000979069  -0.000000000
        111.400  -0.000000000  -0.000979069   0.000979069  -0.000000000
        111.600  -0.000000000  -0.000979069   0.000979069  -0.000000000
        111.800  -0.000000000  -0.000979069   0.000979069  -0.000000000
        112.000  -0.000000000  -0.000979069   0.000979069  -0.000000000
        112.200  -0.000000000  -0.000979069   0.000979069  -0.000000000
        112.400  -0.000000000  -0.000979069   0.000979069  -0.000000000
        112.600  -0.000000000  -0.000979069   0.000979069  -0.000000000
        112.800  -0.000000000  -0.000979069   0.000979069  -0.000000000
        113.000  -0.000000000  -0.000979069   0.000979069  -0.000000000
        113.200  -0.000000000  -0.000979069   0.000979069  -0.000000000
        113.400  -0.000000000  -0.000979069   0.000979069  -0.000000000
        113.600  -0.000000000  -0.000979069   0.000979069  -0.000000000
        113.800  -0.000000000  -0.000979069   0.000979069  -0.000000000
        114.000  -0.000000000  -0.000979069   0.000979069  -0.000000000
        114.200  -0.000000000  -0.000979069   0.000979069  -0.000000000
        114.400  -0.000000000  -0.000979069   0.000979069  -0.000000000
        114.600  -0.000000000  -0.000979069   0.000979069  -0.000000000
        114.800  -0.000000000  -0.000979069   0.000979069  -0.000000000
        115.000  -0.000000000  -0.000979069   0.000979069  -0.000000000
        115.200  -0.000000000  -0.000979069   0.000979069  -0.000000000
        115.400  -0.000000000  -0.000979069   0.000979069  -0.000000000
        115.600  -0.000000000  -0.000979069   0.000979069  -0.000000000
        115.800  -0.000000000  -0.000979069   0.000979069  -0.000000000
        116.000  -0.000000000  -0.000979069   0.000979069  -0.000000000
        116.200  -0.000000000  -0.000979069   0.000979069  -0.000000000
        116.400  -0.000000000  -0.000979069   0.000979069  -0.000000000
        116.600  -0.000000000  -0.000979069   0.000979069  -0.000000000
        116.800  -0.000000000  -0.000979069   0.000979069  -0.000000000
        117.000  -0.000000000  -0.000979069   0.000979069  -0.000000000
        117.200  -0.000000000  -0.000979069   0.000979069  -0.000000000
        117.400  -0.000000000  -0.000979069   0.000979069  -0.000000000
        117.600  -0.000000000  -0.000979069   0.000979069  -0.000000000
        117.800  -0.000000000  -0.000979069   0.000979069  -0.000000000
        118.000  -0.000000000  -0.000979069   0.000979069  -0.000000000
        118.200  -0.000000000  -0.000979069   0.000979069  -0.000000000
        118.400  -0.000000000  -0.000979069   0.000979069  -0.000000000
        118.600  -0.000000000  -0.000979069   0.000979069  -0.000000000
        118.800  -0.000000000  -0.000979069   0.000979069  -0.000000000
        119.000  -0.000000000  -0.000979069   0.000979069  -0.000000000
        119.200  -0.000000000  -0.000979069   0.000979069  -0.000000000
        119.400  -0.000000000  -0.000979069   0.000979069  -0.000000000
        119.600  -0.000000000  -0.000979069   0.000979069  -0.000000000
        119.800  -0.000000000  -0.000979069   0.000979069  -0.000000000
        120.000  -0.000000000  -0.000979069   0.000979069  -0.000000000
