          0.050   0.997502083   0.002497917   1.000000000
          0.100   0.991518702   0.008481298   1.000000000
          0.150   0.984597236   0.015402764   1.000000000
          0.200   0.978622967   0.021377033   1.000000000
          0.250   0.974231302   0.025768698   1.000000000
          0.300   0.971260188   0.028739812   1.000000000
          0.350   0.969323017   0.030676983   1.000000000
          0.400   0.968071467   0.031928533   1.000000000
          0.450   0.967256018   0.032743982   1.000000000
          0.500   0.966714199   0.033285801   1.000000000
          0.550   0.966344777   0.033655223   1.000000000
          0.600   0.966085743   0.033914257   1.000000000
          0.650   0.965899103   0.034100897   1.000000000
          0.700   0.965761280   0.034238720   1.000000000
          0.750   0.965667489   0.034332511   1.000000000
          0.800   0.965591161   0.034408839   1.000000000
          0.850   0.965520429   0.034479571   1.000000000
          0.900   0.965451873   0.034548127   1.000000000
          0.950   0.965384513   0.034615487   1.000000000
          1.000   0.965317935   0.034682065   1.000000000
          1.050   0.965251803   0.034748197   1.000000000
          1.100   0.965185787   0.034814213   1.000000000
          1.150   0.965119691   0.034880309   1.000000000
          1.200   0.965053443   0.034946557   1.000000000
          1.250   0.964987041   0.035012959   1.000000000
          1.300   0.964920508   0.035079492   1.000000000
          1.350   0.964853867   0.035146133   1.000000000
          1.400   0.964787138   0.035212862   1.000000000
          1.450   0.964720303   0.035279697   1.000000000
          1.500   0.964653413   0.035346587   1.000000000
          1.550   0.964586496   0.035413504   1.000000000
          1.600   0.964519564   0.035480436   1.000000000
          1.650   0.964452625   0.035547375   1.000000000
          1.700   0.964385684   0.035614316   1.000000000
          1.750   0.964318746   0.035681254   1.000000000
          1.800   0.964251814   0.035748186   1.000000000
          1.850   0.964184888   0.035815112   1.000000000
          1.900   0.964117969   0.035882031   1.000000000
          1.950   0.964051060   0.035948940   1.000000000
          2.000   0.963984159   0.036015841   1.000000000
          2.050   0.963917267   0.036082733   1.000000000
          2.100   0.963850385   0.036149615   1.000000000
          2.150   0.963783512   0.036216488   1.000000000
          2.200   0.963716649   0.036283351   1.000000000
          2.250   0.963649796   0.036350204   1.000000000
          2.300   0.963582952   0.036417048   1.000000000
          2.350   0.963516118   0.036483882   1.000000000
          2.400   0.963449293   0.036550707   1.000000000
          2.450   0.963382478   0.036617522   1.000000000
          2.500   0.963315673   0.036684327   1.000000000
          2.550   0.963248878   0.036751122   1.000000000
          2.600   0.963182092   0.036817908   1.000000000
          2.650   0.963115315   0.036884685   1.000000000
          2.700   0.963048549   0.036951451   1.000000000
          2.750   0.962981792   0.037018208   1.000000000
          2.800   0.962915044   0.037084956   1.000000000
          2.850   0.962848306   0.037151694   1.000000000
          2.900   0.962781578   0.037218422   1.000000000
          2.950   0.962714860   0.037285140   1.000000000
          3.000   0.962648151   0.037351849   1.000000000
          3.050   0.962581451   0.037418549   1.000000000
          3.100   0.962514762   0.037485238   1.000000000
          3.150   0.962448082   0.037551918   1.000000000
          3.200   0.962381411   0.037618589   1.000000000
          3.250   0.962314750   0.037685250   1.000000000
          3.300   0.962248099   0.037751901   1.000000000
          3.350   0.962181457   0.037818543   1.000000000
          3.400   0.962114825   0.037885175   1.000000000
          3.450   0.962048203   0.037951797   1.000000000
          3.500   0.961981590   0.038018410   1.000000000
          3.550   0.961914987   0.038085013   1.000000000
          3.600   0.961848393   0.038151607   1.000000000
          3.650   0.961781809   0.038218191   1.000000000
          3.700   0.961715235   0.038284765   1.000000000
          3.750   0.961648670   0.038351330   1.000000000
          3.800   0.961582114   0.038417886   1.000000000
          3.850   0.961515569   0.038484431   1.000000000
          3.900   0.961449033   0.038550967   1.000000000
          3.950   0.961382506   0.038617494   1.000000000
          4.000   0.961315989   0.038684011   1.000000000
          4.050   0.961249482   0.038750518   1.000000000
          4.100   0.961182985   0.038817015   1.000000000
          4.150   0.961116496   0.038883504   1.000000000
          4.200   0.961050018   0.038949982   1.000000000
          4.250   0.960983549   0.039016451   1.000000000
          4.300   0.960917090   0.039082910   1.000000000
          4.350   0.960850640   0.039149360   1.000000000
          4.400   0.960784200   0.039215800   1.000000000
          4.450   0.960717769   0.039282231   1.000000000
          4.500   0.960651348   0.039348652   1.000000000
          4.550   0.960584937   0.039415063   1.000000000
          4.600   0.960518535   0.039481465   1.000000000
          4.650   0.960452142   0.039547858   1.000000000
          4.700   0.960385760   0.039614240   1.000000000
          4.750   0.960319386   0.039680614   1.000000000
          4.800   0.960253023   0.039746977   1.000000000
          4.850   0.960186669   0.039813331   1.000000000
          4.900   0.960120324   0.039879676   1.000000000
          4.950   0.960053989   0.039946011   1.000000000
          5.000   0.959987664   0.040012336   1.000000000
          5.050   0.959921348   0.040078652   1.000000000
          5.100   0.959855042   0.040144958   1.000000000
          5.150   0.959788745   0.040211255   1.000000000
          5.200   0.959722458   0.040277542   1.000000000
          5.250   0.959656181   0.040343819   1.000000000
          5.300   0.959589913   0.040410087   1.000000000
          5.350   0.959523654   0.040476346   1.000000000
          5.400   0.959457406   0.040542594   1.000000000
          5.450   0.959391166   0.040608834   1.000000000
          5.500   0.959324936   0.040675064   1.000000000
          5.550   0.959258716   0.040741284   1.000000000
          5.600   0.959192506   0.040807494   1.000000000
          5.650   0.959126304   0.040873696   1.000000000
          5.700   0.959060113   0.040939887   1.000000000
          5.750   0.958993931   0.041006069   1.000000000
          5.800   0.958927758   0.041072242   1.000000000
          5.850   0.958861595   0.041138405   1.000000000
          5.900   0.958795442   0.041204558   1.000000000
          5.950   0.958729298   0.041270702   1.000000000
          6.000   0.958663164   0.041336836   1.000000000
          6.050   0.958597039   0.041402961   1.000000000
          6.100   0.958530923   0.041469077   1.000000000
          6.150   0.958464818   0.041535182   1.000000000
          6.200   0.958398722   0.041601278   1.000000000
          6.250   0.958332635   0.041667365   1.000000000
          6.300   0.958266558   0.041733442   1.000000000
          6.350   0.958200490   0.041799510   1.000000000
          6.400   0.958134432   0.041865568   1.000000000
          6.450   0.958068383   0.041931617   1.000000000
          6.500   0.958002344   0.041997656   1.000000000
          6.550   0.957936315   0.042063685   1.000000000
          6.600   0.957870295   0.042129705   1.000000000
          6.650   0.957804284   0.042195716   1.000000000
          6.700   0.957738283   0.042261717   1.000000000
          6.750   0.957672292   0.042327708   1.000000000
          6.800   0.957606310   0.042393690   1.000000000
          6.850   0.957540337   0.042459663   1.000000000
          6.900   0.957474374   0.042525626   1.000000000
          6.950   0.957408421   0.042591579   1.000000000
          7.000   0.957342477   0.042657523   1.000000000
          7.050   0.957276542   0.042723458   1.000000000
          7.100   0.957210618   0.042789382   1.000000000
          7.150   0.957144702   0.042855298   1.000000000
          7.200   0.957078796   0.042921204   1.000000000
          7.250   0.957012900   0.042987100   1.000000000
          7.300   0.956947013   0.043052987   1.000000000
          7.350   0.956881136   0.043118864   1.000000000
          7.400   0.956815268   0.043184732   1.000000000
          7.450   0.956749409   0.043250591   1.000000000
          7.500   0.956683560   0.043316440   1.000000000
          7.550   0.956617721   0.043382279   1.000000000
          7.600   0.956551891   0.043448109   1.000000000
          7.650   0.956486070   0.043513930   1.000000000
          7.700   0.956420260   0.043579740   1.000000000
          7.750   0.956354458   0.043645542   1.000000000
          7.800   0.956288666   0.043711334   1.000000000
          7.850   0.956222884   0.043777116   1.000000000
          7.900   0.956157111   0.043842889   1.000000000
          7.950   0.956091347   0.043908653   1.000000000
          8.000   0.956025593   0.043974407   1.000000000
          8.050   0.955959848   0.044040152   1.000000000
          8.100   0.955894113   0.044105887   1.000000000
          8.150   0.955828388   0.044171612   1.000000000
          8.200   0.955762672   0.044237328   1.000000000
          8.250   0.955696965   0.044303035   1.000000000
          8.300   0.955631268   0.044368732   1.000000000
          8.350   0.955565580   0.044434420   1.000000000
          8.400   0.955499902   0.044500098   1.000000000
          8.450   0.955434233   0.044565767   1.000000000
          8.500   0.955368574   0.044631426   1.000000000
          8.550   0.955302924   0.044697076   1.000000000
          8.600   0.955237283   0.044762717   1.000000000
          8.650   0.955171653   0.044828347   1.000000000
          8.700   0.955106031   0.044893969   1.000000000
          8.750   0.955040419   0.044959581   1.000000000
          8.800   0.954974817   0.045025183   1.000000000
          8.850   0.954909223   0.045090777   1.000000000
          8.900   0.954843640   0.045156360   1.000000000
          8.950   0.954778066   0.045221934   1.000000000
          9.000   0.954712501   0.045287499   1.000000000
          9.050   0.954646946   0.045353054   1.000000000
          9.100   0.954581400   0.045418600   1.000000000
          9.150   0.954515864   0.045484136   1.000000000
          9.200   0.954450337   0.045549663   1.000000000
          9.250   0.954384819   0.045615181   1.000000000
          9.300   0.954319311   0.045680689   1.000000000
          9.350   0.954253813   0.045746187   1.000000000
          9.400   0.954188323   0.045811677   1.000000000
          9.450   0.954122844   0.045877156   1.000000000
          9.500   0.954057373   0.045942627   1.000000000
          9.550   0.953991913   0.046008087   1.000000000
          9.600   0.953926461   0.046073539   1.000000000
          9.650   0.953861019   0.046138981   1.000000000
          9.700   0.953795587   0.046204413   1.000000000
          9.750   0.953730164   0.046269836   1.000000000
          9.800   0.953664750   0.046335250   1.000000000
          9.850   0.953599346   0.046400654   1.000000000
          9.900   0.953533951   0.046466049   1.000000000
          9.950   0.953468566   0.046531434   1.000000000
         10.000   0.953403190   0.046596810   1.000000000
         10.050   0.953337823   0.046662177   1.000000000
         10.100   0.953272466   0.046727534   1.000000000
         10.150   0.953207119   0.046792881   1.000000000
         10.200   0.953141780   0.046858220   1.000000000
         10.250   0.953076452   0.046923548   1.000000000
         10.300   0.953011132   0.046988868   1.000000000
         10.350   0.952945822   0.047054178   1.000000000
         10.400   0.952880522   0.047119478   1.000000000
         10.450   0.952815230   0.047184770   1.000000000
         10.500   0.952749949   0.047250051   1.000000000
         10.550   0.952684676   0.047315324   1.000000000
         10.600   0.952619414   0.047380586   1.000000000
         10.650   0.952554160   0.047445840   1.000000000
         10.700   0.952488916   0.047511084   1.000000000
         10.750   0.952423681   0.047576319   1.000000000
         10.800   0.952358456   0.047641544   1.000000000
         10.850   0.952293240   0.047706760   1.000000000
         10.900   0.952228034   0.047771966   1.000000000
         10.950   0.952162837   0.047837163   1.000000000
         11.000   0.952097649   0.047902351   1.000000000
         11.050   0.952032471   0.047967529   1.000000000
         11.100   0.951967302   0.048032698   1.000000000
         11.150   0.951902142   0.048097858   1.000000000
         11.200   0.951836992   0.048163008   1.000000000
         11.250   0.951771851   0.048228149   1.000000000
         11.300   0.951706720   0.048293280   1.000000000
         11.350   0.951641598   0.048358402   1.000000000
         11.400   0.951576486   0.048423514   1.000000000
         11.450   0.951511382   0.048488618   1.000000000
         11.500   0.951446289   0.048553711   1.000000000
         11.550   0.951381204   0.048618796   1.000000000
         11.600   0.951316129   0.048683871   1.000000000
         11.650   0.951251064   0.048748936   1.000000000
         11.700   0.951186007   0.048813993   1.000000000
         11.750   0.951120961   0.048879039   1.000000000
         11.800   0.951055923   0.048944077   1.000000000
         11.850   0.950990895   0.049009105   1.000000000
         11.900   0.950925876   0.049074124   1.000000000
         11.950   0.950860867   0.049139133   1.000000000
         12.000   0.950795867   0.049204133   1.000000000
         12.050   0.950730876   0.049269124   1.000000000
         12.100   0.950665895   0.049334105   1.000000000
         12.150   0.950600923   0.049399077   1.000000000
         12.200   0.950535961   0.049464039   1.000000000
         12.250   0.950471008   0.049528992   1.000000000
         12.300   0.950406064   0.049593936   1.000000000
         12.350   0.950341129   0.049658871   1.000000000
         12.400   0.950276204   0.049723796   1.000000000
         12.450   0.950211289   0.049788711   1.000000000
         12.500   0.950146382   0.049853618   1.000000000
         12.550   0.950081485   0.049918515   1.000000000
         12.600   0.950016598   0.049983402   1.000000000
         12.650   0.949951720   0.050048280   1.000000000
         12.700   0.949886851   0.050113149   1.000000000
         12.750   0.949821991   0.050178009   1.000000000
         12.800   0.949757141   0.050242859   1.000000000
         12.850   0.949692300   0.050307700   1.000000000
         12.900   0.949627469   0.050372531   1.000000000
         12.950   0.949562646   0.050437354   1.000000000
         13.000   0.949497834   0.050502166   1.000000000
         13.050   0.949433030   0.050566970   1.000000000
         13.100   0.949368236   0.050631764   1.000000000
         13.150   0.949303451   0.050696549   1.000000000
         13.200   0.949238676   0.050761324   1.000000000
         13.250   0.949173910   0.050826090   1.000000000
         13.300   0.949109153   0.050890847   1.000000000
         13.350   0.949044405   0.050955595   1.000000000
         13.400   0.948979667   0.051020333   1.000000000
         13.450   0.948914939   0.051085061   1.000000000
         13.500   0.948850219   0.051149781   1.000000000
         13.550   0.948785509   0.051214491   1.000000000
         13.600   0.948720808   0.051279192   1.000000000
         13.650   0.948656117   0.051343883   1.000000000
         13.700   0.948591435   0.051408565   1.000000000
         13.750   0.948526762   0.051473238   1.000000000
         13.800   0.948462098   0.051537902   1.000000000
         13.850   0.948397444   0.051602556   1.000000000
         13.900   0.948332799   0.051667201   1.000000000
         13.950   0.948268164   0.051731836   1.000000000
         14.000   0.948203538   0.051796462   1.000000000
         14.050   0.948138921   0.051861079   1.000000000
         14.100   0.948074313   0.051925687   1.000000000
         14.150   0.948009715   0.051990285   1.000000000
         14.200   0.947945126   0.052054874   1.000000000
         14.250   0.947880547   0.052119453   1.000000000
         14.300   0.947815976   0.052184024   1.000000000
         14.350   0.947751415   0.052248585   1.000000000
         14.400   0.947686864   0.052313136   1.000000000
         14.450   0.947622321   0.052377679   1.000000000
         14.500   0.947557788   0.052442212   1.000000000
         14.550   0.947493264   0.052506736   1.000000000
         14.600   0.947428750   0.052571250   1.000000000
         14.650   0.947364245   0.052635755   1.000000000
         14.700   0.947299749   0.052700251   1.000000000
         14.750   0.947235262   0.052764738   1.000000000
         14.800   0.947170785   0.052829215   1.000000000
         14.850   0.947106317   0.052893683   1.000000000
         14.900   0.947041858   0.052958142   1.000000000
         14.950   0.946977409   0.053022591   1.000000000
         15.000   0.946912969   0.053087031   1.000000000
         15.050   0.946848538   0.053151462   1.000000000
         15.100   0.946784116   0.053215884   1.000000000
         15.150   0.946719704   0.053280296   1.000000000
         15.200   0.946655301   0.053344699   1.000000000
         15.250   0.946590908   0.053409092   1.000000000
         15.300   0.946526523   0.053473477   1.000000000
         15.350   0.946462148   0.053537852   1.000000000
         15.400   0.946397782   0.053602218   1.000000000
         15.450   0.946333426   0.053666574   1.000000000
         15.500   0.946269078   0.053730922   1.000000000
         15.550   0.946204740   0.053795260   1.000000000
         15.600   0.946140412   0.053859588   1.000000000
         15.650   0.946076092   0.053923908   1.000000000
         15.700   0.946011782   0.053988218   1.000000000
         15.750   0.945947481   0.054052519   1.000000000
         15.800   0.945883190   0.054116810   1.000000000
         15.850   0.945818907   0.054181093   1.000000000
         15.900   0.945754634   0.054245366   1.000000000
         15.950   0.945690370   0.054309630   1.000000000
         16.000   0.945626116   0.054373884   1.000000000
         16.050   0.945561871   0.054438129   1.000000000
         16.100   0.945497635   0.054502365   1.000000000
         16.150   0.945433408   0.054566592   1.000000000
         16.200   0.945369190   0.054630810   1.000000000
         16.250   0.945304982   0.054695018   1.000000000
         16.300   0.945240783   0.054759217   1.000000000
         16.350   0.945176593   0.054823407   1.000000000
         16.400   0.945112413   0.054887587   1.000000000
         16.450   0.945048242   0.054951758   1.000000000
         16.500   0.944984080   0.055015920   1.000000000
         16.550   0.944919927   0.055080073   1.000000000
         16.600   0.944855783   0.055144217   1.000000000
         16.650   0.944791649   0.055208351   1.000000000
         16.700   0.944727524   0.055272476   1.000000000
         16.750   0.944663408   0.055336592   1.000000000
         16.800   0.944599302   0.055400698   1.000000000
         16.850   0.944535205   0.055464795   1.000000000
         16.900   0.944471117   0.055528883   1.000000000
         16.950   0.944407038   0.055592962   1.000000000
         17.000   0.944342968   0.055657032   1.000000000
         17.050   0.944278908   0.055721092   1.000000000
         17.100   0.944214857   0.055785143   1.000000000
         17.150   0.944150815   0.055849185   1.000000000
         17.200   0.944086783   0.055913217   1.000000000
         17.250   0.944022759   0.055977241   1.000000000
         17.300   0.943958745   0.056041255   1.000000000
         17.350   0.943894740   0.056105260   1.000000000
         17.400   0.943830744   0.056169256   1.000000000
         17.450   0.943766758   0.056233242   1.000000000
         17.500   0.943702781   0.056297219   1.000000000
         17.550   0.943638813   0.056361187   1.000000000
         17.600   0.943574854   0.056425146   1.000000000
         17.650   0.943510904   0.056489096   1.000000000
         17.700   0.943446964   0.056553036   1.000000000
         17.750   0.943383033   0.056616967   1.000000000
         17.800   0.943319111   0.056680889   1.000000000
         17.850   0.943255198   0.056744802   1.000000000
         17.900   0.943191295   0.056808705   1.000000000
         17.950   0.943127401   0.056872599   1.000000000
         18.000   0.943063516   0.056936484   1.000000000
         18.050   0.942999640   0.057000360   1.000000000
         18.100   0.942935773   0.057064227   1.000000000
         18.150   0.942871916   0.057128084   1.000000000
         18.200   0.942808067   0.057191933   1.000000000
         18.250   0.942744228   0.057255772   1.000000000
         18.300   0.942680399   0.057319601   1.000000000
         18.350   0.942616578   0.057383422   1.000000000
         18.400   0.942552767   0.057447233   1.000000000
         18.450   0.942488964   0.057511036   1.000000000
         18.500   0.942425171   0.057574829   1.000000000
         18.550   0.942361388   0.057638612   1.000000000
         18.600   0.942297613   0.057702387   1.000000000
         18.650   0.942233848   0.057766152   1.000000000
         18.700   0.942170091   0.057829909   1.000000000
         18.750   0.942106344   0.057893656   1.000000000
         18.800   0.942042606   0.057957394   1.000000000
         18.850   0.941978878   0.058021122   1.000000000
         18.900   0.941915158   0.058084842   1.000000000
         18.950   0.941851448   0.058148552   1.000000000
         19.000   0.941787747   0.058212253   1.000000000
         19.050   0.941724055   0.058275945   1.000000000
         19.100   0.941660372   0.058339628   1.000000000
         19.150   0.941596699   0.058403301   1.000000000
         19.200   0.941533034   0.058466966   1.000000000
         19.250   0.941469379   0.058530621   1.000000000
         19.300   0.941405733   0.058594267   1.000000000
         19.350   0.941342096   0.058657904   1.000000000
         19.400   0.941278469   0.058721531   1.000000000
         19.450   0.941214850   0.058785150   1.000000000
         19.500   0.941151241   0.058848759   1.000000000
         19.550   0.941087641   0.058912359   1.000000000
         19.600   0.941024050   0.058975950   1.000000000
         19.650   0.940960468   0.059039532   1.000000000
         19.700   0.940896895   0.059103105   1.000000000
         19.750   0.940833332   0.059166668   1.000000000
         19.800   0.940769777   0.059230223   1.000000000
         19.850   0.940706232   0.059293768   1.000000000
         19.900   0.940642696   0.059357304   1.000000000
         19.950   0.940579169   0.059420831   1.000000000
         20.000   0.940515652   0.059484348   1.000000000
         20.050   0.940452143   0.059547857   1.000000000
         20.100   0.940388644   0.059611356   1.000000000
         20.150   0.940325154   0.059674846   1.000000000
         20.200   0.940261673   0.059738327   1.000000000
         20.250   0.940198201   0.059801799   1.000000000
         20.300   0.940134738   0.059865262   1.000000000
         20.350   0.940071284   0.059928716   1.000000000
         20.400   0.940007840   0.059992160   1.000000000
         20.450   0.939944404   0.060055596   1.000000000
         20.500   0.939880978   0.060119022   1.000000000
         20.550   0.939817561   0.060182439   1.000000000
         20.600   0.939754153   0.060245847   1.000000000
         20.650   0.939690755   0.060309245   1.000000000
         20.700   0.939627365   0.060372635   1.000000000
         20.750   0.939563985   0.060436015   1.000000000
         20.800   0.939500613   0.060499387   1.000000000
         20.850   0.939437251   0.060562749   1.000000000
         20.900   0.939373898   0.060626102   1.000000000
         20.950   0.939310554   0.060689446   1.000000000
         21.000   0.939247219   0.060752781   1.000000000
         21.050   0.939183894   0.060816106   1.000000000
         21.100   0.939120577   0.060879423   1.000000000
         21.150   0.939057270   0.060942730   1.000000000
         21.200   0.938993972   0.061006028   1.000000000
         21.250   0.938930682   0.061069318   1.000000000
         21.300   0.938867402   0.061132598   1.000000000
         21.350   0.938804131   0.061195869   1.000000000
         21.400   0.938740870   0.061259130   1.000000000
         21.450   0.938677617   0.061322383   1.000000000
         21.500   0.938614373   0.061385627   1.000000000
         21.550   0.938551139   0.061448861   1.000000000
         21.600   0.938487914   0.061512086   1.000000000
         21.650   0.938424698   0.061575302   1.000000000
         21.700   0.938361491   0.061638509   1.000000000
         21.750   0.938298293   0.061701707   1.000000000
         21.800   0.938235104   0.061764896   1.000000000
         21.850   0.938171924   0.061828076   1.000000000
         21.900   0.938108753   0.061891247   1.000000000
         21.950   0.938045592   0.061954408   1.000000000
         22.000   0.937982439   0.062017561   1.000000000
         22.050   0.937919296   0.062080704   1.000000000
         22.100   0.937856162   0.062143838   1.000000000
         22.150   0.937793037   0.062206963   1.000000000
         22.200   0.937729921   0.062270079   1.000000000
         22.250   0.937666814   0.062333186   1.000000000
         22.300   0.937603716   0.062396284   1.000000000
         22.350   0.937540627   0.062459373   1.000000000
         22.400   0.937477548   0.062522452   1.000000000
         22.450   0.937414477   0.062585523   1.000000000
         22.500   0.937351416   0.062648584   1.000000000
         22.550   0.937288363   0.062711637   1.000000000
         22.600   0.937225320   0.062774680   1.000000000
         22.650   0.937162286   0.062837714   1.000000000
         22.700   0.937099261   0.062900739   1.000000000
         22.750   0.937036245   0.062963755   1.000000000
         22.800   0.936973238   0.063026762   1.000000000
         22.850   0.936910240   0.063089760   1.000000000
         22.900   0.936847252   0.063152748   1.000000000
         22.950   0.936784272   0.063215728   1.000000000
         23.000   0.936721301   0.063278699   1.000000000
         23.050   0.936658340   0.063341660   1.000000000
         23.100   0.936595387   0.063404613   1.000000000
         23.150   0.936532444   0.063467556   1.000000000
         23.200   0.936469510   0.063530490   1.000000000
         23.250   0.936406585   0.063593415   1.000000000
         23.300   0.936343668   0.063656332   1.000000000
         23.350   0.936280761   0.063719239   1.000000000
         23.400   0.936217863   0.063782137   1.000000000
         23.450   0.936154975   0.063845025   1.000000000
         23.500   0.936092095   0.063907905   1.000000000
         23.550   0.936029224   0.063970776   1.000000000
         23.600   0.935966362   0.064033638   1.000000000
         23.650   0.935903510   0.064096490   1.000000000
         23.700   0.935840666   0.064159334   1.000000000
         23.750   0.935777831   0.064222169   1.000000000
         23.800   0.935715006   0.064284994   1.000000000
         23.850   0.935652189   0.064347811   1.000000000
         23.900   0.935589382   0.064410618   1.000000000
         23.950   0.935526584   0.064473416   1.000000000
         24.000   0.935463795   0.064536205   1.000000000
         24.050   0.935401014   0.064598986   1.000000000
         24.100   0.935338243   0.064661757   1.000000000
         24.150   0.935275481   0.064724519   1.000000000
         24.200   0.935212728   0.064787272   1.000000000
         24.250   0.935149984   0.064850016   1.000000000
         24.300   0.935087249   0.064912751   1.000000000
         24.350   0.935024523   0.064975477   1.000000000
         24.400   0.934961806   0.065038194   1.000000000
         24.450   0.934899098   0.065100902   1.000000000
         24.500   0.934836400   0.065163600   1.000000000
         24.550   0.934773710   0.065226290   1.000000000
         24.600   0.934711029   0.065288971   1.000000000
         24.650   0.934648358   0.065351642   1.000000000
         24.700   0.934585695   0.065414305   1.000000000
         24.750   0.934523041   0.065476959   1.000000000
         24.800   0.934460397   0.065539603   1.000000000
         24.850   0.934397761   0.065602239   1.000000000
         24.900   0.934335135   0.065664865   1.000000000
         24.950   0.934272517   0.065727483   1.000000000
         25.000   0.934209909   0.065790091   1.000000000
         25.050   0.934147309   0.065852691   1.000000000
         25.100   0.934084719   0.065915281   1.000000000
         25.150   0.934022137   0.065977863   1.000000000
         25.200   0.933959565   0.066040435   1.000000000
         25.250   0.933897002   0.066102998   1.000000000
         25.300   0.933834447   0.066165553   1.000000000
         25.350   0.933771902   0.066228098   1.000000000
         25.400   0.933709366   0.066290634   1.000000000
         25.450   0.933646839   0.066353161   1.000000000
         25.500   0.933584320   0.066415680   1.000000000
         25.550   0.933521811   0.066478189   1.000000000
         25.600   0.933459311   0.066540689   1.000000000
         25.650   0.933396820   0.066603180   1.000000000
         25.700   0.933334337   0.066665663   1.000000000
         25.750   0.933271864   0.066728136   1.000000000
         25.800   0.933209400   0.066790600   1.000000000
         25.850   0.933146945   0.066853055   1.000000000
         25.900   0.933084499   0.066915501   1.000000000
         25.950   0.933022061   0.066977939   1.000000000
         26.000   0.932959633   0.067040367   1.000000000
         26.050   0.932897214   0.067102786   1.000000000
         26.100   0.932834804   0.067165196   1.000000000
         26.150   0.932772403   0.067227597   1.000000000
         26.200   0.932710011   0.067289989   1.000000000
         26.250   0.932647627   0.067352373   1.000000000
         26.300   0.932585253   0.067414747   1.000000000
         26.350   0.932522888   0.067477112   1.000000000
         26.400   0.932460532   0.067539468   1.000000000
         26.450   0.932398185   0.067601815   1.000000000
         26.500   0.932335846   0.067664154   1.000000000
         26.550   0.932273517   0.067726483   1.000000000
         26.600   0.932211197   0.067788803   1.000000000
         26.650   0.932148886   0.067851114   1.000000000
         26.700   0.932086583   0.067913417   1.000000000
         26.750   0.932024290   0.067975710   1.000000000
         26.800   0.931962006   0.068037994   1.000000000
         26.850   0.931899730   0.068100270   1.000000000
         26.900   0.931837464   0.068162536   1.000000000
         26.950   0.931775206   0.068224794   1.000000000
         27.000   0.931712958   0.068287042   1.000000000
         27.050   0.931650719   0.068349281   1.000000000
         27.100   0.931588488   0.068411512   1.000000000
         27.150   0.931526267   0.068473733   1.000000000
         27.200   0.931464054   0.068535946   1.000000000
         27.250   0.931401850   0.068598150   1.000000000
         27.300   0.931339656   0.068660344   1.000000000
         27.350   0.931277470   0.068722530   1.000000000
         27.400   0.931215294   0.068784706   1.000000000
         27.450   0.931153126   0.068846874   1.000000000
         27.500   0.931090967   0.068909033   1.000000000
         27.550   0.931028817   0.068971183   1.000000000
         27.600   0.930966677   0.069033323   1.000000000
         27.650   0.930904545   0.069095455   1.000000000
         27.700   0.930842422   0.069157578   1.000000000
         27.750   0.930780308   0.069219692   1.000000000
         27.800   0.930718203   0.069281797   1.000000000
         27.850   0.930656107   0.069343893   1.000000000
         27.900   0.930594020   0.069405980   1.000000000
         27.950   0.930531942   0.069468058   1.000000000
         28.000   0.930469872   0.069530128   1.000000000
         28.050   0.930407812   0.069592188   1.000000000
         28.100   0.930345761   0.069654239   1.000000000
         28.150   0.930283719   0.069716281   1.000000000
         28.200   0.930221685   0.069778315   1.000000000
         28.250   0.930159661   0.069840339   1.000000000
         28.300   0.930097645   0.069902355   1.000000000
         28.350   0.930035639   0.069964361   1.000000000
         28.400   0.929973641   0.070026359   1.000000000
         28.450   0.929911652   0.070088348   1.000000000
         28.500   0.929849673   0.070150327   1.000000000
         28.550   0.929787702   0.070212298   1.000000000
         28.600   0.929725740   0.070274260   1.000000000
         28.650   0.929663787   0.070336213   1.000000000
         28.700   0.929601843   0.070398157   1.000000000
         28.750   0.929539908   0.070460092   1.000000000
         28.800   0.929477982   0.070522018   1.000000000
         28.850   0.929416064   0.070583936   1.000000000
         28.900   0.929354156   0.070645844   1.000000000
         28.950   0.929292257   0.070707743   1.000000000
         29.000   0.929230366   0.070769634   1.000000000
         29.050   0.929168485   0.070831515   1.000000000
         29.100   0.929106612   0.070893388   1.000000000
         29.150   0.929044748   0.070955252   1.000000000
         29.200   0.928982894   0.071017106   1.000000000
         29.250   0.928921048   0.071078952   1.000000000
         29.300   0.928859211   0.071140789   1.000000000
         29.350   0.928797383   0.071202617   1.000000000
         29.400   0.928735564   0.071264436   1.000000000
         29.450   0.928673753   0.071326247   1.000000000
         29.500   0.928611952   0.071388048   1.000000000
         29.550   0.928550160   0.071449840   1.000000000
         29.600   0.928488376   0.071511624   1.000000000
         29.650   0.928426602   0.071573398   1.000000000
         29.700   0.928364836   0.071635164   1.000000000
         29.750   0.928303079   0.071696921   1.000000000
         29.800   0.928241331   0.071758669   1.000000000
         29.850   0.928179592   0.071820408   1.000000000
         29.900   0.928117862   0.071882138   1.000000000
         29.950   0.928056141   0.071943859   1.000000000
         30.000   0.927994429   0.072005571   1.000000000

 NumProc =            1
