          0.050   0.997502083   0.003593672   0.003593672   0.002497917
          0.100   0.991518702   0.021612756   0.021612756   0.008481298
          0.150   0.984597236   0.046458006   0.046458006   0.015402764
          0.200   0.978622967   0.063816738   0.063816738   0.021377033
          0.250   0.974231302   0.071457020   0.071457020   0.025768698
          0.300   0.971260188   0.072981833   0.072981833   0.028739812
          0.350   0.969323017   0.071721901   0.071721901   0.030676983
          0.400   0.968071467   0.069549580   0.069549580   0.031928533
          0.450   0.967256018   0.067309737   0.067309737   0.032743982
          0.500   0.966714199   0.065036090   0.065036090   0.033285801
          0.550   0.966372416   0.063020571   0.063020571   0.033627584
          0.600   0.966122666   0.061564526   0.061564526   0.033877334
          0.650   0.965913025   0.060528688   0.060528688   0.034086975
          0.700   0.965721999   0.059879546   0.059879546   0.034278001
          0.750   0.965537819   0.059533282   0.059533282   0.034462181
          0.800   0.965355171   0.059340656   0.059340656   0.034644829
          0.850   0.965172086   0.059226936   0.059226936   0.034827914
          0.900   0.964988034   0.059156071   0.059156071   0.035011966
          0.950   0.964803013   0.059110420   0.059110420   0.035196987
          1.000   0.964617169   0.059082996   0.059082996   0.035382831
          1.050   0.964430442   0.059067438   0.059067438   0.035569558
          1.100   0.964243256   0.059058116   0.059058116   0.035756744
          1.150   0.964055841   0.059052004   0.059052004   0.035944159
          1.200   0.963868318   0.059047434   0.059047434   0.036131682
          1.250   0.963680769   0.059044195   0.059044195   0.036319231
          1.300   0.963493243   0.059042021   0.059042021   0.036506757
          1.350   0.963305766   0.059040625   0.059040625   0.036694234
          1.400   0.963118351   0.059039753   0.059039753   0.036881649
          1.450   0.962931006   0.059039217   0.059039217   0.037068994
          1.500   0.962743735   0.059038873   0.059038873   0.037256265
          1.550   0.962556541   0.059038644   0.059038644   0.037443459
          1.600   0.962369425   0.059038492   0.059038492   0.037630575
          1.650   0.962182384   0.059038393   0.059038393   0.037817616
          1.700   0.961995420   0.059038333   0.059038333   0.038004580
          1.750   0.961808533   0.059038295   0.059038295   0.038191467
          1.800   0.961621721   0.059038271   0.059038271   0.038378279
          1.850   0.961434985   0.059038256   0.059038256   0.038565015
          1.900   0.961248324   0.059038246   0.059038246   0.038751676
          1.950   0.961061739   0.059038239   0.059038239   0.038938261
          2.000   0.960875230   0.059038235   0.059038235   0.039124770
          2.050   0.960688796   0.059038232   0.059038232   0.039311204
          2.100   0.960502438   0.059038230   0.059038230   0.039497562
          2.150   0.960316154   0.059038229   0.059038229   0.039683846
          2.200   0.960129947   0.059038228   0.059038228   0.039870053
          2.250   0.959943814   0.059038228   0.059038228   0.040056186
          2.300   0.959757757   0.059038228   0.059038228   0.040242243
          2.350   0.959571775   0.059038227   0.059038227   0.040428225
          2.400   0.959385869   0.059038227   0.059038227   0.040614131
          2.450   0.959200037   0.059038227   0.059038227   0.040799963
          2.500   0.959014281   0.059038227   0.059038227   0.040985719
          2.550   0.958828600   0.059038227   0.059038227   0.041171400
          2.600   0.958642994   0.059038227   0.059038227   0.041357006
          2.650   0.958457463   0.059038227   0.059038227   0.041542537
          2.700   0.958272007   0.059038227   0.059038227   0.041727993
          2.750   0.958086627   0.059038227   0.059038227   0.041913373
          2.800   0.957901321   0.059038227   0.059038227   0.042098679
          2.850   0.957716090   0.059038227   0.059038227   0.042283910
          2.900   0.957530934   0.059038227   0.059038227   0.042469066
          2.950   0.957345853   0.059038227   0.059038227   0.042654147
          3.000   0.957160847   0.059038227   0.059038227   0.042839153
          3.050   0.956975915   0.059038227   0.059038227   0.043024085
          3.100   0.956791059   0.059038227   0.059038227   0.043208941
          3.150   0.956606277   0.059038227   0.059038227   0.043393723
          3.200   0.956421570   0.059038227   0.059038227   0.043578430
          3.250   0.956236938   0.059038227   0.059038227   0.043763062
          3.300   0.956052380   0.059038227   0.059038227   0.043947620
          3.350   0.955867897   0.059038227   0.059038227   0.044132103
          3.400   0.955683489   0.059038227   0.059038227   0.044316511
          3.450   0.955499155   0.059038227   0.059038227   0.044500845
          3.500   0.955314896   0.059038227   0.059038227   0.044685104
          3.550   0.955130712   0.059038227   0.059038227   0.044869288
          3.600   0.954946602   0.059038227   0.059038227   0.045053398
          3.650   0.954762566   0.059038227   0.059038227   0.045237434
          3.700   0.954578605   0.059038227   0.059038227   0.045421395
          3.750   0.954394718   0.059038227   0.059038227   0.045605282
          3.800   0.954210906   0.059038227   0.059038227   0.045789094
          3.850   0.954027168   0.059038227   0.059038227   0.045972832
          3.900   0.953843504   0.059038227   0.059038227   0.046156496
          3.950   0.953659915   0.059038227   0.059038227   0.046340085
          4.000   0.953476399   0.059038227   0.059038227   0.046523601
          4.050   0.953292959   0.059038227   0.059038227   0.046707041
          4.100   0.953109592   0.059038227   0.059038227   0.046890408
          4.150   0.952926299   0.059038227   0.059038227   0.047073701
          4.200   0.952743081   0.059038227   0.059038227   0.047256919
          4.250   0.952559937   0.059038227   0.059038227   0.047440063
          4.300   0.952376867   0.059038227   0.059038227   0.047623133
          4.350   0.952193871   0.059038227   0.059038227   0.047806129
          4.400   0.952010948   0.059038227   0.059038227   0.047989052
          4.450   0.951828100   0.059038227   0.059038227   0.048171900
          4.500   0.951645326   0.059038227   0.059038227   0.048354674
          4.550   0.951462626   0.059038227   0.059038227   0.048537374
          4.600   0.951280000   0.059038227   0.059038227   0.048720000
          4.650   0.951097447   0.059038227   0.059038227   0.048902553
          4.700   0.950914969   0.059038227   0.059038227   0.049085031
          4.750   0.950732564   0.059038227   0.059038227   0.049267436
          4.800   0.950550233   0.059038227   0.059038227   0.049449767
          4.850   0.950367976   0.059038227   0.059038227   0.049632024
          4.900   0.950185792   0.059038227   0.059038227   0.049814208
          4.950   0.950003683   0.059038227   0.059038227   0.049996317
          5.000   0.949821647   0.059038227   0.059038227   0.050178353
          5.050   0.949639684   0.059038227   0.059038227   0.050360316
          5.100   0.949457795   0.059038227   0.059038227   0.050542205
          5.150   0.949275980   0.059038227   0.059038227   0.050724020
          5.200   0.949094238   0.059038227   0.059038227   0.050905762
          5.250   0.948912570   0.059038227   0.059038227   0.051087430
          5.300   0.948730975   0.059038227   0.059038227   0.051269025
          5.350   0.948549454   0.059038227   0.059038227   0.051450546
          5.400   0.948368006   0.059038227   0.059038227   0.051631994
          5.450   0.948186632   0.059038227   0.059038227   0.051813368
          5.500   0.948005331   0.059038227   0.059038227   0.051994669
          5.550   0.947824103   0.059038227   0.059038227   0.052175897
          5.600   0.947642949   0.059038227   0.059038227   0.052357051
          5.650   0.947461867   0.059038227   0.059038227   0.052538133
          5.700   0.947280860   0.059038227   0.059038227   0.052719140
          5.750   0.947099925   0.059038227   0.059038227   0.052900075
          5.800   0.946919063   0.059038227   0.059038227   0.053080937
          5.850   0.946738275   0.059038227   0.059038227   0.053261725
          5.900   0.946557560   0.059038227   0.059038227   0.053442440
          5.950   0.946376918   0.059038227   0.059038227   0.053623082
          6.000   0.946196349   0.059038227   0.059038227   0.053803651
          6.050   0.946015853   0.059038227   0.059038227   0.053984147
          6.100   0.945835430   0.059038227   0.059038227   0.054164570
          6.150   0.945655080   0.059038227   0.059038227   0.054344920
          6.200   0.945474803   0.059038227   0.059038227   0.054525197
          6.250   0.945294599   0.059038227   0.059038227   0.054705401
          6.300   0.945114468   0.059038227   0.059038227   0.054885532
          6.350   0.944934410   0.059038227   0.059038227   0.055065590
          6.400   0.944754424   0.059038227   0.059038227   0.055245576
          6.450   0.944574511   0.059038227   0.059038227   0.055425489
          6.500   0.944394672   0.059038227   0.059038227   0.055605328
          6.550   0.944214904   0.059038227   0.059038227   0.055785096
          6.600   0.944035210   0.059038227   0.059038227   0.055964790
          6.650   0.943855588   0.059038227   0.059038227   0.056144412
          6.700   0.943676039   0.059038227   0.059038227   0.056323961
          6.750   0.943496563   0.059038227   0.059038227   0.056503437
          6.800   0.943317159   0.059038227   0.059038227   0.056682841
          6.850   0.943137828   0.059038227   0.059038227   0.056862172
          6.900   0.942958569   0.059038227   0.059038227   0.057041431
          6.950   0.942779383   0.059038227   0.059038227   0.057220617
          7.000   0.942600269   0.059038227   0.059038227   0.057399731
          7.050   0.942421228   0.059038227   0.059038227   0.057578772
          7.100   0.942242259   0.059038227   0.059038227   0.057757741
          7.150   0.942063362   0.059038227   0.059038227   0.057936638
          7.200   0.941884538   0.059038227   0.059038227   0.058115462
          7.250   0.941705787   0.059038227   0.059038227   0.058294213
          7.300   0.941527107   0.059038227   0.059038227   0.058472893
          7.350   0.941348500   0.059038227   0.059038227   0.058651500
          7.400   0.941169965   0.059038227   0.059038227   0.058830035
          7.450   0.940991503   0.059038227   0.059038227   0.059008497
          7.500   0.940813112   0.059038227   0.059038227   0.059186888
          7.550   0.940634794   0.059038227   0.059038227   0.059365206
          7.600   0.940456548   0.059038227   0.059038227   0.059543452
          7.650   0.940278373   0.059038227   0.059038227   0.059721627
          7.700   0.940100271   0.059038227   0.059038227   0.059899729
          7.750   0.939922241   0.059038227   0.059038227   0.060077759
          7.800   0.939744284   0.059038227   0.059038227   0.060255716
          7.850   0.939566398   0.059038227   0.059038227   0.060433602
          7.900   0.939388584   0.059038227   0.059038227   0.060611416
          7.950   0.939210842   0.059038227   0.059038227   0.060789158
          8.000   0.939033171   0.059038227   0.059038227   0.060966829
          8.050   0.938855573   0.059038227   0.059038227   0.061144427
          8.100   0.938678047   0.059038227   0.059038227   0.061321953
          8.150   0.938500592   0.059038227   0.059038227   0.061499408
          8.200   0.938323209   0.059038227   0.059038227   0.061676791
          8.250   0.938145898   0.059038227   0.059038227   0.061854102
          8.300   0.937968659   0.059038227   0.059038227   0.062031341
          8.350   0.937791491   0.059038227   0.059038227   0.062208509
          8.400   0.937614395   0.059038227   0.059038227   0.062385605
          8.450   0.937437371   0.059038227   0.059038227   0.062562629
          8.500   0.937260418   0.059038227   0.059038227   0.062739582
          8.550   0.937083537   0.059038227   0.059038227   0.062916463
          8.600   0.936906727   0.059038227   0.059038227   0.063093273
          8.650   0.936729989   0.059038227   0.059038227   0.063270011
          8.700   0.936553322   0.059038227   0.059038227   0.063446678
          8.750   0.936376727   0.059038227   0.059038227   0.063623273
          8.800   0.936200203   0.059038227   0.059038227   0.063799797
          8.850   0.936023751   0.059038227   0.059038227   0.063976249
          8.900   0.935847370   0.059038227   0.059038227   0.064152630
          8.950   0.935671061   0.059038227   0.059038227   0.064328939
          9.000   0.935494822   0.059038227   0.059038227   0.064505178
          9.050   0.935318655   0.059038227   0.059038227   0.064681345
          9.100   0.935142560   0.059038227   0.059038227   0.064857440
          9.150   0.934966535   0.059038227   0.059038227   0.065033465
          9.200   0.934790582   0.059038227   0.059038227   0.065209418
          9.250   0.934614700   0.059038227   0.059038227   0.065385300
          9.300   0.934438889   0.059038227   0.059038227   0.065561111
          9.350   0.934263149   0.059038227   0.059038227   0.065736851
          9.400   0.934087481   0.059038227   0.059038227   0.065912519
          9.450   0.933911883   0.059038227   0.059038227   0.066088117
          9.500   0.933736356   0.059038227   0.059038227   0.066263644
          9.550   0.933560901   0.059038227   0.059038227   0.066439099
          9.600   0.933385516   0.059038227   0.059038227   0.066614484
          9.650   0.933210202   0.059038227   0.059038227   0.066789798
          9.700   0.933034960   0.059038227   0.059038227   0.066965040
          9.750   0.932859788   0.059038227   0.059038227   0.067140212
          9.800   0.932684687   0.059038227   0.059038227   0.067315313
          9.850   0.932509656   0.059038227   0.059038227   0.067490344
          9.900   0.932334697   0.059038227   0.059038227   0.067665303
          9.950   0.932159808   0.059038227   0.059038227   0.067840192
         10.000   0.931984991   0.059038227   0.059038227   0.068015009
         10.050   0.931810243   0.059038227   0.059038227   0.068189757
         10.100   0.931635567   0.059038227   0.059038227   0.068364433
         10.150   0.931460961   0.059038227   0.059038227   0.068539039
         10.200   0.931286426   0.059038227   0.059038227   0.068713574
         10.250   0.931111961   0.059038227   0.059038227   0.068888039
         10.300   0.930937567   0.059038227   0.059038227   0.069062433
         10.350   0.930763244   0.059038227   0.059038227   0.069236756
         10.400   0.930588991   0.059038227   0.059038227   0.069411009
         10.450   0.930414809   0.059038227   0.059038227   0.069585191
         10.500   0.930240697   0.059038227   0.059038227   0.069759303
         10.550   0.930066655   0.059038227   0.059038227   0.069933345
         10.600   0.929892684   0.059038227   0.059038227   0.070107316
         10.650   0.929718783   0.059038227   0.059038227   0.070281217
         10.700   0.929544953   0.059038227   0.059038227   0.070455047
         10.750   0.929371193   0.059038227   0.059038227   0.070628807
         10.800   0.929197503   0.059038227   0.059038227   0.070802497
         10.850   0.929023883   0.059038227   0.059038227   0.070976117
         10.900   0.928850334   0.059038227   0.059038227   0.071149666
         10.950   0.928676855   0.059038227   0.059038227   0.071323145
         11.000   0.928503446   0.059038227   0.059038227   0.071496554
         11.050   0.928330107   0.059038227   0.059038227   0.071669893
         11.100   0.928156838   0.059038227   0.059038227   0.071843162
         11.150   0.927983640   0.059038227   0.059038227   0.072016360
         11.200   0.927810511   0.059038227   0.059038227   0.072189489
         11.250   0.927637453   0.059038227   0.059038227   0.072362547
         11.300   0.927464464   0.059038227   0.059038227   0.072535536
         11.350   0.927291546   0.059038227   0.059038227   0.072708454
         11.400   0.927118697   0.059038227   0.059038227   0.072881303
         11.450   0.926945919   0.059038227   0.059038227   0.073054081
         11.500   0.926773210   0.059038227   0.059038227   0.073226790
         11.550   0.926600571   0.059038227   0.059038227   0.073399429
         11.600   0.926428002   0.059038227   0.059038227   0.073571998
         11.650   0.926255503   0.059038227   0.059038227   0.073744497
         11.700   0.926083073   0.059038227   0.059038227   0.073916927
         11.750   0.925910713   0.059038227   0.059038227   0.074089287
         11.800   0.925738423   0.059038227   0.059038227   0.074261577
         11.850   0.925566203   0.059038227   0.059038227   0.074433797
         11.900   0.925394053   0.059038227   0.059038227   0.074605947
         11.950   0.925221972   0.059038227   0.059038227   0.074778028
         12.000   0.925049960   0.059038227   0.059038227   0.074950040
         12.050   0.924878018   0.059038227   0.059038227   0.075121982
         12.100   0.924706146   0.059038227   0.059038227   0.075293854
         12.150   0.924534343   0.059038227   0.059038227   0.075465657
         12.200   0.924362610   0.059038227   0.059038227   0.075637390
         12.250   0.924190947   0.059038227   0.059038227   0.075809053
         12.300   0.924019352   0.059038227   0.059038227   0.075980648
         12.350   0.923847827   0.059038227   0.059038227   0.076152173
         12.400   0.923676372   0.059038227   0.059038227   0.076323628
         12.450   0.923504986   0.059038227   0.059038227   0.076495014
         12.500   0.923333669   0.059038227   0.059038227   0.076666331
         12.550   0.923162421   0.059038227   0.059038227   0.076837579
         12.600   0.922991243   0.059038227   0.059038227   0.077008757
         12.650   0.922820134   0.059038227   0.059038227   0.077179866
         12.700   0.922649094   0.059038227   0.059038227   0.077350906
         12.750   0.922478124   0.059038227   0.059038227   0.077521876
         12.800   0.922307222   0.059038227   0.059038227   0.077692778
         12.850   0.922136390   0.059038227   0.059038227   0.077863610
         12.900   0.921965627   0.059038227   0.059038227   0.078034373
         12.950   0.921794933   0.059038227   0.059038227   0.078205067
         13.000   0.921624308   0.059038227   0.059038227   0.078375692
         13.050   0.921453752   0.059038227   0.059038227   0.078546248
         13.100   0.921283265   0.059038227   0.059038227   0.078716735
         13.150   0.921112847   0.059038227   0.059038227   0.078887153
         13.200   0.920942497   0.059038227   0.059038227   0.079057503
         13.250   0.920772217   0.059038227   0.059038227   0.079227783
         13.300   0.920602006   0.059038227   0.059038227   0.079397994
         13.350   0.920431863   0.059038227   0.059038227   0.079568137
         13.400   0.920261790   0.059038227   0.059038227   0.079738210
         13.450   0.920091785   0.059038227   0.059038227   0.079908215
         13.500   0.919921849   0.059038227   0.059038227   0.080078151
         13.550   0.919751981   0.059038227   0.059038227   0.080248019
         13.600   0.919582183   0.059038227   0.059038227   0.080417817
         13.650   0.919412453   0.059038227   0.059038227   0.080587547
         13.700   0.919242791   0.059038227   0.059038227   0.080757209
         13.750   0.919073199   0.059038227   0.059038227   0.080926801
         13.800   0.918903675   0.059038227   0.059038227   0.081096325
         13.850   0.918734219   0.059038227   0.059038227   0.081265781
         13.900   0.918564832   0.059038227   0.059038227   0.081435168
         13.950   0.918395514   0.059038227   0.059038227   0.081604486
         14.000   0.918226264   0.059038227   0.059038227   0.081773736
         14.050   0.918057083   0.059038227   0.059038227   0.081942917
         14.100   0.917887970   0.059038227   0.059038227   0.082112030
         14.150   0.917718925   0.059038227   0.059038227   0.082281075
         14.200   0.917549949   0.059038227   0.059038227   0.082450051
         14.250   0.917381041   0.059038227   0.059038227   0.082618959
         14.300   0.917212201   0.059038227   0.059038227   0.082787799
         14.350   0.917043430   0.059038227   0.059038227   0.082956570
         14.400   0.916874727   0.059038227   0.059038227   0.083125273
         14.450   0.916706092   0.059038227   0.059038227   0.083293908
         14.500   0.916537526   0.059038227   0.059038227   0.083462474
         14.550   0.916369027   0.059038227   0.059038227   0.083630973
         14.600   0.916200597   0.059038227   0.059038227   0.083799403
         14.650   0.916032235   0.059038227   0.059038227   0.083967765
         14.700   0.915863941   0.059038227   0.059038227   0.084136059
         14.750   0.915695716   0.059038227   0.059038227   0.084304284
         14.800   0.915527558   0.059038227   0.059038227   0.084472442
         14.850   0.915359468   0.059038227   0.059038227   0.084640532
         14.900   0.915191446   0.059038227   0.059038227   0.084808554
         14.950   0.915023492   0.059038227   0.059038227   0.084976508
         15.000   0.914855606   0.059038227   0.059038227   0.085144394
         15.050   0.914687789   0.059038227   0.059038227   0.085312211
         15.100   0.914520038   0.059038227   0.059038227   0.085479962
         15.150   0.914352356   0.059038227   0.059038227   0.085647644
         15.200   0.914184742   0.059038227   0.059038227   0.085815258
         15.250   0.914017195   0.059038227   0.059038227   0.085982805
         15.300   0.913849717   0.059038227   0.059038227   0.086150283
         15.350   0.913682305   0.059038227   0.059038227   0.086317695
         15.400   0.913514962   0.059038227   0.059038227   0.086485038
         15.450   0.913347687   0.059038227   0.059038227   0.086652313
         15.500   0.913180479   0.059038227   0.059038227   0.086819521
         15.550   0.913013338   0.059038227   0.059038227   0.086986662
         15.600   0.912846265   0.059038227   0.059038227   0.087153735
         15.650   0.912679260   0.059038227   0.059038227   0.087320740
         15.700   0.912512323   0.059038227   0.059038227   0.087487677
         15.750   0.912345453   0.059038227   0.059038227   0.087654547
         15.800   0.912178650   0.059038227   0.059038227   0.087821350
         15.850   0.912011915   0.059038227   0.059038227   0.087988085
         15.900   0.911845248   0.059038227   0.059038227   0.088154752
         15.950   0.911678647   0.059038227   0.059038227   0.088321353
         16.000   0.911512115   0.059038227   0.059038227   0.088487885
         16.050   0.911345649   0.059038227   0.059038227   0.088654351
         16.100   0.911179251   0.059038227   0.059038227   0.088820749
         16.150   0.911012920   0.059038227   0.059038227   0.088987080
         16.200   0.910846657   0.059038227   0.059038227   0.089153343
         16.250   0.910680460   0.059038227   0.059038227   0.089319540
         16.300   0.910514331   0.059038227   0.059038227   0.089485669
         16.350   0.910348270   0.059038227   0.059038227   0.089651730
         16.400   0.910182275   0.059038227   0.059038227   0.089817725
         16.450   0.910016347   0.059038227   0.059038227   0.089983653
         16.500   0.909850487   0.059038227   0.059038227   0.090149513
         16.550   0.909684694   0.059038227   0.059038227   0.090315306
         16.600   0.909518968   0.059038227   0.059038227   0.090481032
         16.650   0.909353308   0.059038227   0.059038227   0.090646692
         16.700   0.909187716   0.059038227   0.059038227   0.090812284
         16.750   0.909022191   0.059038227   0.059038227   0.090977809
         16.800   0.908856733   0.059038227   0.059038227   0.091143267
         16.850   0.908691342   0.059038227   0.059038227   0.091308658
         16.900   0.908526017   0.059038227   0.059038227   0.091473983
         16.950   0.908360760   0.059038227   0.059038227   0.091639240
         17.000   0.908195569   0.059038227   0.059038227   0.091804431
         17.050   0.908030445   0.059038227   0.059038227   0.091969555
         17.100   0.907865388   0.059038227   0.059038227   0.092134612
         17.150   0.907700398   0.059038227   0.059038227   0.092299602
         17.200   0.907535474   0.059038227   0.059038227   0.092464526
         17.250   0.907370618   0.059038227   0.059038227   0.092629382
         17.300   0.907205828   0.059038227   0.059038227   0.092794172
         17.350   0.907041104   0.059038227   0.059038227   0.092958896
         17.400   0.906876447   0.059038227   0.059038227   0.093123553
         17.450   0.906711857   0.059038227   0.059038227   0.093288143
         17.500   0.906547333   0.059038227   0.059038227   0.093452667
         17.550   0.906382876   0.059038227   0.059038227   0.093617124
         17.600   0.906218486   0.059038227   0.059038227   0.093781514
         17.650   0.906054162   0.059038227   0.059038227   0.093945838
         17.700   0.905889904   0.059038227   0.059038227   0.094110096
         17.750   0.905725713   0.059038227   0.059038227   0.094274287
         17.800   0.905561588   0.059038227   0.059038227   0.094438412
         17.850   0.905397530   0.059038227   0.059038227   0.094602470
         17.900   0.905233538   0.059038227   0.059038227   0.094766462
         17.950   0.905069612   0.059038227   0.059038227   0.094930388
         18.000   0.904905753   0.059038227   0.059038227   0.095094247
         18.050   0.904741960   0.059038227   0.059038227   0.095258040
         18.100   0.904578233   0.059038227   0.059038227   0.095421767
         18.150   0.904414573   0.059038227   0.059038227   0.095585427
         18.200   0.904250978   0.059038227   0.059038227   0.095749022
         18.250   0.904087450   0.059038227   0.059038227   0.095912550
         18.300   0.903923988   0.059038227   0.059038227   0.096076012
         18.350   0.903760592   0.059038227   0.059038227   0.096239408
         18.400   0.903597263   0.059038227   0.059038227   0.096402737
         18.450   0.903433999   0.059038227   0.059038227   0.096566001
         18.500   0.903270801   0.059038227   0.059038227   0.096729199
         18.550   0.903107670   0.059038227   0.059038227   0.096892330
         18.600   0.902944604   0.059038227   0.059038227   0.097055396
         18.650   0.902781604   0.059038227   0.059038227   0.097218396
         18.700   0.902618670   0.059038227   0.059038227   0.097381330
         18.750   0.902455803   0.059038227   0.059038227   0.097544197
         18.800   0.902293001   0.059038227   0.059038227   0.097706999
         18.850   0.902130265   0.059038227   0.059038227   0.097869735
         18.900   0.901967594   0.059038227   0.059038227   0.098032406
         18.950   0.901804990   0.059038227   0.059038227   0.098195010
         19.000   0.901642451   0.059038227   0.059038227   0.098357549
         19.050   0.901479978   0.059038227   0.059038227   0.098520022
         19.100   0.901317571   0.059038227   0.059038227   0.098682429
         19.150   0.901155229   0.059038227   0.059038227   0.098844771
         19.200   0.900992953   0.059038227   0.059038227   0.099007047
         19.250   0.900830743   0.059038227   0.059038227   0.099169257
         19.300   0.900668599   0.059038227   0.059038227   0.099331401
         19.350   0.900506520   0.059038227   0.059038227   0.099493480
         19.400   0.900344506   0.059038227   0.059038227   0.099655494
         19.450   0.900182558   0.059038227   0.059038227   0.099817442
         19.500   0.900020676   0.059038227   0.059038227   0.099979324
         19.550   0.899858859   0.059038227   0.059038227   0.100141141
         19.600   0.899697108   0.059038227   0.059038227   0.100302892
         19.650   0.899535422   0.059038227   0.059038227   0.100464578
         19.700   0.899373801   0.059038227   0.059038227   0.100626199
         19.750   0.899212246   0.059038227   0.059038227   0.100787754
         19.800   0.899050756   0.059038227   0.059038227   0.100949244
         19.850   0.898889331   0.059038227   0.059038227   0.101110669
         19.900   0.898727972   0.059038227   0.059038227   0.101272028
         19.950   0.898566678   0.059038227   0.059038227   0.101433322
         20.000   0.898405449   0.059038227   0.059038227   0.101594551
         20.050   0.898244286   0.059038227   0.059038227   0.101755714
         20.100   0.898083187   0.059038227   0.059038227   0.101916813
         20.150   0.897922154   0.059038227   0.059038227   0.102077846
         20.200   0.897761186   0.059038227   0.059038227   0.102238814
         20.250   0.897600283   0.059038227   0.059038227   0.102399717
         20.300   0.897439446   0.059038227   0.059038227   0.102560554
         20.350   0.897278673   0.059038227   0.059038227   0.102721327
         20.400   0.897117965   0.059038227   0.059038227   0.102882035
         20.450   0.896957322   0.059038227   0.059038227   0.103042678
         20.500   0.896796745   0.059038227   0.059038227   0.103203255
         20.550   0.896636232   0.059038227   0.059038227   0.103363768
         20.600   0.896475784   0.059038227   0.059038227   0.103524216
         20.650   0.896315401   0.059038227   0.059038227   0.103684599
         20.700   0.896155083   0.059038227   0.059038227   0.103844917
         20.750   0.895994830   0.059038227   0.059038227   0.104005170
         20.800   0.895834642   0.059038227   0.059038227   0.104165358
         20.850   0.895674518   0.059038227   0.059038227   0.104325482
         20.900   0.895514459   0.059038227   0.059038227   0.104485541
         20.950   0.895354465   0.059038227   0.059038227   0.104645535
         21.000   0.895194536   0.059038227   0.059038227   0.104805464
         21.050   0.895034671   0.059038227   0.059038227   0.104965329
         21.100   0.894874871   0.059038227   0.059038227   0.105125129
         21.150   0.894715136   0.059038227   0.059038227   0.105284864
         21.200   0.894555465   0.059038227   0.059038227   0.105444535
         21.250   0.894395859   0.059038227   0.059038227   0.105604141
         21.300   0.894236318   0.059038227   0.059038227   0.105763682
         21.350   0.894076841   0.059038227   0.059038227   0.105923159
         21.400   0.893917428   0.059038227   0.059038227   0.106082572
         21.450   0.893758080   0.059038227   0.059038227   0.106241920
         21.500   0.893598797   0.059038227   0.059038227   0.106401203
         21.550   0.893439577   0.059038227   0.059038227   0.106560423
         21.600   0.893280423   0.059038227   0.059038227   0.106719577
         21.650   0.893121332   0.059038227   0.059038227   0.106878668
         21.700   0.892962306   0.059038227   0.059038227   0.107037694
         21.750   0.892803345   0.059038227   0.059038227   0.107196655
         21.800   0.892644447   0.059038227   0.059038227   0.107355553
         21.850   0.892485614   0.059038227   0.059038227   0.107514386
         21.900   0.892326846   0.059038227   0.059038227   0.107673154
         21.950   0.892168141   0.059038227   0.059038227   0.107831859
         22.000   0.892009501   0.059038227   0.059038227   0.107990499
         22.050   0.891850924   0.059038227   0.059038227   0.108149076
         22.100   0.891692412   0.059038227   0.059038227   0.108307588
         22.150   0.891533964   0.059038227   0.059038227   0.108466036
         22.200   0.891375580   0.059038227   0.059038227   0.108624420
         22.250   0.891217261   0.059038227   0.059038227   0.108782739
         22.300   0.891059005   0.059038227   0.059038227   0.108940995
         22.350   0.890900813   0.059038227   0.059038227   0.109099187
         22.400   0.890742686   0.059038227   0.059038227   0.109257314
         22.450   0.890584622   0.059038227   0.059038227   0.109415378
         22.500   0.890426622   0.059038227   0.059038227   0.109573378
         22.550   0.890268686   0.059038227   0.059038227   0.109731314
         22.600   0.890110814   0.059038227   0.059038227   0.109889186
         22.650   0.889953006   0.059038227   0.059038227   0.110046994
         22.700   0.889795262   0.059038227   0.059038227   0.110204738
         22.750   0.889637581   0.059038227   0.059038227   0.110362419
         22.800   0.889479964   0.059038227   0.059038227   0.110520036
         22.850   0.889322411   0.059038227   0.059038227   0.110677589
         22.900   0.889164922   0.059038227   0.059038227   0.110835078
         22.950   0.889007497   0.059038227   0.059038227   0.110992503
         23.000   0.888850135   0.059038227   0.059038227   0.111149865
         23.050   0.888692837   0.059038227   0.059038227   0.111307163
         23.100   0.888535602   0.059038227   0.059038227   0.111464398
         23.150   0.888378431   0.059038227   0.059038227   0.111621569
         23.200   0.888221324   0.059038227   0.059038227   0.111778676
         23.250   0.888064280   0.059038227   0.059038227   0.111935720
         23.300   0.887907300   0.059038227   0.059038227   0.112092700
         23.350   0.887750383   0.059038227   0.059038227   0.112249617
         23.400   0.887593529   0.059038227   0.059038227   0.112406471
         23.450   0.887436740   0.059038227   0.059038227   0.112563260
         23.500   0.887280013   0.059038227   0.059038227   0.112719987
         23.550   0.887123350   0.059038227   0.059038227   0.112876650
         23.600   0.886966750   0.059038227   0.059038227   0.113033250
         23.650   0.886810214   0.059038227   0.059038227   0.113189786
         23.700   0.886653741   0.059038227   0.059038227   0.113346259
         23.750   0.886497331   0.059038227   0.059038227   0.113502669
         23.800   0.886340985   0.059038227   0.059038227   0.113659015
         23.850   0.886184702   0.059038227   0.059038227   0.113815298
         23.900   0.886028482   0.059038227   0.059038227   0.113971518
         23.950   0.885872325   0.059038227   0.059038227   0.114127675
         24.000   0.885716232   0.059038227   0.059038227   0.114283768
         24.050   0.885560201   0.059038227   0.059038227   0.114439799
         24.100   0.885404234   0.059038227   0.059038227   0.114595766
         24.150   0.885248330   0.059038227   0.059038227   0.114751670
         24.200   0.885092488   0.059038227   0.059038227   0.114907512
         24.250   0.884936710   0.059038227   0.059038227   0.115063290
         24.300   0.884780995   0.059038227   0.059038227   0.115219005
         24.350   0.884625343   0.059038227   0.059038227   0.115374657
         24.400   0.884469754   0.059038227   0.059038227   0.115530246
         24.450   0.884314228   0.059038227   0.059038227   0.115685772
         24.500   0.884158764   0.059038227   0.059038227   0.115841236
         24.550   0.884003364   0.059038227   0.059038227   0.115996636
         24.600   0.883848026   0.059038227   0.059038227   0.116151974
         24.650   0.883692752   0.059038227   0.059038227   0.116307248
         24.700   0.883537540   0.059038227   0.059038227   0.116462460
         24.750   0.883382390   0.059038227   0.059038227   0.116617610
         24.800   0.883227304   0.059038227   0.059038227   0.116772696
         24.850   0.883072280   0.059038227   0.059038227   0.116927720
         24.900   0.882917320   0.059038227   0.059038227   0.117082680
         24.950   0.882762421   0.059038227   0.059038227   0.117237579
         25.000   0.882607586   0.059038227   0.059038227   0.117392414
         25.050   0.882452813   0.059038227   0.059038227   0.117547187
         25.100   0.882298102   0.059038227   0.059038227   0.117701898
         25.150   0.882143455   0.059038227   0.059038227   0.117856545
         25.200   0.881988870   0.059038227   0.059038227   0.118011130
         25.250   0.881834347   0.059038227   0.059038227   0.118165653
         25.300   0.881679887   0.059038227   0.059038227   0.118320113
         25.350   0.881525489   0.059038227   0.059038227   0.118474511
         25.400   0.881371154   0.059038227   0.059038227   0.118628846
         25.450   0.881216881   0.059038227   0.059038227   0.118783119
         25.500   0.881062671   0.059038227   0.059038227   0.118937329
         25.550   0.880908523   0.059038227   0.059038227   0.119091477
         25.600   0.880754437   0.059038227   0.059038227   0.119245563
         25.650   0.880600414   0.059038227   0.059038227   0.119399586
         25.700   0.880446453   0.059038227   0.059038227   0.119553547
         25.750   0.880292554   0.059038227   0.059038227   0.119707446
         25.800   0.880138718   0.059038227   0.059038227   0.119861282
         25.850   0.879984943   0.059038227   0.059038227   0.120015057
         25.900   0.879831231   0.059038227   0.059038227   0.120168769
         25.950   0.879677582   0.059038227   0.059038227   0.120322418
         26.000   0.879523994   0.059038227   0.059038227   0.120476006
         26.050   0.879370468   0.059038227   0.059038227   0.120629532
         26.100   0.879217005   0.059038227   0.059038227   0.120782995
         26.150   0.879063603   0.059038227   0.059038227   0.120936397
         26.200   0.878910264   0.059038227   0.059038227   0.121089736
         26.250   0.878756987   0.059038227   0.059038227   0.121243013
         26.300   0.878603772   0.059038227   0.059038227   0.121396228
         26.350   0.878450618   0.059038227   0.059038227   0.121549382
         26.400   0.878297527   0.059038227   0.059038227   0.121702473
         26.450   0.878144497   0.059038227   0.059038227   0.121855503
         26.500   0.877991530   0.059038227   0.059038227   0.122008470
         26.550   0.877838624   0.059038227   0.059038227   0.122161376
         26.600   0.877685780   0.059038227   0.059038227   0.122314220
         26.650   0.877532999   0.059038227   0.059038227   0.122467001
         26.700   0.877380278   0.059038227   0.059038227   0.122619722
         26.750   0.877227620   0.059038227   0.059038227   0.122772380
         26.800   0.877075023   0.059038227   0.059038227   0.122924977
         26.850   0.876922488   0.059038227   0.059038227   0.123077512
         26.900   0.876770015   0.059038227   0.059038227   0.123229985
         26.950   0.876617604   0.059038227   0.059038227   0.123382396
         27.000   0.876465254   0.059038227   0.059038227   0.123534746
         27.050   0.876312966   0.059038227   0.059038227   0.123687034
         27.100   0.876160739   0.059038227   0.059038227   0.123839261
         27.150   0.876008574   0.059038227   0.059038227   0.123991426
         27.200   0.875856470   0.059038227   0.059038227   0.124143530
         27.250   0.875704428   0.059038227   0.059038227   0.124295572
         27.300   0.875552448   0.059038227   0.059038227   0.124447552
         27.350   0.875400529   0.059038227   0.059038227   0.124599471
         27.400   0.875248671   0.059038227   0.059038227   0.124751329
         27.450   0.875096875   0.059038227   0.059038227   0.124903125
         27.500   0.874945141   0.059038227   0.059038227   0.125054859
         27.550   0.874793467   0.059038227   0.059038227   0.125206533
         27.600   0.874641855   0.059038227   0.059038227   0.125358145
         27.650   0.874490305   0.059038227   0.059038227   0.125509695
         27.700   0.874338815   0.059038227   0.059038227   0.125661185
         27.750   0.874187387   0.059038227   0.059038227   0.125812613
         27.800   0.874036021   0.059038227   0.059038227   0.125963979
         27.850   0.873884715   0.059038227   0.059038227   0.126115285
         27.900   0.873733471   0.059038227   0.059038227   0.126266529
         27.950   0.873582288   0.059038227   0.059038227   0.126417712
         28.000   0.873431166   0.059038227   0.059038227   0.126568834
         28.050   0.873280105   0.059038227   0.059038227   0.126719895
         28.100   0.873129105   0.059038227   0.059038227   0.126870895
         28.150   0.872978166   0.059038227   0.059038227   0.127021834
         28.200   0.872827289   0.059038227   0.059038227   0.127172711
         28.250   0.872676472   0.059038227   0.059038227   0.127323528
         28.300   0.872525716   0.059038227   0.059038227   0.127474284
         28.350   0.872375022   0.059038227   0.059038227   0.127624978
         28.400   0.872224388   0.059038227   0.059038227   0.127775612
         28.450   0.872073815   0.059038227   0.059038227   0.127926185
         28.500   0.871923304   0.059038227   0.059038227   0.128076696
         28.550   0.871772853   0.059038227   0.059038227   0.128227147
         28.600   0.871622463   0.059038227   0.059038227   0.128377537
         28.650   0.871472133   0.059038227   0.059038227   0.128527867
         28.700   0.871321865   0.059038227   0.059038227   0.128678135
         28.750   0.871171657   0.059038227   0.059038227   0.128828343
         28.800   0.871021510   0.059038227   0.059038227   0.128978490
         28.850   0.870871424   0.059038227   0.059038227   0.129128576
         28.900   0.870721399   0.059038227   0.059038227   0.129278601
         28.950   0.870571434   0.059038227   0.059038227   0.129428566
         29.000   0.870421530   0.059038227   0.059038227   0.129578470
         29.050   0.870271687   0.059038227   0.059038227   0.129728313
         29.100   0.870121904   0.059038227   0.059038227   0.129878096
         29.150   0.869972182   0.059038227   0.059038227   0.130027818
         29.200   0.869822520   0.059038227   0.059038227   0.130177480
         29.250   0.869672919   0.059038227   0.059038227   0.130327081
         29.300   0.869523378   0.059038227   0.059038227   0.130476622
         29.350   0.869373898   0.059038227   0.059038227   0.130626102
         29.400   0.869224479   0.059038227   0.059038227   0.130775521
         29.450   0.869075119   0.059038227   0.059038227   0.130924881
         29.500   0.868925821   0.059038227   0.059038227   0.131074179
         29.550   0.868776582   0.059038227   0.059038227   0.131223418
         29.600   0.868627404   0.059038227   0.059038227   0.131372596
         29.650   0.868478287   0.059038227   0.059038227   0.131521713
         29.700   0.868329229   0.059038227   0.059038227   0.131670771
         29.750   0.868180232   0.059038227   0.059038227   0.131819768
         29.800   0.868031295   0.059038227   0.059038227   0.131968705
         29.850   0.867882419   0.059038227   0.059038227   0.132117581
         29.900   0.867733603   0.059038227   0.059038227   0.132266397
         29.950   0.867584847   0.059038227   0.059038227   0.132415153
         30.000   0.867436151   0.059038227   0.059038227   0.132563849
