          0.400   0.000000000  -0.299556598   0.299556598   0.000000000
          0.800   0.000000000  -0.293013736   0.293013736   0.000000000
          1.200   0.000000000  -0.067887632   0.067887632  -0.000000000
          1.600   0.000000000   0.114639062  -0.114639062  -0.000000000
          2.000   0.000000000   0.086406731  -0.086406731  -0.000000000
          2.400   0.000000000  -0.080679892   0.080679892  -0.000000000
          2.800  -0.000000000  -0.189634707   0.189634707   0.000000000
          3.200  -0.000000000  -0.137759684   0.137759684   0.000000000
          3.600  -0.000000000  -0.002159682   0.002159682   0.000000000
          4.000  -0.000000000   0.069923998  -0.069923998   0.000000000
          4.400  -0.000000000   0.021010689  -0.021010689  -0.000000000
          4.800  -0.000000000  -0.075385901   0.075385901  -0.000000000
          5.200  -0.000000000  -0.111908643   0.111908643  -0.000000000
          5.600  -0.000000000  -0.060743297   0.060743297  -0.000000000
          6.000  -0.000000000   0.013016668  -0.013016668  -0.000000000
          6.400  -0.000000000   0.033272624  -0.033272624  -0.000000000
          6.800  -0.000000000  -0.009011413   0.009011413  -0.000000000
          7.200  -0.000000000  -0.058900873   0.058900873  -0.000000000
          7.600  -0.000000000  -0.063956335   0.063956335   0.000000000
          8.000  -0.000000000  -0.026172545   0.026172545  -0.000000000
          8.400  -0.000000000   0.009886187  -0.009886187  -0.000000000
          8.800  -0.000000000   0.009344031  -0.009344031  -0.000000000
          9.200  -0.000000000  -0.019874743   0.019874743  -0.000000000
          9.600  -0.000000000  -0.042704805   0.042704805  -0.000000000
         10.000  -0.000000000  -0.036888898   0.036888898  -0.000000000
         10.400  -0.000000000  -0.012894091   0.012894091  -0.000000000
         10.800  -0.000000000   0.002481559  -0.002481559  -0.000000000
         11.200  -0.000000000  -0.004145877   0.004145877  -0.000000000
         11.600  -0.000000000  -0.021793688   0.021793688  -0.000000000
         12.000  -0.000000000  -0.030495507   0.030495507  -0.000000000
         12.400  -0.000000000  -0.022877548   0.022877548  -0.000000000
         12.800  -0.000000000  -0.009243658   0.009243658  -0.000000000
         13.200  -0.000000000  -0.004073273   0.004073273  -0.000000000
         13.600  -0.000000000  -0.010791601   0.010791601  -0.000000000
         14.000  -0.000000000  -0.020345281   0.020345281  -0.000000000
         14.400  -0.000000000  -0.022507168   0.022507168  -0.000000000
         14.800  -0.000000000  -0.016307474   0.016307474  -0.000000000
         15.200  -0.000000000  -0.009324701   0.009324701  -0.000000000
         15.600  -0.000000000  -0.008562152   0.008562152  -0.000000000
         16.000  -0.000000000  -0.013551495   0.013551495  -0.000000000
         16.400  -0.000000000  -0.018172296   0.018172296  -0.000000000
         16.800  -0.000000000  -0.017790871   0.017790871  -0.000000000
         17.200  -0.000000000  -0.013620789   0.013620789  -0.000000000
         17.600  -0.000000000  -0.010450278   0.010450278  -0.000000000
         18.000  -0.000000000  -0.011208780   0.011208780  -0.000000000
         18.400  -0.000000000  -0.014375092   0.014375092  -0.000000000
         18.800  -0.000000000  -0.016302821   0.016302821  -0.000000000
         19.200  -0.000000000  -0.015248721   0.015248721  -0.000000000
         19.600  -0.000000000  -0.012769704   0.012769704  -0.000000000
         20.000  -0.000000000  -0.011568820   0.011568820  -0.000000000
         20.400  -0.000000000  -0.012585898   0.012585898  -0.000000000
         20.800  -0.000000000  -0.014377166   0.014377166  -0.000000000
         21.200  -0.000000000  -0.014989395   0.014989395  -0.000000000
         21.600  -0.000000000  -0.014003862   0.014003862  -0.000000000
         22.000  -0.000000000  -0.012676683   0.012676683  -0.000000000
         22.400  -0.000000000  -0.012379956   0.012379956  -0.000000000
         22.800  -0.000000000  -0.013209287   0.013209287  -0.000000000
         23.200  -0.000000000  -0.014119181   0.014119181  -0.000000000
         23.600  -0.000000000  -0.014174348   0.014174348  -0.000000000
         24.000  -0.000000000  -0.013464304   0.013464304  -0.000000000
         24.400  -0.000000000  -0.012828210   0.012828210  -0.000000000
         24.800  -0.000000000  -0.012880364   0.012880364  -0.000000000
         25.200  -0.000000000  -0.013436890   0.013436890  -0.000000000
         25.600  -0.000000000  -0.013843928   0.013843928  -0.000000000
         26.000  -0.000000000  -0.013716108   0.013716108  -0.000000000
         26.400  -0.000000000  -0.013272993   0.013272993  -0.000000000
         26.800  -0.000000000  -0.013010041   0.013010041  -0.000000000
         27.200  -0.000000000  -0.013153437   0.013153437  -0.000000000
         27.600  -0.000000000  -0.013482752   0.013482752  -0.000000000
         28.000  -0.000000000  -0.013632053   0.013632053  -0.000000000
         28.400  -0.000000000  -0.013481919   0.013481919  -0.000000000
         28.800  -0.000000000  -0.013234113   0.013234113  -0.000000000
         29.200  -0.000000000  -0.013151751   0.013151751  -0.000000000
         29.600  -0.000000000  -0.013285207   0.013285207  -0.000000000
         30.000  -0.000000000  -0.013460268   0.013460268  -0.000000000
         30.400  -0.000000000  -0.013492879   0.013492879  -0.000000000
         30.800  -0.000000000  -0.013374848   0.013374848  -0.000000000
         31.200  -0.000000000  -0.013250169   0.013250169  -0.000000000
         31.600  -0.000000000  -0.013243543   0.013243543  -0.000000000
         32.000  -0.000000000  -0.013339232   0.013339232  -0.000000000
         32.400  -0.000000000  -0.013422205   0.013422205  -0.000000000
         32.800  -0.000000000  -0.013411063   0.013411063  -0.000000000
         33.200  -0.000000000  -0.013333290   0.013333290  -0.000000000
         33.600  -0.000000000  -0.013278059   0.013278059  -0.000000000
         34.000  -0.000000000  -0.013295936   0.013295936  -0.000000000
         34.400  -0.000000000  -0.013355329   0.013355329  -0.000000000
         34.800  -0.000000000  -0.013388929   0.013388929  -0.000000000
         35.200  -0.000000000  -0.013367440   0.013367440  -0.000000000
         35.600  -0.000000000  -0.013321968   0.013321968  -0.000000000
         36.000  -0.000000000  -0.013301994   0.013301994  -0.000000000
         36.400  -0.000000000  -0.013322589   0.013322589  -0.000000000
         36.800  -0.000000000  -0.013355582   0.013355582  -0.000000000
         37.200  -0.000000000  -0.013365540   0.013365540  -0.000000000
         37.600  -0.000000000  -0.013346489   0.013346489  -0.000000000
         38.000  -0.000000000  -0.013322550   0.013322550  -0.000000000
         38.400  -0.000000000  -0.013318380   0.013318380  -0.000000000
         38.800  -0.000000000  -0.013334432   0.013334432  -0.000000000
         39.200  -0.000000000  -0.013350880   0.013350880  -0.000000000
         39.600  -0.000000000  -0.013351108   0.013351108  -0.000000000
         40.000  -0.000000000  -0.013337730   0.013337730  -0.000000000
         40.400  -0.000000000  -0.013326493   0.013326493  -0.000000000
         40.800  -0.000000000  -0.013328165   0.013328165  -0.000000000
         41.200  -0.000000000  -0.013338670   0.013338670  -0.000000000
         41.600  -0.000000000  -0.013345850   0.013345850  -0.000000000
         42.000  -0.000000000  -0.013343078   0.013343078  -0.000000000
         42.400  -0.000000000  -0.013334879   0.013334879  -0.000000000
         42.800  -0.000000000  -0.013330387   0.013330387  -0.000000000
         43.200  -0.000000000  -0.013333383   0.013333383  -0.000000000
         43.600  -0.000000000  -0.013339483   0.013339483  -0.000000000
         44.000  -0.000000000  -0.013341999   0.013341999  -0.000000000
         44.400  -0.000000000  -0.013339039   0.013339039  -0.000000000
         44.800  -0.000000000  -0.013334529   0.013334529  -0.000000000
         45.200  -0.000000000  -0.013333236   0.013333236  -0.000000000
         45.600  -0.000000000  -0.013335851   0.013335851  -0.000000000
         46.000  -0.000000000  -0.013339036   0.013339036  -0.000000000
         46.400  -0.000000000  -0.013339490   0.013339490  -0.000000000
         46.800  -0.000000000  -0.013337241   0.013337241  -0.000000000
         47.200  -0.000000000  -0.013335014   0.013335014  -0.000000000
         47.600  -0.000000000  -0.013335020   0.013335020  -0.000000000
         48.000  -0.000000000  -0.013336840   0.013336840  -0.000000000
         48.400  -0.000000000  -0.013338318   0.013338318  -0.000000000
         48.800  -0.000000000  -0.013338032   0.013338032  -0.000000000
         49.200  -0.000000000  -0.013336580   0.013336580  -0.000000000
         49.600  -0.000000000  -0.013335619   0.013335619  -0.000000000
         50.000  -0.000000000  -0.013336015   0.013336015  -0.000000000
         50.400  -0.000000000  -0.013337122   0.013337122  -0.000000000
         50.800  -0.000000000  -0.013337701   0.013337701  -0.000000000
         51.200  -0.000000000  -0.013337265   0.013337265  -0.000000000
         51.600  -0.000000000  -0.013336430   0.013336430  -0.000000000
         52.000  -0.000000000  -0.013336101   0.013336101  -0.000000000
         52.400  -0.000000000  -0.013336511   0.013336511  -0.000000000
         52.800  -0.000000000  -0.013337115   0.013337115  -0.000000000
         53.200  -0.000000000  -0.013337272   0.013337272  -0.000000000
         53.600  -0.000000000  -0.013336904   0.013336904  -0.000000000
         54.000  -0.000000000  -0.013336473   0.013336473  -0.000000000
         54.400  -0.000000000  -0.013336419   0.013336419  -0.000000000
         54.800  -0.000000000  -0.013336727   0.013336727  -0.000000000
         55.200  -0.000000000  -0.013337022   0.013337022  -0.000000000
         55.600  -0.000000000  -0.013337011   0.013337011  -0.000000000
         56.000  -0.000000000  -0.013336759   0.013336759  -0.000000000
         56.400  -0.000000000  -0.013336561   0.013336561  -0.000000000
         56.800  -0.000000000  -0.013336604   0.013336604  -0.000000000
         57.200  -0.000000000  -0.013336801   0.013336801  -0.000000000
         57.600  -0.000000000  -0.013336927   0.013336927  -0.000000000
         58.000  -0.000000000  -0.013336868   0.013336868  -0.000000000
         58.400  -0.000000000  -0.013336716   0.013336716  -0.000000000
         58.800  -0.000000000  -0.013336640   0.013336640  -0.000000000
         59.200  -0.000000000  -0.013336701   0.013336701  -0.000000000
         59.600  -0.000000000  -0.013336813   0.013336813  -0.000000000
         60.000  -0.000000000  -0.013336855   0.013336855  -0.000000000
         60.400  -0.000000000  -0.013336797   0.013336797  -0.000000000
         60.800  -0.000000000  -0.013336715   0.013336715  -0.000000000
         61.200  -0.000000000  -0.013336695   0.013336695  -0.000000000
         61.600  -0.000000000  -0.013336746   0.013336746  -0.000000000
         62.000  -0.000000000  -0.013336804   0.013336804  -0.000000000
         62.400  -0.000000000  -0.013336809   0.013336809  -0.000000000
         62.800  -0.000000000  -0.013336766   0.013336766  -0.000000000
         63.200  -0.000000000  -0.013336727   0.013336727  -0.000000000
         63.600  -0.000000000  -0.013336729   0.013336729  -0.000000000
         64.000  -0.000000000  -0.013336763   0.013336763  -0.000000000
         64.400  -0.000000000  -0.013336790   0.013336790  -0.000000000
         64.800  -0.000000000  -0.013336783   0.013336783  -0.000000000
         65.200  -0.000000000  -0.013336756   0.013336756  -0.000000000
         65.600  -0.000000000  -0.013336739   0.013336739  -0.000000000
         66.000  -0.000000000  -0.013336747   0.013336747  -0.000000000
         66.400  -0.000000000  -0.013336768   0.013336768  -0.000000000
         66.800  -0.000000000  -0.013336778   0.013336778  -0.000000000
         67.200  -0.000000000  -0.013336769   0.013336769  -0.000000000
         67.600  -0.000000000  -0.013336754   0.013336754  -0.000000000
         68.000  -0.000000000  -0.013336748   0.013336748  -0.000000000
         68.400  -0.000000000  -0.013336757   0.013336757  -0.000000000
         68.800  -0.000000000  -0.013336768   0.013336768  -0.000000000
         69.200  -0.000000000  -0.013336770   0.013336770  -0.000000000
         69.600  -0.000000000  -0.013336763   0.013336763  -0.000000000
         70.000  -0.000000000  -0.013336755   0.013336755  -0.000000000
         70.400  -0.000000000  -0.013336754   0.013336754  -0.000000000
         70.800  -0.000000000  -0.013336760   0.013336760  -0.000000000
         71.200  -0.000000000  -0.013336766   0.013336766  -0.000000000
         71.600  -0.000000000  -0.013336765   0.013336765  -0.000000000
         72.000  -0.000000000  -0.013336760   0.013336760  -0.000000000
         72.400  -0.000000000  -0.013336757   0.013336757  -0.000000000
         72.800  -0.000000000  -0.013336758   0.013336758  -0.000000000
         73.200  -0.000000000  -0.013336762   0.013336762  -0.000000000
         73.600  -0.000000000  -0.013336764   0.013336764  -0.000000000
         74.000  -0.000000000  -0.013336763   0.013336763  -0.000000000
         74.400  -0.000000000  -0.013336760   0.013336760  -0.000000000
         74.800  -0.000000000  -0.013336758   0.013336758  -0.000000000
         75.200  -0.000000000  -0.013336760   0.013336760  -0.000000000
         75.600  -0.000000000  -0.013336762   0.013336762  -0.000000000
         76.000  -0.000000000  -0.013336762   0.013336762  -0.000000000
         76.400  -0.000000000  -0.013336761   0.013336761  -0.000000000
         76.800  -0.000000000  -0.013336760   0.013336760  -0.000000000
         77.200  -0.000000000  -0.013336760   0.013336760  -0.000000000
         77.600  -0.000000000  -0.013336761   0.013336761  -0.000000000
         78.000  -0.000000000  -0.013336762   0.013336762  -0.000000000
         78.400  -0.000000000  -0.013336762   0.013336762  -0.000000000
         78.800  -0.000000000  -0.013336761   0.013336761  -0.000000000
         79.200  -0.000000000  -0.013336760   0.013336760  -0.000000000
         79.600  -0.000000000  -0.013336760   0.013336760  -0.000000000
         80.000  -0.000000000  -0.013336761   0.013336761  -0.000000000
         80.400  -0.000000000  -0.013336761   0.013336761  -0.000000000
         80.800  -0.000000000  -0.013336761   0.013336761  -0.000000000
         81.200  -0.000000000  -0.013336761   0.013336761  -0.000000000
         81.600  -0.000000000  -0.013336760   0.013336760  -0.000000000
         82.000  -0.000000000  -0.013336760   0.013336760  -0.000000000
         82.400  -0.000000000  -0.013336761   0.013336761  -0.000000000
         82.800  -0.000000000  -0.013336761   0.013336761  -0.000000000
         83.200  -0.000000000  -0.013336761   0.013336761  -0.000000000
         83.600  -0.000000000  -0.013336761   0.013336761  -0.000000000
         84.000  -0.000000000  -0.013336761   0.013336761  -0.000000000
         84.400  -0.000000000  -0.013336761   0.013336761  -0.000000000
         84.800  -0.000000000  -0.013336761   0.013336761  -0.000000000
         85.200  -0.000000000  -0.013336761   0.013336761  -0.000000000
         85.600  -0.000000000  -0.013336761   0.013336761  -0.000000000
         86.000  -0.000000000  -0.013336761   0.013336761  -0.000000000
         86.400  -0.000000000  -0.013336761   0.013336761  -0.000000000
         86.800  -0.000000000  -0.013336761   0.013336761  -0.000000000
         87.200  -0.000000000  -0.013336761   0.013336761  -0.000000000
         87.600  -0.000000000  -0.013336761   0.013336761  -0.000000000
         88.000  -0.000000000  -0.013336761   0.013336761  -0.000000000
         88.400  -0.000000000  -0.013336761   0.013336761  -0.000000000
         88.800  -0.000000000  -0.013336761   0.013336761  -0.000000000
         89.200  -0.000000000  -0.013336761   0.013336761  -0.000000000
         89.600  -0.000000000  -0.013336761   0.013336761  -0.000000000
         90.000  -0.000000000  -0.013336761   0.013336761  -0.000000000
         90.400  -0.000000000  -0.013336761   0.013336761  -0.000000000
         90.800  -0.000000000  -0.013336761   0.013336761  -0.000000000
         91.200  -0.000000000  -0.013336761   0.013336761  -0.000000000
         91.600  -0.000000000  -0.013336761   0.013336761  -0.000000000
         92.000  -0.000000000  -0.013336761   0.013336761  -0.000000000
         92.400  -0.000000000  -0.013336761   0.013336761  -0.000000000
         92.800  -0.000000000  -0.013336761   0.013336761  -0.000000000
         93.200  -0.000000000  -0.013336761   0.013336761  -0.000000000
         93.600  -0.000000000  -0.013336761   0.013336761  -0.000000000
         94.000  -0.000000000  -0.013336761   0.013336761  -0.000000000
         94.400  -0.000000000  -0.013336761   0.013336761  -0.000000000
         94.800  -0.000000000  -0.013336761   0.013336761  -0.000000000
         95.200  -0.000000000  -0.013336761   0.013336761  -0.000000000
         95.600  -0.000000000  -0.013336761   0.013336761  -0.000000000
         96.000  -0.000000000  -0.013336761   0.013336761  -0.000000000
         96.400  -0.000000000  -0.013336761   0.013336761  -0.000000000
         96.800  -0.000000000  -0.013336761   0.013336761  -0.000000000
         97.200  -0.000000000  -0.013336761   0.013336761  -0.000000000
         97.600  -0.000000000  -0.013336761   0.013336761  -0.000000000
         98.000  -0.000000000  -0.013336761   0.013336761  -0.000000000
         98.400  -0.000000000  -0.013336761   0.013336761  -0.000000000
         98.800  -0.000000000  -0.013336761   0.013336761  -0.000000000
         99.200  -0.000000000  -0.013336761   0.013336761  -0.000000000
         99.600  -0.000000000  -0.013336761   0.013336761  -0.000000000
        100.000  -0.000000000  -0.013336761   0.013336761  -0.000000000
        100.400  -0.000000000  -0.013336761   0.013336761  -0.000000000
        100.800  -0.000000000  -0.013336761   0.013336761  -0.000000000
        101.200  -0.000000000  -0.013336761   0.013336761  -0.000000000
        101.600  -0.000000000  -0.013336761   0.013336761  -0.000000000
        102.000  -0.000000000  -0.013336761   0.013336761  -0.000000000
        102.400  -0.000000000  -0.013336761   0.013336761  -0.000000000
        102.800  -0.000000000  -0.013336761   0.013336761  -0.000000000
        103.200  -0.000000000  -0.013336761   0.013336761  -0.000000000
        103.600  -0.000000000  -0.013336761   0.013336761  -0.000000000
        104.000  -0.000000000  -0.013336761   0.013336761  -0.000000000
        104.400  -0.000000000  -0.013336761   0.013336761  -0.000000000
        104.800  -0.000000000  -0.013336761   0.013336761  -0.000000000
        105.200  -0.000000000  -0.013336761   0.013336761  -0.000000000
        105.600  -0.000000000  -0.013336761   0.013336761  -0.000000000
        106.000  -0.000000000  -0.013336761   0.013336761  -0.000000000
        106.400  -0.000000000  -0.013336761   0.013336761  -0.000000000
        106.800  -0.000000000  -0.013336761   0.013336761  -0.000000000
        107.200  -0.000000000  -0.013336761   0.013336761  -0.000000000
        107.600  -0.000000000  -0.013336761   0.013336761  -0.000000000
        108.000  -0.000000000  -0.013336761   0.013336761  -0.000000000
        108.400  -0.000000000  -0.013336761   0.013336761  -0.000000000
        108.800  -0.000000000  -0.013336761   0.013336761  -0.000000000
        109.200  -0.000000000  -0.013336761   0.013336761  -0.000000000
        109.600  -0.000000000  -0.013336761   0.013336761  -0.000000000
        110.000  -0.000000000  -0.013336761   0.013336761  -0.000000000
        110.400  -0.000000000  -0.013336761   0.013336761  -0.000000000
        110.800  -0.000000000  -0.013336761   0.013336761  -0.000000000
        111.200  -0.000000000  -0.013336761   0.013336761  -0.000000000
        111.600  -0.000000000  -0.013336761   0.013336761  -0.000000000
        112.000  -0.000000000  -0.013336761   0.013336761  -0.000000000
        112.400  -0.000000000  -0.013336761   0.013336761  -0.000000000
        112.800  -0.000000000  -0.013336761   0.013336761  -0.000000000
        113.200  -0.000000000  -0.013336761   0.013336761  -0.000000000
        113.600  -0.000000000  -0.013336761   0.013336761  -0.000000000
        114.000  -0.000000000  -0.013336761   0.013336761  -0.000000000
        114.400  -0.000000000  -0.013336761   0.013336761  -0.000000000
        114.800  -0.000000000  -0.013336761   0.013336761  -0.000000000
        115.200  -0.000000000  -0.013336761   0.013336761  -0.000000000
        115.600  -0.000000000  -0.013336761   0.013336761  -0.000000000
        116.000  -0.000000000  -0.013336761   0.013336761  -0.000000000
        116.400  -0.000000000  -0.013336761   0.013336761  -0.000000000
        116.800  -0.000000000  -0.013336761   0.013336761  -0.000000000
        117.200  -0.000000000  -0.013336761   0.013336761  -0.000000000
        117.600  -0.000000000  -0.013336761   0.013336761  -0.000000000
        118.000  -0.000000000  -0.013336761   0.013336761  -0.000000000
        118.400  -0.000000000  -0.013336761   0.013336761  -0.000000000
        118.800  -0.000000000  -0.013336761   0.013336761  -0.000000000
        119.200  -0.000000000  -0.013336761   0.013336761  -0.000000000
        119.600  -0.000000000  -0.013336761   0.013336761  -0.000000000
        120.000  -0.000000000  -0.013336761   0.013336761  -0.000000000
        120.400  -0.000000000  -0.013336761   0.013336761  -0.000000000
        120.800  -0.000000000  -0.013336761   0.013336761  -0.000000000
        121.200  -0.000000000  -0.013336761   0.013336761  -0.000000000
        121.600  -0.000000000  -0.013336761   0.013336761  -0.000000000
        122.000  -0.000000000  -0.013336761   0.013336761  -0.000000000
        122.400  -0.000000000  -0.013336761   0.013336761  -0.000000000
        122.800  -0.000000000  -0.013336761   0.013336761  -0.000000000
        123.200  -0.000000000  -0.013336761   0.013336761  -0.000000000
        123.600  -0.000000000  -0.013336761   0.013336761  -0.000000000
        124.000  -0.000000000  -0.013336761   0.013336761  -0.000000000
        124.400  -0.000000000  -0.013336761   0.013336761  -0.000000000
        124.800  -0.000000000  -0.013336761   0.013336761  -0.000000000
        125.200  -0.000000000  -0.013336761   0.013336761  -0.000000000
        125.600  -0.000000000  -0.013336761   0.013336761  -0.000000000
        126.000  -0.000000000  -0.013336761   0.013336761  -0.000000000
        126.400  -0.000000000  -0.013336761   0.013336761  -0.000000000
        126.800  -0.000000000  -0.013336761   0.013336761  -0.000000000
        127.200  -0.000000000  -0.013336761   0.013336761  -0.000000000
        127.600  -0.000000000  -0.013336761   0.013336761  -0.000000000
        128.000  -0.000000000  -0.013336761   0.013336761  -0.000000000
        128.400  -0.000000000  -0.013336761   0.013336761  -0.000000000
        128.800  -0.000000000  -0.013336761   0.013336761  -0.000000000
        129.200  -0.000000000  -0.013336761   0.013336761  -0.000000000
        129.600  -0.000000000  -0.013336761   0.013336761  -0.000000000
        130.000  -0.000000000  -0.013336761   0.013336761  -0.000000000
        130.400  -0.000000000  -0.013336761   0.013336761  -0.000000000
        130.800  -0.000000000  -0.013336761   0.013336761  -0.000000000
        131.200  -0.000000000  -0.013336761   0.013336761  -0.000000000
        131.600  -0.000000000  -0.013336761   0.013336761  -0.000000000
        132.000  -0.000000000  -0.013336761   0.013336761  -0.000000000
        132.400  -0.000000000  -0.013336761   0.013336761  -0.000000000
        132.800  -0.000000000  -0.013336761   0.013336761  -0.000000000
        133.200  -0.000000000  -0.013336761   0.013336761  -0.000000000
        133.600  -0.000000000  -0.013336761   0.013336761  -0.000000000
        134.000  -0.000000000  -0.013336761   0.013336761  -0.000000000
        134.400  -0.000000000  -0.013336761   0.013336761  -0.000000000
        134.800  -0.000000000  -0.013336761   0.013336761  -0.000000000
        135.200  -0.000000000  -0.013336761   0.013336761  -0.000000000
        135.600  -0.000000000  -0.013336761   0.013336761  -0.000000000
        136.000  -0.000000000  -0.013336761   0.013336761  -0.000000000
        136.400  -0.000000000  -0.013336761   0.013336761  -0.000000000
        136.800  -0.000000000  -0.013336761   0.013336761  -0.000000000
        137.200  -0.000000000  -0.013336761   0.013336761  -0.000000000
        137.600  -0.000000000  -0.013336761   0.013336761  -0.000000000
        138.000  -0.000000000  -0.013336761   0.013336761  -0.000000000
        138.400  -0.000000000  -0.013336761   0.013336761  -0.000000000
        138.800  -0.000000000  -0.013336761   0.013336761  -0.000000000
        139.200  -0.000000000  -0.013336761   0.013336761  -0.000000000
        139.600  -0.000000000  -0.013336761   0.013336761  -0.000000000
        140.000  -0.000000000  -0.013336761   0.013336761  -0.000000000
        140.400  -0.000000000  -0.013336761   0.013336761  -0.000000000
        140.800  -0.000000000  -0.013336761   0.013336761  -0.000000000
        141.200  -0.000000000  -0.013336761   0.013336761  -0.000000000
        141.600  -0.000000000  -0.013336761   0.013336761  -0.000000000
        142.000  -0.000000000  -0.013336761   0.013336761  -0.000000000
        142.400  -0.000000000  -0.013336761   0.013336761  -0.000000000
        142.800  -0.000000000  -0.013336761   0.013336761  -0.000000000
        143.200  -0.000000000  -0.013336761   0.013336761  -0.000000000
        143.600  -0.000000000  -0.013336761   0.013336761  -0.000000000
        144.000  -0.000000000  -0.013336761   0.013336761  -0.000000000
        144.400  -0.000000000  -0.013336761   0.013336761  -0.000000000
        144.800  -0.000000000  -0.013336761   0.013336761  -0.000000000
        145.200  -0.000000000  -0.013336761   0.013336761  -0.000000000
        145.600  -0.000000000  -0.013336761   0.013336761  -0.000000000
        146.000  -0.000000000  -0.013336761   0.013336761  -0.000000000
        146.400  -0.000000000  -0.013336761   0.013336761  -0.000000000
        146.800  -0.000000000  -0.013336761   0.013336761  -0.000000000
        147.200  -0.000000000  -0.013336761   0.013336761  -0.000000000
        147.600  -0.000000000  -0.013336761   0.013336761  -0.000000000
        148.000  -0.000000000  -0.013336761   0.013336761  -0.000000000
        148.400  -0.000000000  -0.013336761   0.013336761  -0.000000000
        148.800  -0.000000000  -0.013336761   0.013336761  -0.000000000
        149.200  -0.000000000  -0.013336761   0.013336761  -0.000000000
        149.600  -0.000000000  -0.013336761   0.013336761  -0.000000000
        150.000  -0.000000000  -0.013336761   0.013336761  -0.000000000
        150.400  -0.000000000  -0.013336761   0.013336761  -0.000000000
        150.800  -0.000000000  -0.013336761   0.013336761  -0.000000000
        151.200  -0.000000000  -0.013336761   0.013336761  -0.000000000
        151.600  -0.000000000  -0.013336761   0.013336761  -0.000000000
        152.000  -0.000000000  -0.013336761   0.013336761  -0.000000000
        152.400  -0.000000000  -0.013336761   0.013336761  -0.000000000
        152.800  -0.000000000  -0.013336761   0.013336761  -0.000000000
        153.200  -0.000000000  -0.013336761   0.013336761  -0.000000000
        153.600  -0.000000000  -0.013336761   0.013336761  -0.000000000
        154.000  -0.000000000  -0.013336761   0.013336761  -0.000000000
        154.400  -0.000000000  -0.013336761   0.013336761  -0.000000000
        154.800  -0.000000000  -0.013336761   0.013336761  -0.000000000
        155.200  -0.000000000  -0.013336761   0.013336761  -0.000000000
        155.600  -0.000000000  -0.013336761   0.013336761  -0.000000000
        156.000  -0.000000000  -0.013336761   0.013336761  -0.000000000
        156.400  -0.000000000  -0.013336761   0.013336761  -0.000000000
        156.800  -0.000000000  -0.013336761   0.013336761  -0.000000000
        157.200  -0.000000000  -0.013336761   0.013336761  -0.000000000
        157.600  -0.000000000  -0.013336761   0.013336761  -0.000000000
        158.000  -0.000000000  -0.013336761   0.013336761  -0.000000000
        158.400  -0.000000000  -0.013336761   0.013336761  -0.000000000
        158.800  -0.000000000  -0.013336761   0.013336761  -0.000000000
        159.200  -0.000000000  -0.013336761   0.013336761  -0.000000000
        159.600  -0.000000000  -0.013336761   0.013336761  -0.000000000
        160.000  -0.000000000  -0.013336761   0.013336761  -0.000000000
        160.400  -0.000000000  -0.013336761   0.013336761  -0.000000000
        160.800  -0.000000000  -0.013336761   0.013336761  -0.000000000
        161.200  -0.000000000  -0.013336761   0.013336761  -0.000000000
        161.600  -0.000000000  -0.013336761   0.013336761  -0.000000000
        162.000  -0.000000000  -0.013336761   0.013336761  -0.000000000
        162.400  -0.000000000  -0.013336761   0.013336761  -0.000000000
        162.800  -0.000000000  -0.013336761   0.013336761  -0.000000000
        163.200  -0.000000000  -0.013336761   0.013336761  -0.000000000
        163.600  -0.000000000  -0.013336761   0.013336761  -0.000000000
        164.000  -0.000000000  -0.013336761   0.013336761  -0.000000000
        164.400  -0.000000000  -0.013336761   0.013336761  -0.000000000
        164.800  -0.000000000  -0.013336761   0.013336761  -0.000000000
        165.200  -0.000000000  -0.013336761   0.013336761  -0.000000000
        165.600  -0.000000000  -0.013336761   0.013336761  -0.000000000
        166.000  -0.000000000  -0.013336761   0.013336761  -0.000000000
        166.400  -0.000000000  -0.013336761   0.013336761  -0.000000000
        166.800  -0.000000000  -0.013336761   0.013336761  -0.000000000
        167.200  -0.000000000  -0.013336761   0.013336761  -0.000000000
        167.600  -0.000000000  -0.013336761   0.013336761  -0.000000000
        168.000  -0.000000000  -0.013336761   0.013336761  -0.000000000
        168.400  -0.000000000  -0.013336761   0.013336761  -0.000000000
        168.800  -0.000000000  -0.013336761   0.013336761  -0.000000000
        169.200  -0.000000000  -0.013336761   0.013336761  -0.000000000
        169.600  -0.000000000  -0.013336761   0.013336761  -0.000000000
        170.000  -0.000000000  -0.013336761   0.013336761  -0.000000000
        170.400  -0.000000000  -0.013336761   0.013336761  -0.000000000
        170.800  -0.000000000  -0.013336761   0.013336761  -0.000000000
        171.200  -0.000000000  -0.013336761   0.013336761  -0.000000000
        171.600  -0.000000000  -0.013336761   0.013336761  -0.000000000
        172.000  -0.000000000  -0.013336761   0.013336761  -0.000000000
        172.400  -0.000000000  -0.013336761   0.013336761  -0.000000000
        172.800  -0.000000000  -0.013336761   0.013336761  -0.000000000
        173.200  -0.000000000  -0.013336761   0.013336761  -0.000000000
        173.600  -0.000000000  -0.013336761   0.013336761  -0.000000000
        174.000  -0.000000000  -0.013336761   0.013336761  -0.000000000
        174.400  -0.000000000  -0.013336761   0.013336761  -0.000000000
        174.800  -0.000000000  -0.013336761   0.013336761  -0.000000000
        175.200  -0.000000000  -0.013336761   0.013336761  -0.000000000
        175.600  -0.000000000  -0.013336761   0.013336761  -0.000000000
        176.000  -0.000000000  -0.013336761   0.013336761  -0.000000000
        176.400  -0.000000000  -0.013336761   0.013336761  -0.000000000
        176.800  -0.000000000  -0.013336761   0.013336761  -0.000000000
        177.200  -0.000000000  -0.013336761   0.013336761  -0.000000000
        177.600  -0.000000000  -0.013336761   0.013336761  -0.000000000
        178.000  -0.000000000  -0.013336761   0.013336761  -0.000000000
        178.400  -0.000000000  -0.013336761   0.013336761  -0.000000000
        178.800  -0.000000000  -0.013336761   0.013336761  -0.000000000
        179.200  -0.000000000  -0.013336761   0.013336761  -0.000000000
        179.600  -0.000000000  -0.013336761   0.013336761  -0.000000000
        180.000  -0.000000000  -0.013336761   0.013336761  -0.000000000
        180.400  -0.000000000  -0.013336761   0.013336761  -0.000000000
        180.800  -0.000000000  -0.013336761   0.013336761  -0.000000000
        181.200  -0.000000000  -0.013336761   0.013336761  -0.000000000
        181.600  -0.000000000  -0.013336761   0.013336761  -0.000000000
        182.000  -0.000000000  -0.013336761   0.013336761  -0.000000000
        182.400  -0.000000000  -0.013336761   0.013336761  -0.000000000
        182.800  -0.000000000  -0.013336761   0.013336761  -0.000000000
        183.200  -0.000000000  -0.013336761   0.013336761  -0.000000000
        183.600  -0.000000000  -0.013336761   0.013336761  -0.000000000
        184.000  -0.000000000  -0.013336761   0.013336761  -0.000000000
        184.400  -0.000000000  -0.013336761   0.013336761  -0.000000000
        184.800  -0.000000000  -0.013336761   0.013336761  -0.000000000
        185.200  -0.000000000  -0.013336761   0.013336761  -0.000000000
        185.600  -0.000000000  -0.013336761   0.013336761  -0.000000000
        186.000  -0.000000000  -0.013336761   0.013336761  -0.000000000
        186.400  -0.000000000  -0.013336761   0.013336761  -0.000000000
        186.800  -0.000000000  -0.013336761   0.013336761  -0.000000000
        187.200  -0.000000000  -0.013336761   0.013336761  -0.000000000
        187.600  -0.000000000  -0.013336761   0.013336761  -0.000000000
        188.000  -0.000000000  -0.013336761   0.013336761  -0.000000000
        188.400  -0.000000000  -0.013336761   0.013336761  -0.000000000
        188.800  -0.000000000  -0.013336761   0.013336761  -0.000000000
        189.200  -0.000000000  -0.013336761   0.013336761  -0.000000000
        189.600  -0.000000000  -0.013336761   0.013336761  -0.000000000
        190.000  -0.000000000  -0.013336761   0.013336761  -0.000000000
        190.400  -0.000000000  -0.013336761   0.013336761  -0.000000000
        190.800  -0.000000000  -0.013336761   0.013336761  -0.000000000
        191.200  -0.000000000  -0.013336761   0.013336761  -0.000000000
        191.600  -0.000000000  -0.013336761   0.013336761  -0.000000000
        192.000  -0.000000000  -0.013336761   0.013336761  -0.000000000
        192.400  -0.000000000  -0.013336761   0.013336761  -0.000000000
        192.800  -0.000000000  -0.013336761   0.013336761  -0.000000000
        193.200  -0.000000000  -0.013336761   0.013336761  -0.000000000
        193.600  -0.000000000  -0.013336761   0.013336761  -0.000000000
        194.000  -0.000000000  -0.013336761   0.013336761  -0.000000000
        194.400  -0.000000000  -0.013336761   0.013336761  -0.000000000
        194.800  -0.000000000  -0.013336761   0.013336761  -0.000000000
        195.200  -0.000000000  -0.013336761   0.013336761  -0.000000000
        195.600  -0.000000000  -0.013336761   0.013336761  -0.000000000
        196.000  -0.000000000  -0.013336761   0.013336761  -0.000000000
        196.400  -0.000000000  -0.013336761   0.013336761  -0.000000000
        196.800  -0.000000000  -0.013336761   0.013336761  -0.000000000
        197.200  -0.000000000  -0.013336761   0.013336761  -0.000000000
        197.600  -0.000000000  -0.013336761   0.013336761  -0.000000000
        198.000  -0.000000000  -0.013336761   0.013336761  -0.000000000
        198.400  -0.000000000  -0.013336761   0.013336761  -0.000000000
        198.800  -0.000000000  -0.013336761   0.013336761  -0.000000000
        199.200  -0.000000000  -0.013336761   0.013336761  -0.000000000
        199.600  -0.000000000  -0.013336761   0.013336761  -0.000000000
        200.000  -0.000000000  -0.013336761   0.013336761  -0.000000000
        200.400  -0.000000000  -0.013336761   0.013336761  -0.000000000
        200.800  -0.000000000  -0.013336761   0.013336761  -0.000000000
        201.200  -0.000000000  -0.013336761   0.013336761  -0.000000000
        201.600  -0.000000000  -0.013336761   0.013336761  -0.000000000
        202.000  -0.000000000  -0.013336761   0.013336761  -0.000000000
        202.400  -0.000000000  -0.013336761   0.013336761  -0.000000000
        202.800  -0.000000000  -0.013336761   0.013336761  -0.000000000
        203.200  -0.000000000  -0.013336761   0.013336761  -0.000000000
        203.600  -0.000000000  -0.013336761   0.013336761  -0.000000000
        204.000  -0.000000000  -0.013336761   0.013336761  -0.000000000
        204.400  -0.000000000  -0.013336761   0.013336761  -0.000000000
        204.800  -0.000000000  -0.013336761   0.013336761  -0.000000000
        205.200  -0.000000000  -0.013336761   0.013336761  -0.000000000
        205.600  -0.000000000  -0.013336761   0.013336761  -0.000000000
        206.000  -0.000000000  -0.013336761   0.013336761  -0.000000000
        206.400  -0.000000000  -0.013336761   0.013336761  -0.000000000
        206.800  -0.000000000  -0.013336761   0.013336761  -0.000000000
        207.200  -0.000000000  -0.013336761   0.013336761  -0.000000000
        207.600  -0.000000000  -0.013336761   0.013336761  -0.000000000
        208.000  -0.000000000  -0.013336761   0.013336761  -0.000000000
        208.400  -0.000000000  -0.013336761   0.013336761  -0.000000000
        208.800  -0.000000000  -0.013336761   0.013336761  -0.000000000
        209.200  -0.000000000  -0.013336761   0.013336761  -0.000000000
        209.600  -0.000000000  -0.013336761   0.013336761  -0.000000000
        210.000  -0.000000000  -0.013336761   0.013336761  -0.000000000
        210.400  -0.000000000  -0.013336761   0.013336761  -0.000000000
        210.800  -0.000000000  -0.013336761   0.013336761  -0.000000000
        211.200  -0.000000000  -0.013336761   0.013336761  -0.000000000
        211.600  -0.000000000  -0.013336761   0.013336761  -0.000000000
        212.000  -0.000000000  -0.013336761   0.013336761  -0.000000000
        212.400  -0.000000000  -0.013336761   0.013336761  -0.000000000
        212.800  -0.000000000  -0.013336761   0.013336761  -0.000000000
        213.200  -0.000000000  -0.013336761   0.013336761  -0.000000000
        213.600  -0.000000000  -0.013336761   0.013336761  -0.000000000
        214.000  -0.000000000  -0.013336761   0.013336761  -0.000000000
        214.400  -0.000000000  -0.013336761   0.013336761  -0.000000000
        214.800  -0.000000000  -0.013336761   0.013336761  -0.000000000
        215.200  -0.000000000  -0.013336761   0.013336761  -0.000000000
        215.600  -0.000000000  -0.013336761   0.013336761  -0.000000000
        216.000  -0.000000000  -0.013336761   0.013336761  -0.000000000
        216.400  -0.000000000  -0.013336761   0.013336761  -0.000000000
        216.800  -0.000000000  -0.013336761   0.013336761  -0.000000000
        217.200  -0.000000000  -0.013336761   0.013336761  -0.000000000
        217.600  -0.000000000  -0.013336761   0.013336761  -0.000000000
        218.000  -0.000000000  -0.013336761   0.013336761  -0.000000000
        218.400  -0.000000000  -0.013336761   0.013336761  -0.000000000
        218.800  -0.000000000  -0.013336761   0.013336761  -0.000000000
        219.200  -0.000000000  -0.013336761   0.013336761  -0.000000000
        219.600  -0.000000000  -0.013336761   0.013336761  -0.000000000
        220.000  -0.000000000  -0.013336761   0.013336761  -0.000000000
        220.400  -0.000000000  -0.013336761   0.013336761  -0.000000000
        220.800  -0.000000000  -0.013336761   0.013336761  -0.000000000
        221.200  -0.000000000  -0.013336761   0.013336761  -0.000000000
        221.600  -0.000000000  -0.013336761   0.013336761  -0.000000000
        222.000  -0.000000000  -0.013336761   0.013336761  -0.000000000
        222.400  -0.000000000  -0.013336761   0.013336761  -0.000000000
        222.800  -0.000000000  -0.013336761   0.013336761  -0.000000000
        223.200  -0.000000000  -0.013336761   0.013336761  -0.000000000
        223.600  -0.000000000  -0.013336761   0.013336761  -0.000000000
        224.000  -0.000000000  -0.013336761   0.013336761  -0.000000000
        224.400  -0.000000000  -0.013336761   0.013336761  -0.000000000
        224.800  -0.000000000  -0.013336761   0.013336761  -0.000000000
        225.200  -0.000000000  -0.013336761   0.013336761  -0.000000000
        225.600  -0.000000000  -0.013336761   0.013336761  -0.000000000
        226.000  -0.000000000  -0.013336761   0.013336761  -0.000000000
        226.400  -0.000000000  -0.013336761   0.013336761  -0.000000000
        226.800  -0.000000000  -0.013336761   0.013336761  -0.000000000
        227.200  -0.000000000  -0.013336761   0.013336761  -0.000000000
        227.600  -0.000000000  -0.013336761   0.013336761  -0.000000000
        228.000  -0.000000000  -0.013336761   0.013336761  -0.000000000
        228.400  -0.000000000  -0.013336761   0.013336761  -0.000000000
        228.800  -0.000000000  -0.013336761   0.013336761  -0.000000000
        229.200  -0.000000000  -0.013336761   0.013336761  -0.000000000
        229.600  -0.000000000  -0.013336761   0.013336761  -0.000000000
        230.000  -0.000000000  -0.013336761   0.013336761  -0.000000000
        230.400  -0.000000000  -0.013336761   0.013336761  -0.000000000
        230.800  -0.000000000  -0.013336761   0.013336761  -0.000000000
        231.200  -0.000000000  -0.013336761   0.013336761  -0.000000000
        231.600  -0.000000000  -0.013336761   0.013336761  -0.000000000
        232.000  -0.000000000  -0.013336761   0.013336761  -0.000000000
        232.400  -0.000000000  -0.013336761   0.013336761  -0.000000000
        232.800  -0.000000000  -0.013336761   0.013336761  -0.000000000
        233.200  -0.000000000  -0.013336761   0.013336761  -0.000000000
        233.600  -0.000000000  -0.013336761   0.013336761  -0.000000000
        234.000  -0.000000000  -0.013336761   0.013336761  -0.000000000
        234.400  -0.000000000  -0.013336761   0.013336761  -0.000000000
        234.800  -0.000000000  -0.013336761   0.013336761  -0.000000000
        235.200  -0.000000000  -0.013336761   0.013336761  -0.000000000
        235.600  -0.000000000  -0.013336761   0.013336761  -0.000000000
        236.000  -0.000000000  -0.013336761   0.013336761  -0.000000000
        236.400  -0.000000000  -0.013336761   0.013336761  -0.000000000
        236.800  -0.000000000  -0.013336761   0.013336761  -0.000000000
        237.200  -0.000000000  -0.013336761   0.013336761  -0.000000000
        237.600  -0.000000000  -0.013336761   0.013336761  -0.000000000
        238.000  -0.000000000  -0.013336761   0.013336761  -0.000000000
        238.400  -0.000000000  -0.013336761   0.013336761  -0.000000000
        238.800  -0.000000000  -0.013336761   0.013336761  -0.000000000
        239.200  -0.000000000  -0.013336761   0.013336761  -0.000000000
        239.600  -0.000000000  -0.013336761   0.013336761  -0.000000000
        240.000  -0.000000000  -0.013336761   0.013336761  -0.000000000
