          0.250   0.000000000  -0.196179672   0.196179672   0.000000000
          0.500   0.000000000  -0.176339333   0.176339333   0.000000000
          0.750  -0.000000000  -0.091674688   0.091674688   0.000000000
          1.000  -0.000000000  -0.028649066   0.028649066   0.000000000
          1.250  -0.000000000   0.005713838  -0.005713838  -0.000000000
          1.500  -0.000000000   0.011649259  -0.011649259   0.000000000
          1.750   0.000000000  -0.002571422   0.002571422   0.000000000
          2.000   0.000000000  -0.022220458   0.022220458  -0.000000000
          2.250  -0.000000000  -0.035384319   0.035384319  -0.000000000
          2.500   0.000000000  -0.037934935   0.037934935  -0.000000000
          2.750  -0.000000000  -0.032341996   0.032341996  -0.000000000
          3.000  -0.000000000  -0.023803022   0.023803022  -0.000000000
          3.250  -0.000000000  -0.016770634   0.016770634  -0.000000000
          3.500   0.000000000  -0.013254209   0.013254209  -0.000000000
          3.750   0.000000000  -0.012906996   0.012906996  -0.000000000
          4.000   0.000000000  -0.013942799   0.013942799  -0.000000000
          4.250   0.000000000  -0.014659818   0.014659818  -0.000000000
          4.500   0.000000000  -0.014427780   0.014427780  -0.000000000
          4.750   0.000000000  -0.013390988   0.013390988  -0.000000000
          5.000   0.000000000  -0.012013331   0.012013331  -0.000000000
          5.250   0.000000000  -0.010752491   0.010752491  -0.000000000
          5.500   0.000000000  -0.009842234   0.009842234  -0.000000000
          5.750   0.000000000  -0.009263193   0.009263193  -0.000000000
          6.000   0.000000000  -0.008857652   0.008857652  -0.000000000
          6.250   0.000000000  -0.008467468   0.008467468  -0.000000000
          6.500   0.000000000  -0.008013063   0.008013063  -0.000000000
          6.750   0.000000000  -0.007499038   0.007499038  -0.000000000
          7.000   0.000000000  -0.006975124   0.006975124  -0.000000000
          7.250   0.000000000  -0.006490854   0.006490854  -0.000000000
          7.500   0.000000000  -0.006069273   0.006069273  -0.000000000
          7.750   0.000000000  -0.005705057   0.005705057  -0.000000000
          8.000   0.000000000  -0.005378187   0.005378187  -0.000000000
          8.250   0.000000000  -0.005069299   0.005069299  -0.000000000
          8.500   0.000000000  -0.004768136   0.004768136  -0.000000000
          8.750   0.000000000  -0.004474181   0.004474181  -0.000000000
          9.000   0.000000000  -0.004192357   0.004192357  -0.000000000
          9.250   0.000000000  -0.003927807   0.003927807  -0.000000000
          9.500   0.000000000  -0.003682729   0.003682729  -0.000000000
          9.750   0.000000000  -0.003456005   0.003456005  -0.000000000
         10.000   0.000000000  -0.003244657   0.003244657  -0.000000000
         10.250   0.000000000  -0.003045644   0.003045644  -0.000000000
         10.500   0.000000000  -0.002856977   0.002856977  -0.000000000
         10.750   0.000000000  -0.002677879   0.002677879  -0.000000000
         11.000   0.000000000  -0.002508317   0.002508317  -0.000000000
         11.250   0.000000000  -0.002348386   0.002348386  -0.000000000
         11.500   0.000000000  -0.002197916   0.002197916  -0.000000000
         11.750   0.000000000  -0.002056390   0.002056390  -0.000000000
         12.000   0.000000000  -0.001923086   0.001923086  -0.000000000
         12.250   0.000000000  -0.001797276   0.001797276  -0.000000000
         12.500   0.000000000  -0.001678359   0.001678359  -0.000000000
         12.750   0.000000000  -0.001565894   0.001565894  -0.000000000
         13.000   0.000000000  -0.001459549   0.001459549  -0.000000000
         13.250   0.000000000  -0.001359035   0.001359035  -0.000000000
         13.500   0.000000000  -0.001264058   0.001264058  -0.000000000
         13.750   0.000000000  -0.001174301   0.001174301  -0.000000000
         14.000   0.000000000  -0.001089443   0.001089443  -0.000000000
         14.250   0.000000000  -0.001009173   0.001009173  -0.000000000
         14.500   0.000000000  -0.000933207   0.000933207  -0.000000000
         14.750   0.000000000  -0.000861291   0.000861291  -0.000000000
         15.000   0.000000000  -0.000793200   0.000793200  -0.000000000
         15.250   0.000000000  -0.000728722   0.000728722  -0.000000000
         15.500   0.000000000  -0.000667657   0.000667657  -0.000000000
         15.750   0.000000000  -0.000609812   0.000609812  -0.000000000
         16.000   0.000000000  -0.000555005   0.000555005  -0.000000000
         16.250   0.000000000  -0.000503061   0.000503061  -0.000000000
         16.500   0.000000000  -0.000453817   0.000453817  -0.000000000
         16.750   0.000000000  -0.000407123   0.000407123  -0.000000000
         17.000   0.000000000  -0.000362837   0.000362837  -0.000000000
         17.250   0.000000000  -0.000320826   0.000320826  -0.000000000
         17.500   0.000000000  -0.000280967   0.000280967  -0.000000000
         17.750   0.000000000  -0.000243140   0.000243140  -0.000000000
         18.000   0.000000000  -0.000207234   0.000207234  -0.000000000
         18.250   0.000000000  -0.000173144   0.000173144  -0.000000000
         18.500   0.000000000  -0.000140772   0.000140772  -0.000000000
         18.750   0.000000000  -0.000110023   0.000110023  -0.000000000
         19.000   0.000000000  -0.000080812   0.000080812  -0.000000000
         19.250   0.000000000  -0.000053054   0.000053054  -0.000000000
         19.500   0.000000000  -0.000026673   0.000026673  -0.000000000
         19.750   0.000000000  -0.000001595   0.000001595  -0.000000000
         20.000   0.000000000   0.000022249  -0.000022249  -0.000000000
         20.250  -0.000000000   0.000044925  -0.000044925  -0.000000000
         20.500  -0.000000000   0.000066495  -0.000066495  -0.000000000
         20.750  -0.000000000   0.000087016  -0.000087016  -0.000000000
         21.000  -0.000000000   0.000106544  -0.000106544  -0.000000000
         21.250  -0.000000000   0.000125130  -0.000125130  -0.000000000
         21.500  -0.000000000   0.000142823  -0.000142823  -0.000000000
         21.750  -0.000000000   0.000159670  -0.000159670  -0.000000000
         22.000  -0.000000000   0.000175715  -0.000175715  -0.000000000
         22.250  -0.000000000   0.000190998  -0.000190998  -0.000000000
         22.500  -0.000000000   0.000205559  -0.000205559  -0.000000000
         22.750  -0.000000000   0.000219435  -0.000219435  -0.000000000
         23.000  -0.000000000   0.000232661  -0.000232661  -0.000000000
         23.250  -0.000000000   0.000245269  -0.000245269  -0.000000000
         23.500  -0.000000000   0.000257291  -0.000257291  -0.000000000
         23.750  -0.000000000   0.000268757  -0.000268757  -0.000000000
         24.000  -0.000000000   0.000279694  -0.000279694  -0.000000000
         24.250  -0.000000000   0.000290129  -0.000290129  -0.000000000
         24.500  -0.000000000   0.000300087  -0.000300088  -0.000000000
         24.750  -0.000000000   0.000309592  -0.000309592  -0.000000000
         25.000  -0.000000000   0.000318667  -0.000318667  -0.000000000
         25.250  -0.000000000   0.000327331  -0.000327331  -0.000000000
         25.500  -0.000000000   0.000336057  -0.000336057  -0.000000000
         25.750  -0.000000000   0.000345588  -0.000345588  -0.000000000
         26.000  -0.000000000   0.000355779  -0.000355779  -0.000000000
         26.250  -0.000000000   0.000365697  -0.000365697  -0.000000000
         26.500  -0.000000000   0.000374565  -0.000374565  -0.000000000
         26.750  -0.000000000   0.000382128  -0.000382128  -0.000000000
         27.000  -0.000000000   0.000388633  -0.000388633  -0.000000000
         27.250  -0.000000000   0.000394606  -0.000394606  -0.000000000
         27.500  -0.000000000   0.000400540  -0.000400540  -0.000000000
         27.750  -0.000000000   0.000406669  -0.000406669  -0.000000000
         28.000  -0.000000000   0.000412937  -0.000412937  -0.000000000
         28.250  -0.000000000   0.000419111  -0.000419111  -0.000000000
         28.500  -0.000000000   0.000424954  -0.000424954  -0.000000000
         28.750  -0.000000000   0.000430339  -0.000430339  -0.000000000
         29.000  -0.000000000   0.000435278  -0.000435278  -0.000000000
         29.250  -0.000000000   0.000439878  -0.000439878  -0.000000000
         29.500  -0.000000000   0.000444262  -0.000444262  -0.000000000
         29.750  -0.000000000   0.000448507  -0.000448507  -0.000000000
         30.000  -0.000000000   0.000452632  -0.000452632  -0.000000000
         30.250  -0.000000000   0.000456612  -0.000456612  -0.000000000
         30.500  -0.000000000   0.000460413  -0.000460413  -0.000000000
         30.750  -0.000000000   0.000464014  -0.000464014  -0.000000000
         31.000  -0.000000000   0.000467416  -0.000467416  -0.000000000
         31.250  -0.000000000   0.000470638  -0.000470638  -0.000000000
         31.500  -0.000000000   0.000473704  -0.000473704  -0.000000000
         31.750  -0.000000000   0.000476631  -0.000476631  -0.000000000
         32.000  -0.000000000   0.000479431  -0.000479431  -0.000000000
         32.250  -0.000000000   0.000482104  -0.000482104  -0.000000000
         32.500  -0.000000000   0.000484653  -0.000484653  -0.000000000
         32.750  -0.000000000   0.000487079  -0.000487079  -0.000000000
         33.000  -0.000000000   0.000489386  -0.000489386  -0.000000000
         33.250  -0.000000000   0.000491580  -0.000491580  -0.000000000
         33.500  -0.000000000   0.000493669  -0.000493669  -0.000000000
         33.750  -0.000000000   0.000495660  -0.000495660  -0.000000000
         34.000  -0.000000000   0.000497558  -0.000497558  -0.000000000
         34.250  -0.000000000   0.000499366  -0.000499366  -0.000000000
         34.500  -0.000000000   0.000501088  -0.000501088  -0.000000000
         34.750  -0.000000000   0.000502728  -0.000502728  -0.000000000
         35.000  -0.000000000   0.000504290  -0.000504290  -0.000000000
         35.250  -0.000000000   0.000505777  -0.000505777  -0.000000000
         35.500  -0.000000000   0.000507193  -0.000507193  -0.000000000
         35.750  -0.000000000   0.000508541  -0.000508541  -0.000000000
         36.000  -0.000000000   0.000509826  -0.000509826  -0.000000000
         36.250  -0.000000000   0.000511049  -0.000511049  -0.000000000
         36.500  -0.000000000   0.000512215  -0.000512215  -0.000000000
         36.750  -0.000000000   0.000513324  -0.000513324  -0.000000000
         37.000  -0.000000000   0.000514381  -0.000514381  -0.000000000
         37.250  -0.000000000   0.000515388  -0.000515388  -0.000000000
         37.500  -0.000000000   0.000516346  -0.000516346  -0.000000000
         37.750  -0.000000000   0.000517260  -0.000517260  -0.000000000
         38.000  -0.000000000   0.000518129  -0.000518129  -0.000000000
         38.250  -0.000000000   0.000518958  -0.000518958  -0.000000000
         38.500  -0.000000000   0.000519746  -0.000519746  -0.000000000
         38.750  -0.000000000   0.000520498  -0.000520498  -0.000000000
         39.000  -0.000000000   0.000521214  -0.000521214  -0.000000000
         39.250  -0.000000000   0.000521896  -0.000521896  -0.000000000
         39.500  -0.000000000   0.000522545  -0.000522545  -0.000000000
         39.750  -0.000000000   0.000523164  -0.000523164  -0.000000000
         40.000  -0.000000000   0.000523753  -0.000523753  -0.000000000
         40.250  -0.000000000   0.000524314  -0.000524314  -0.000000000
         40.500  -0.000000000   0.000524849  -0.000524849  -0.000000000
         40.750  -0.000000000   0.000525359  -0.000525359  -0.000000000
         41.000  -0.000000000   0.000525844  -0.000525844  -0.000000000
         41.250  -0.000000000   0.000526307  -0.000526307  -0.000000000
         41.500  -0.000000000   0.000526747  -0.000526747  -0.000000000
         41.750  -0.000000000   0.000527167  -0.000527167  -0.000000000
         42.000  -0.000000000   0.000527567  -0.000527567  -0.000000000
         42.250  -0.000000000   0.000527948  -0.000527948  -0.000000000
         42.500  -0.000000000   0.000528311  -0.000528311  -0.000000000
         42.750  -0.000000000   0.000528657  -0.000528657  -0.000000000
         43.000  -0.000000000   0.000528986  -0.000528986  -0.000000000
         43.250  -0.000000000   0.000529301  -0.000529301  -0.000000000
         43.500  -0.000000000   0.000529600  -0.000529600  -0.000000000
         43.750  -0.000000000   0.000529885  -0.000529885  -0.000000000
         44.000  -0.000000000   0.000530157  -0.000530157  -0.000000000
         44.250  -0.000000000   0.000530416  -0.000530416  -0.000000000
         44.500  -0.000000000   0.000530663  -0.000530663  -0.000000000
         44.750  -0.000000000   0.000530899  -0.000530899  -0.000000000
         45.000  -0.000000000   0.000531123  -0.000531123  -0.000000000
         45.250  -0.000000000   0.000531337  -0.000531337  -0.000000000
         45.500  -0.000000000   0.000531540  -0.000531540  -0.000000000
         45.750  -0.000000000   0.000531735  -0.000531735  -0.000000000
         46.000  -0.000000000   0.000531920  -0.000531920  -0.000000000
         46.250  -0.000000000   0.000532096  -0.000532096  -0.000000000
         46.500  -0.000000000   0.000532265  -0.000532265  -0.000000000
         46.750  -0.000000000   0.000532425  -0.000532425  -0.000000000
         47.000  -0.000000000   0.000532578  -0.000532578  -0.000000000
         47.250  -0.000000000   0.000532724  -0.000532724  -0.000000000
         47.500  -0.000000000   0.000532863  -0.000532863  -0.000000000
         47.750  -0.000000000   0.000532996  -0.000532996  -0.000000000
         48.000  -0.000000000   0.000533122  -0.000533122  -0.000000000
         48.250  -0.000000000   0.000533243  -0.000533243  -0.000000000
         48.500  -0.000000000   0.000533358  -0.000533358  -0.000000000
         48.750  -0.000000000   0.000533467  -0.000533467  -0.000000000
         49.000  -0.000000000   0.000533572  -0.000533572  -0.000000000
         49.250  -0.000000000   0.000533671  -0.000533671  -0.000000000
         49.500  -0.000000000   0.000533766  -0.000533766  -0.000000000
         49.750  -0.000000000   0.000533857  -0.000533857  -0.000000000
         50.000  -0.000000000   0.000533944  -0.000533944  -0.000000000
         50.250  -0.000000000   0.000534026  -0.000534026  -0.000000000
         50.500  -0.000000000   0.000534105  -0.000534105  -0.000000000
         50.750  -0.000000000   0.000534180  -0.000534180  -0.000000000
         51.000  -0.000000000   0.000534251  -0.000534251  -0.000000000
         51.250  -0.000000000   0.000534319  -0.000534319  -0.000000000
         51.500  -0.000000000   0.000534385  -0.000534385  -0.000000000
         51.750  -0.000000000   0.000534447  -0.000534447  -0.000000000
         52.000  -0.000000000   0.000534506  -0.000534506  -0.000000000
         52.250  -0.000000000   0.000534562  -0.000534562  -0.000000000
         52.500  -0.000000000   0.000534616  -0.000534616  -0.000000000
         52.750  -0.000000000   0.000534667  -0.000534667  -0.000000000
         53.000  -0.000000000   0.000534716  -0.000534716  -0.000000000
         53.250  -0.000000000   0.000534763  -0.000534763  -0.000000000
         53.500  -0.000000000   0.000534807  -0.000534807  -0.000000000
         53.750  -0.000000000   0.000534849  -0.000534849  -0.000000000
         54.000  -0.000000000   0.000534890  -0.000534890  -0.000000000
         54.250  -0.000000000   0.000534928  -0.000534928  -0.000000000
         54.500  -0.000000000   0.000534965  -0.000534965  -0.000000000
         54.750  -0.000000000   0.000535000  -0.000535000  -0.000000000
         55.000  -0.000000000   0.000535033  -0.000535033  -0.000000000
         55.250  -0.000000000   0.000535065  -0.000535065  -0.000000000
         55.500  -0.000000000   0.000535096  -0.000535096  -0.000000000
         55.750  -0.000000000   0.000535125  -0.000535125  -0.000000000
         56.000  -0.000000000   0.000535152  -0.000535152  -0.000000000
         56.250  -0.000000000   0.000535178  -0.000535178  -0.000000000
         56.500  -0.000000000   0.000535203  -0.000535203  -0.000000000
         56.750  -0.000000000   0.000535227  -0.000535227  -0.000000000
         57.000  -0.000000000   0.000535250  -0.000535250  -0.000000000
         57.250  -0.000000000   0.000535272  -0.000535272  -0.000000000
         57.500  -0.000000000   0.000535293  -0.000535293  -0.000000000
         57.750  -0.000000000   0.000535312  -0.000535312  -0.000000000
         58.000  -0.000000000   0.000535331  -0.000535331  -0.000000000
         58.250  -0.000000000   0.000535349  -0.000535349  -0.000000000
         58.500  -0.000000000   0.000535366  -0.000535366  -0.000000000
         58.750  -0.000000000   0.000535382  -0.000535382  -0.000000000
         59.000  -0.000000000   0.000535398  -0.000535398  -0.000000000
         59.250  -0.000000000   0.000535413  -0.000535413  -0.000000000
         59.500  -0.000000000   0.000535427  -0.000535427  -0.000000000
         59.750  -0.000000000   0.000535440  -0.000535440  -0.000000000
         60.000  -0.000000000   0.000535453  -0.000535453  -0.000000000
         60.250  -0.000000000   0.000535465  -0.000535465  -0.000000000
         60.500  -0.000000000   0.000535477  -0.000535477  -0.000000000
         60.750  -0.000000000   0.000535488  -0.000535488  -0.000000000
         61.000  -0.000000000   0.000535499  -0.000535499  -0.000000000
         61.250  -0.000000000   0.000535509  -0.000535509  -0.000000000
         61.500  -0.000000000   0.000535518  -0.000535518  -0.000000000
         61.750  -0.000000000   0.000535528  -0.000535528  -0.000000000
         62.000  -0.000000000   0.000535536  -0.000535536  -0.000000000
         62.250  -0.000000000   0.000535545  -0.000535545  -0.000000000
         62.500  -0.000000000   0.000535553  -0.000535553  -0.000000000
         62.750  -0.000000000   0.000535560  -0.000535560  -0.000000000
         63.000  -0.000000000   0.000535567  -0.000535567  -0.000000000
         63.250  -0.000000000   0.000535574  -0.000535574  -0.000000000
         63.500  -0.000000000   0.000535581  -0.000535581  -0.000000000
         63.750  -0.000000000   0.000535587  -0.000535587  -0.000000000
         64.000  -0.000000000   0.000535593  -0.000535593  -0.000000000
         64.250  -0.000000000   0.000535599  -0.000535599  -0.000000000
         64.500  -0.000000000   0.000535604  -0.000535604  -0.000000000
         64.750  -0.000000000   0.000535609  -0.000535609  -0.000000000
         65.000  -0.000000000   0.000535614  -0.000535614  -0.000000000
         65.250  -0.000000000   0.000535619  -0.000535619  -0.000000000
         65.500  -0.000000000   0.000535623  -0.000535623  -0.000000000
         65.750  -0.000000000   0.000535628  -0.000535628  -0.000000000
         66.000  -0.000000000   0.000535632  -0.000535632  -0.000000000
         66.250  -0.000000000   0.000535636  -0.000535636  -0.000000000
         66.500  -0.000000000   0.000535639  -0.000535639  -0.000000000
         66.750  -0.000000000   0.000535643  -0.000535643  -0.000000000
         67.000  -0.000000000   0.000535646  -0.000535646  -0.000000000
         67.250  -0.000000000   0.000535649  -0.000535649  -0.000000000
         67.500  -0.000000000   0.000535652  -0.000535652  -0.000000000
         67.750  -0.000000000   0.000535655  -0.000535655  -0.000000000
         68.000  -0.000000000   0.000535658  -0.000535658  -0.000000000
         68.250  -0.000000000   0.000535661  -0.000535661  -0.000000000
         68.500  -0.000000000   0.000535663  -0.000535663  -0.000000000
         68.750  -0.000000000   0.000535666  -0.000535666  -0.000000000
         69.000  -0.000000000   0.000535668  -0.000535668  -0.000000000
         69.250  -0.000000000   0.000535670  -0.000535670  -0.000000000
         69.500  -0.000000000   0.000535672  -0.000535672  -0.000000000
         69.750  -0.000000000   0.000535674  -0.000535674  -0.000000000
         70.000  -0.000000000   0.000535676  -0.000535676  -0.000000000
         70.250  -0.000000000   0.000535678  -0.000535678  -0.000000000
         70.500  -0.000000000   0.000535680  -0.000535680  -0.000000000
         70.750  -0.000000000   0.000535681  -0.000535681  -0.000000000
         71.000  -0.000000000   0.000535683  -0.000535683  -0.000000000
         71.250  -0.000000000   0.000535684  -0.000535684  -0.000000000
         71.500  -0.000000000   0.000535686  -0.000535686  -0.000000000
         71.750  -0.000000000   0.000535687  -0.000535687  -0.000000000
         72.000  -0.000000000   0.000535688  -0.000535688  -0.000000000
         72.250  -0.000000000   0.000535690  -0.000535690  -0.000000000
         72.500  -0.000000000   0.000535691  -0.000535691  -0.000000000
         72.750  -0.000000000   0.000535692  -0.000535692  -0.000000000
         73.000  -0.000000000   0.000535693  -0.000535693  -0.000000000
         73.250  -0.000000000   0.000535694  -0.000535694  -0.000000000
         73.500  -0.000000000   0.000535695  -0.000535695  -0.000000000
         73.750  -0.000000000   0.000535696  -0.000535696  -0.000000000
         74.000  -0.000000000   0.000535697  -0.000535697  -0.000000000
         74.250  -0.000000000   0.000535698  -0.000535698  -0.000000000
         74.500  -0.000000000   0.000535698  -0.000535698  -0.000000000
         74.750  -0.000000000   0.000535699  -0.000535699  -0.000000000
         75.000  -0.000000000   0.000535700  -0.000535700  -0.000000000
         75.250  -0.000000000   0.000535701  -0.000535701  -0.000000000
         75.500  -0.000000000   0.000535701  -0.000535701  -0.000000000
         75.750  -0.000000000   0.000535702  -0.000535702  -0.000000000
         76.000  -0.000000000   0.000535702  -0.000535702  -0.000000000
         76.250  -0.000000000   0.000535703  -0.000535703  -0.000000000
         76.500  -0.000000000   0.000535704  -0.000535704  -0.000000000
         76.750  -0.000000000   0.000535704  -0.000535704  -0.000000000
         77.000  -0.000000000   0.000535705  -0.000535705  -0.000000000
         77.250  -0.000000000   0.000535705  -0.000535705  -0.000000000
         77.500  -0.000000000   0.000535706  -0.000535706  -0.000000000
         77.750  -0.000000000   0.000535706  -0.000535706  -0.000000000
         78.000  -0.000000000   0.000535706  -0.000535706  -0.000000000
         78.250  -0.000000000   0.000535707  -0.000535707  -0.000000000
         78.500  -0.000000000   0.000535707  -0.000535707  -0.000000000
         78.750  -0.000000000   0.000535707  -0.000535707  -0.000000000
         79.000  -0.000000000   0.000535708  -0.000535708  -0.000000000
         79.250  -0.000000000   0.000535708  -0.000535708  -0.000000000
         79.500  -0.000000000   0.000535708  -0.000535708  -0.000000000
         79.750  -0.000000000   0.000535709  -0.000535709  -0.000000000
         80.000  -0.000000000   0.000535709  -0.000535709  -0.000000000
         80.250  -0.000000000   0.000535709  -0.000535709  -0.000000000
         80.500  -0.000000000   0.000535710  -0.000535710  -0.000000000
         80.750  -0.000000000   0.000535710  -0.000535710  -0.000000000
         81.000  -0.000000000   0.000535710  -0.000535710  -0.000000000
         81.250  -0.000000000   0.000535710  -0.000535710  -0.000000000
         81.500  -0.000000000   0.000535710  -0.000535710  -0.000000000
         81.750  -0.000000000   0.000535711  -0.000535711  -0.000000000
         82.000  -0.000000000   0.000535711  -0.000535711  -0.000000000
         82.250  -0.000000000   0.000535711  -0.000535711  -0.000000000
         82.500  -0.000000000   0.000535711  -0.000535711  -0.000000000
         82.750  -0.000000000   0.000535711  -0.000535711  -0.000000000
         83.000  -0.000000000   0.000535712  -0.000535712  -0.000000000
         83.250  -0.000000000   0.000535712  -0.000535712  -0.000000000
         83.500  -0.000000000   0.000535712  -0.000535712  -0.000000000
         83.750  -0.000000000   0.000535712  -0.000535712  -0.000000000
         84.000  -0.000000000   0.000535712  -0.000535712  -0.000000000
         84.250  -0.000000000   0.000535712  -0.000535712  -0.000000000
         84.500  -0.000000000   0.000535712  -0.000535712  -0.000000000
         84.750  -0.000000000   0.000535712  -0.000535712  -0.000000000
         85.000  -0.000000000   0.000535713  -0.000535713  -0.000000000
         85.250  -0.000000000   0.000535713  -0.000535713  -0.000000000
         85.500  -0.000000000   0.000535713  -0.000535713  -0.000000000
         85.750  -0.000000000   0.000535713  -0.000535713  -0.000000000
         86.000  -0.000000000   0.000535713  -0.000535713  -0.000000000
         86.250  -0.000000000   0.000535713  -0.000535713  -0.000000000
         86.500  -0.000000000   0.000535713  -0.000535713  -0.000000000
         86.750  -0.000000000   0.000535713  -0.000535713  -0.000000000
         87.000  -0.000000000   0.000535713  -0.000535713  -0.000000000
         87.250  -0.000000000   0.000535713  -0.000535713  -0.000000000
         87.500  -0.000000000   0.000535713  -0.000535713  -0.000000000
         87.750  -0.000000000   0.000535713  -0.000535713  -0.000000000
         88.000  -0.000000000   0.000535713  -0.000535713  -0.000000000
         88.250  -0.000000000   0.000535714  -0.000535714  -0.000000000
         88.500  -0.000000000   0.000535714  -0.000535714  -0.000000000
         88.750  -0.000000000   0.000535714  -0.000535714  -0.000000000
         89.000  -0.000000000   0.000535714  -0.000535714  -0.000000000
         89.250  -0.000000000   0.000535714  -0.000535714  -0.000000000
         89.500  -0.000000000   0.000535714  -0.000535714  -0.000000000
         89.750  -0.000000000   0.000535714  -0.000535714  -0.000000000
         90.000  -0.000000000   0.000535714  -0.000535714  -0.000000000
         90.250  -0.000000000   0.000535714  -0.000535714  -0.000000000
         90.500  -0.000000000   0.000535714  -0.000535714  -0.000000000
         90.750  -0.000000000   0.000535714  -0.000535714  -0.000000000
         91.000  -0.000000000   0.000535714  -0.000535714  -0.000000000
         91.250  -0.000000000   0.000535714  -0.000535714  -0.000000000
         91.500  -0.000000000   0.000535714  -0.000535714  -0.000000000
         91.750  -0.000000000   0.000535714  -0.000535714  -0.000000000
         92.000  -0.000000000   0.000535714  -0.000535714  -0.000000000
         92.250  -0.000000000   0.000535714  -0.000535714  -0.000000000
         92.500  -0.000000000   0.000535714  -0.000535714  -0.000000000
         92.750  -0.000000000   0.000535714  -0.000535714  -0.000000000
         93.000  -0.000000000   0.000535714  -0.000535714  -0.000000000
         93.250  -0.000000000   0.000535714  -0.000535714  -0.000000000
         93.500  -0.000000000   0.000535714  -0.000535714  -0.000000000
         93.750  -0.000000000   0.000535714  -0.000535714  -0.000000000
         94.000  -0.000000000   0.000535714  -0.000535714  -0.000000000
         94.250  -0.000000000   0.000535714  -0.000535714  -0.000000000
         94.500  -0.000000000   0.000535714  -0.000535714  -0.000000000
         94.750  -0.000000000   0.000535714  -0.000535714  -0.000000000
         95.000  -0.000000000   0.000535714  -0.000535714  -0.000000000
         95.250  -0.000000000   0.000535714  -0.000535714  -0.000000000
         95.500  -0.000000000   0.000535714  -0.000535714  -0.000000000
         95.750  -0.000000000   0.000535714  -0.000535714  -0.000000000
         96.000  -0.000000000   0.000535714  -0.000535714  -0.000000000
         96.250  -0.000000000   0.000535714  -0.000535714  -0.000000000
         96.500  -0.000000000   0.000535714  -0.000535714  -0.000000000
         96.750  -0.000000000   0.000535714  -0.000535714  -0.000000000
         97.000  -0.000000000   0.000535715  -0.000535715  -0.000000000
         97.250  -0.000000000   0.000535715  -0.000535715  -0.000000000
         97.500  -0.000000000   0.000535715  -0.000535715  -0.000000000
         97.750  -0.000000000   0.000535715  -0.000535715  -0.000000000
         98.000  -0.000000000   0.000535715  -0.000535715  -0.000000000
         98.250  -0.000000000   0.000535715  -0.000535715  -0.000000000
         98.500  -0.000000000   0.000535715  -0.000535715  -0.000000000
         98.750  -0.000000000   0.000535715  -0.000535715  -0.000000000
         99.000  -0.000000000   0.000535715  -0.000535715  -0.000000000
         99.250  -0.000000000   0.000535715  -0.000535715  -0.000000000
         99.500  -0.000000000   0.000535715  -0.000535715  -0.000000000
         99.750  -0.000000000   0.000535715  -0.000535715  -0.000000000
        100.000  -0.000000000   0.000535715  -0.000535715  -0.000000000
        100.250  -0.000000000   0.000535715  -0.000535715  -0.000000000
        100.500  -0.000000000   0.000535715  -0.000535715  -0.000000000
        100.750  -0.000000000   0.000535715  -0.000535715  -0.000000000
        101.000  -0.000000000   0.000535715  -0.000535715  -0.000000000
        101.250  -0.000000000   0.000535715  -0.000535715  -0.000000000
        101.500  -0.000000000   0.000535715  -0.000535715  -0.000000000
        101.750  -0.000000000   0.000535715  -0.000535715  -0.000000000
        102.000  -0.000000000   0.000535715  -0.000535715  -0.000000000
        102.250  -0.000000000   0.000535715  -0.000535715  -0.000000000
        102.500  -0.000000000   0.000535715  -0.000535715  -0.000000000
        102.750  -0.000000000   0.000535715  -0.000535715  -0.000000000
        103.000  -0.000000000   0.000535715  -0.000535715  -0.000000000
        103.250  -0.000000000   0.000535715  -0.000535715  -0.000000000
        103.500  -0.000000000   0.000535715  -0.000535715  -0.000000000
        103.750  -0.000000000   0.000535715  -0.000535715  -0.000000000
        104.000  -0.000000000   0.000535715  -0.000535715  -0.000000000
        104.250  -0.000000000   0.000535715  -0.000535715  -0.000000000
        104.500  -0.000000000   0.000535715  -0.000535715  -0.000000000
        104.750  -0.000000000   0.000535715  -0.000535715  -0.000000000
        105.000  -0.000000000   0.000535715  -0.000535715  -0.000000000
        105.250  -0.000000000   0.000535715  -0.000535715  -0.000000000
        105.500  -0.000000000   0.000535715  -0.000535715  -0.000000000
        105.750  -0.000000000   0.000535715  -0.000535715  -0.000000000
        106.000  -0.000000000   0.000535715  -0.000535715  -0.000000000
        106.250  -0.000000000   0.000535715  -0.000535715  -0.000000000
        106.500  -0.000000000   0.000535715  -0.000535715  -0.000000000
        106.750  -0.000000000   0.000535715  -0.000535715  -0.000000000
        107.000  -0.000000000   0.000535715  -0.000535715  -0.000000000
        107.250  -0.000000000   0.000535715  -0.000535715  -0.000000000
        107.500  -0.000000000   0.000535715  -0.000535715  -0.000000000
        107.750  -0.000000000   0.000535715  -0.000535715  -0.000000000
        108.000  -0.000000000   0.000535715  -0.000535715  -0.000000000
        108.250  -0.000000000   0.000535715  -0.000535715  -0.000000000
        108.500  -0.000000000   0.000535715  -0.000535715  -0.000000000
        108.750  -0.000000000   0.000535715  -0.000535715  -0.000000000
        109.000  -0.000000000   0.000535715  -0.000535715  -0.000000000
        109.250  -0.000000000   0.000535715  -0.000535715  -0.000000000
        109.500  -0.000000000   0.000535715  -0.000535715  -0.000000000
        109.750  -0.000000000   0.000535715  -0.000535715  -0.000000000
        110.000  -0.000000000   0.000535715  -0.000535715  -0.000000000
        110.250  -0.000000000   0.000535715  -0.000535715  -0.000000000
        110.500  -0.000000000   0.000535715  -0.000535715  -0.000000000
        110.750  -0.000000000   0.000535715  -0.000535715  -0.000000000
        111.000  -0.000000000   0.000535715  -0.000535715  -0.000000000
        111.250  -0.000000000   0.000535715  -0.000535715  -0.000000000
        111.500  -0.000000000   0.000535715  -0.000535715  -0.000000000
        111.750  -0.000000000   0.000535715  -0.000535715  -0.000000000
        112.000  -0.000000000   0.000535715  -0.000535715  -0.000000000
        112.250  -0.000000000   0.000535715  -0.000535715  -0.000000000
        112.500  -0.000000000   0.000535715  -0.000535715  -0.000000000
        112.750  -0.000000000   0.000535715  -0.000535715  -0.000000000
        113.000  -0.000000000   0.000535715  -0.000535715  -0.000000000
        113.250  -0.000000000   0.000535715  -0.000535715  -0.000000000
        113.500  -0.000000000   0.000535715  -0.000535715  -0.000000000
        113.750  -0.000000000   0.000535715  -0.000535715  -0.000000000
        114.000  -0.000000000   0.000535715  -0.000535715  -0.000000000
        114.250  -0.000000000   0.000535715  -0.000535715  -0.000000000
        114.500  -0.000000000   0.000535715  -0.000535715  -0.000000000
        114.750  -0.000000000   0.000535715  -0.000535715  -0.000000000
        115.000  -0.000000000   0.000535715  -0.000535715  -0.000000000
        115.250  -0.000000000   0.000535715  -0.000535715  -0.000000000
        115.500  -0.000000000   0.000535715  -0.000535715  -0.000000000
        115.750  -0.000000000   0.000535715  -0.000535715  -0.000000000
        116.000  -0.000000000   0.000535715  -0.000535715  -0.000000000
        116.250  -0.000000000   0.000535715  -0.000535715  -0.000000000
        116.500  -0.000000000   0.000535715  -0.000535715  -0.000000000
        116.750  -0.000000000   0.000535715  -0.000535715  -0.000000000
        117.000  -0.000000000   0.000535715  -0.000535715  -0.000000000
        117.250  -0.000000000   0.000535715  -0.000535715  -0.000000000
        117.500  -0.000000000   0.000535715  -0.000535715  -0.000000000
        117.750  -0.000000000   0.000535715  -0.000535715  -0.000000000
        118.000  -0.000000000   0.000535715  -0.000535715  -0.000000000
        118.250  -0.000000000   0.000535715  -0.000535715  -0.000000000
        118.500  -0.000000000   0.000535715  -0.000535715  -0.000000000
        118.750  -0.000000000   0.000535715  -0.000535715  -0.000000000
        119.000  -0.000000000   0.000535715  -0.000535715  -0.000000000
        119.250  -0.000000000   0.000535715  -0.000535715  -0.000000000
        119.500  -0.000000000   0.000535715  -0.000535715  -0.000000000
        119.750  -0.000000000   0.000535715  -0.000535715  -0.000000000
        120.000  -0.000000000   0.000535715  -0.000535715  -0.000000000
        120.250  -0.000000000   0.000535715  -0.000535715  -0.000000000
        120.500  -0.000000000   0.000535715  -0.000535715  -0.000000000
        120.750  -0.000000000   0.000535715  -0.000535715  -0.000000000
        121.000  -0.000000000   0.000535715  -0.000535715  -0.000000000
        121.250  -0.000000000   0.000535715  -0.000535715  -0.000000000
        121.500  -0.000000000   0.000535715  -0.000535715  -0.000000000
        121.750  -0.000000000   0.000535715  -0.000535715  -0.000000000
        122.000  -0.000000000   0.000535715  -0.000535715  -0.000000000
        122.250  -0.000000000   0.000535715  -0.000535715  -0.000000000
        122.500  -0.000000000   0.000535715  -0.000535715  -0.000000000
        122.750  -0.000000000   0.000535715  -0.000535715  -0.000000000
        123.000  -0.000000000   0.000535715  -0.000535715  -0.000000000
        123.250  -0.000000000   0.000535715  -0.000535715  -0.000000000
        123.500  -0.000000000   0.000535715  -0.000535715  -0.000000000
        123.750  -0.000000000   0.000535715  -0.000535715  -0.000000000
        124.000  -0.000000000   0.000535715  -0.000535715  -0.000000000
        124.250  -0.000000000   0.000535715  -0.000535715  -0.000000000
        124.500  -0.000000000   0.000535715  -0.000535715  -0.000000000
        124.750  -0.000000000   0.000535715  -0.000535715  -0.000000000
        125.000  -0.000000000   0.000535715  -0.000535715  -0.000000000
        125.250  -0.000000000   0.000535715  -0.000535715  -0.000000000
        125.500  -0.000000000   0.000535715  -0.000535715  -0.000000000
        125.750  -0.000000000   0.000535715  -0.000535715  -0.000000000
        126.000  -0.000000000   0.000535715  -0.000535715  -0.000000000
        126.250  -0.000000000   0.000535715  -0.000535715  -0.000000000
        126.500  -0.000000000   0.000535715  -0.000535715  -0.000000000
        126.750  -0.000000000   0.000535715  -0.000535715  -0.000000000
        127.000  -0.000000000   0.000535715  -0.000535715  -0.000000000
        127.250  -0.000000000   0.000535715  -0.000535715  -0.000000000
        127.500  -0.000000000   0.000535715  -0.000535715  -0.000000000
        127.750  -0.000000000   0.000535715  -0.000535715  -0.000000000
        128.000  -0.000000000   0.000535715  -0.000535715  -0.000000000
        128.250  -0.000000000   0.000535715  -0.000535715  -0.000000000
        128.500  -0.000000000   0.000535715  -0.000535715  -0.000000000
        128.750  -0.000000000   0.000535715  -0.000535715  -0.000000000
        129.000  -0.000000000   0.000535715  -0.000535715  -0.000000000
        129.250  -0.000000000   0.000535715  -0.000535715  -0.000000000
        129.500  -0.000000000   0.000535715  -0.000535715  -0.000000000
        129.750  -0.000000000   0.000535715  -0.000535715  -0.000000000
        130.000  -0.000000000   0.000535715  -0.000535715  -0.000000000
        130.250  -0.000000000   0.000535715  -0.000535715  -0.000000000
        130.500  -0.000000000   0.000535715  -0.000535715  -0.000000000
        130.750  -0.000000000   0.000535715  -0.000535715  -0.000000000
        131.000  -0.000000000   0.000535715  -0.000535715  -0.000000000
        131.250  -0.000000000   0.000535715  -0.000535715  -0.000000000
        131.500  -0.000000000   0.000535715  -0.000535715  -0.000000000
        131.750  -0.000000000   0.000535715  -0.000535715  -0.000000000
        132.000  -0.000000000   0.000535715  -0.000535715  -0.000000000
        132.250  -0.000000000   0.000535715  -0.000535715  -0.000000000
        132.500  -0.000000000   0.000535715  -0.000535715  -0.000000000
        132.750  -0.000000000   0.000535715  -0.000535715  -0.000000000
        133.000  -0.000000000   0.000535715  -0.000535715  -0.000000000
        133.250  -0.000000000   0.000535715  -0.000535715  -0.000000000
        133.500  -0.000000000   0.000535715  -0.000535715  -0.000000000
        133.750  -0.000000000   0.000535715  -0.000535715  -0.000000000
        134.000  -0.000000000   0.000535715  -0.000535715  -0.000000000
        134.250  -0.000000000   0.000535715  -0.000535715  -0.000000000
        134.500  -0.000000000   0.000535715  -0.000535715  -0.000000000
        134.750  -0.000000000   0.000535715  -0.000535715  -0.000000000
        135.000  -0.000000000   0.000535715  -0.000535715  -0.000000000
        135.250  -0.000000000   0.000535715  -0.000535715  -0.000000000
        135.500  -0.000000000   0.000535715  -0.000535715  -0.000000000
        135.750  -0.000000000   0.000535715  -0.000535715  -0.000000000
        136.000  -0.000000000   0.000535715  -0.000535715  -0.000000000
        136.250  -0.000000000   0.000535715  -0.000535715  -0.000000000
        136.500  -0.000000000   0.000535715  -0.000535715  -0.000000000
        136.750  -0.000000000   0.000535715  -0.000535715  -0.000000000
        137.000  -0.000000000   0.000535715  -0.000535715  -0.000000000
        137.250  -0.000000000   0.000535715  -0.000535715  -0.000000000
        137.500  -0.000000000   0.000535715  -0.000535715  -0.000000000
        137.750  -0.000000000   0.000535715  -0.000535715  -0.000000000
        138.000  -0.000000000   0.000535715  -0.000535715  -0.000000000
        138.250  -0.000000000   0.000535715  -0.000535715  -0.000000000
        138.500  -0.000000000   0.000535715  -0.000535715  -0.000000000
        138.750  -0.000000000   0.000535715  -0.000535715  -0.000000000
        139.000  -0.000000000   0.000535715  -0.000535715  -0.000000000
        139.250  -0.000000000   0.000535715  -0.000535715  -0.000000000
        139.500  -0.000000000   0.000535715  -0.000535715  -0.000000000
        139.750  -0.000000000   0.000535715  -0.000535715  -0.000000000
        140.000  -0.000000000   0.000535715  -0.000535715  -0.000000000
        140.250  -0.000000000   0.000535715  -0.000535715  -0.000000000
        140.500  -0.000000000   0.000535715  -0.000535715  -0.000000000
        140.750  -0.000000000   0.000535715  -0.000535715  -0.000000000
        141.000  -0.000000000   0.000535715  -0.000535715  -0.000000000
        141.250  -0.000000000   0.000535715  -0.000535715  -0.000000000
        141.500  -0.000000000   0.000535715  -0.000535715  -0.000000000
        141.750  -0.000000000   0.000535715  -0.000535715  -0.000000000
        142.000  -0.000000000   0.000535715  -0.000535715  -0.000000000
        142.250  -0.000000000   0.000535715  -0.000535715  -0.000000000
        142.500  -0.000000000   0.000535715  -0.000535715  -0.000000000
        142.750  -0.000000000   0.000535715  -0.000535715  -0.000000000
        143.000  -0.000000000   0.000535715  -0.000535715  -0.000000000
        143.250  -0.000000000   0.000535715  -0.000535715  -0.000000000
        143.500  -0.000000000   0.000535715  -0.000535715  -0.000000000
        143.750  -0.000000000   0.000535715  -0.000535715  -0.000000000
        144.000  -0.000000000   0.000535715  -0.000535715  -0.000000000
        144.250  -0.000000000   0.000535715  -0.000535715  -0.000000000
        144.500  -0.000000000   0.000535715  -0.000535715  -0.000000000
        144.750  -0.000000000   0.000535715  -0.000535715  -0.000000000
        145.000  -0.000000000   0.000535715  -0.000535715  -0.000000000
        145.250  -0.000000000   0.000535715  -0.000535715  -0.000000000
        145.500  -0.000000000   0.000535715  -0.000535715  -0.000000000
        145.750  -0.000000000   0.000535715  -0.000535715  -0.000000000
        146.000  -0.000000000   0.000535715  -0.000535715  -0.000000000
        146.250  -0.000000000   0.000535715  -0.000535715  -0.000000000
        146.500  -0.000000000   0.000535715  -0.000535715  -0.000000000
        146.750  -0.000000000   0.000535715  -0.000535715  -0.000000000
        147.000  -0.000000000   0.000535715  -0.000535715  -0.000000000
        147.250  -0.000000000   0.000535715  -0.000535715  -0.000000000
        147.500  -0.000000000   0.000535715  -0.000535715  -0.000000000
        147.750  -0.000000000   0.000535715  -0.000535715  -0.000000000
        148.000  -0.000000000   0.000535715  -0.000535715  -0.000000000
        148.250  -0.000000000   0.000535715  -0.000535715  -0.000000000
        148.500  -0.000000000   0.000535715  -0.000535715  -0.000000000
        148.750  -0.000000000   0.000535715  -0.000535715  -0.000000000
        149.000  -0.000000000   0.000535715  -0.000535715  -0.000000000
        149.250  -0.000000000   0.000535715  -0.000535715  -0.000000000
        149.500  -0.000000000   0.000535715  -0.000535715  -0.000000000
        149.750  -0.000000000   0.000535715  -0.000535715  -0.000000000
        150.000  -0.000000000   0.000535715  -0.000535715  -0.000000000
