          0.200   0.961055354   0.038944646   1.000000000
          0.400   0.861828449   0.138164813   0.999993262
          0.600   0.732258801   0.267723195   0.999981996
          0.800   0.604559103   0.395420542   0.999979645
          1.000   0.506153702   0.493825720   0.999979422
          1.200   0.453460355   0.546520300   0.999980655
          1.400   0.448799946   0.551187019   0.999986965
          1.600   0.481185212   0.518798828   0.999984039
          1.800   0.530706590   0.469298318   1.000004908
          2.000   0.574795115   0.425176781   0.999971897
          2.200   0.594972347   0.404990044   0.999962391
          2.400   0.581414627   0.418544218   0.999958845
          2.600   0.535139400   0.464815483   0.999954883
          2.800   0.466704352   0.533246322   0.999950675
          3.000   0.392345187   0.607601275   0.999946462
          3.200   0.328848321   0.671094164   0.999942485
          3.400   0.288720173   0.711218741   0.999938914
          3.600   0.276997518   0.722938292   0.999935810
          3.800   0.290459336   0.709473784   0.999933120
          4.000   0.319252357   0.680678342   0.999930700
          4.200   0.350256766   0.649671598   0.999928364
          4.400   0.371083947   0.628841991   0.999925938
          4.600   0.373516275   0.626407032   0.999923308
          4.800   0.355461688   0.644458756   0.999920444
          5.000   0.320998792   0.678918612   0.999917403
          5.200   0.278667391   0.721246912   0.999914303
          5.400   0.238643679   0.761267602   0.999911281
          5.600   0.209699722   0.790208734   0.999908456
          5.800   0.196829038   0.803076855   0.999905893
          6.000   0.200153583   0.799750007   0.999903590
          6.200   0.215309734   0.784591746   0.999901480
          6.400   0.235073786   0.764825676   0.999899462
          6.600   0.251656724   0.748240702   0.999897426
          6.800   0.258958209   0.740937078   0.999895286
          7.000   0.254143670   0.745749335   0.999893005
          7.200   0.238156365   0.761734229   0.999890594
          7.400   0.215112637   0.784775474   0.999888111
          7.600   0.190850082   0.809035554   0.999885637
          7.800   0.171115050   0.828768198   0.999883248
          8.000   0.159935532   0.839945467   0.999880999
          8.200   0.158624904   0.841254002   0.999878906
          8.400   0.165643816   0.834233127   0.999876944
          8.600   0.177284038   0.822591022   0.999875060
          8.800   0.188907953   0.810965237   0.999873190
          9.000   0.196343116   0.803528157   0.999871274
          9.200   0.197022478   0.802846799   0.999869277
          9.400   0.190569001   0.809298194   0.999867195
          9.600   0.178707567   0.821157483   0.999865051
          9.800   0.164588264   0.835274625   0.999862889
         10.000   0.151764791   0.848095966   0.999860757
         10.200   0.143148210   0.856710485   0.999858695
         10.400   0.140235116   0.859621607   0.999856723
         10.600   0.142805151   0.857049684   0.999854835
         10.800   0.149132479   0.850720527   0.999853006
         11.000   0.156606039   0.843245162   0.999851201
         11.200   0.162546629   0.837302751   0.999849380
         11.400   0.164971659   0.834875859   0.999847517
         11.600   0.163095100   0.836750501   0.999845601
         11.800   0.157444031   0.842399609   0.999843640
         12.000   0.149592366   0.850249289   0.999841655
         12.200   0.141620961   0.858218714   0.999839675
         12.400   0.135481358   0.864356369   0.999837727
         12.600   0.132452183   0.867383645   0.999835827
         12.800   0.132834342   0.866999637   0.999833980
         13.000   0.135950525   0.863881649   0.999832174
         13.200   0.140422419   0.859407971   0.999830390
         13.400   0.144622576   0.855206031   0.999828606
         13.600   0.147157326   0.852669477   0.999826802
         13.800   0.147240980   0.852583987   0.999824968
         14.000   0.144864654   0.854958448   0.999823102
         14.200   0.140729853   0.859091364   0.999821216
         14.400   0.135986318   0.863833007   0.999819325
         14.600   0.131865744   0.867951702   0.999817446
         14.800   0.129324440   0.870491152   0.999815592
         15.000   0.128795576   0.871018193   0.999813769
         15.200   0.130111687   0.869700287   0.999811973
         15.400   0.132604478   0.867205718   0.999810196
         15.600   0.135338019   0.864470404   0.999808423
         15.800   0.137397436   0.862409207   0.999806642
         16.000   0.138146288   0.861658557   0.999804845
         16.200   0.137382343   0.862420686   0.999803029
         16.400   0.135356461   0.864444737   0.999801197
         16.600   0.132661250   0.867138107   0.999799358
         16.800   0.130032547   0.869764974   0.999797521
         17.000   0.128127695   0.871668001   0.999795696
         17.200   0.127345602   0.872448287   0.999793888
         17.400   0.127735964   0.872056134   0.999792098
         17.600   0.129015585   0.870774736   0.999790321
         17.800   0.130677748   0.869110802   0.999788550
         18.000   0.132155429   0.867631348   0.999786777
         18.200   0.132987302   0.866797694   0.999784996
         18.400   0.132939172   0.866844032   0.999783204
         18.600   0.132050296   0.867731104   0.999781401
         18.800   0.130598042   0.869181549   0.999779591
         19.000   0.128998080   0.870779700   0.999777780
         19.200   0.127674115   0.872101859   0.999775974
         19.400   0.126936777   0.872837400   0.999774176
         19.600   0.126905261   0.872867129   0.999772390
         19.800   0.127490183   0.872280429   0.999770612
         20.000   0.128437144   0.871331695   0.999768840
         20.200   0.129413305   0.870353763   0.999767068
         20.400   0.130108625   0.869656668   0.999765293
         20.600   0.130321740   0.869441772   0.999763512
         20.800   0.130007464   0.869754259   0.999761724
         21.000   0.129275800   0.870484130   0.999759930
         21.200   0.128346995   0.871411139   0.999758134
         21.400   0.127479272   0.872277069   0.999756340
         21.600   0.126892128   0.872862423   0.999754550
         21.800   0.126707372   0.873045394   0.999752766
         22.000   0.126923066   0.872827922   0.999750988
         22.200   0.127424883   0.872324331   0.999749214
         22.400   0.128028360   0.871719081   0.999747442
         22.600   0.128537354   0.871208314   0.999745668
         22.800   0.128800675   0.870943217   0.999743891
         23.000   0.128750994   0.870991117   0.999742111
         23.200   0.128416535   0.871323791   0.999740326
         23.400   0.127904622   0.871833917   0.999738539
         23.600   0.127364232   0.872372521   0.999736753
         23.800   0.126940010   0.872794958   0.999734968
         24.000   0.126731568   0.873001618   0.999733186
         24.200   0.126769129   0.872962279   0.999731408
         24.400   0.127011014   0.872718618   0.999729632
         24.600   0.127361755   0.872366104   0.999727859
         24.800   0.127703881   0.872022205   0.999726085
         25.000   0.127933161   0.871791149   0.999724310
         25.200   0.127986994   0.871735538   0.999722533
         25.400   0.127858494   0.871862258   0.999720753
         25.600   0.127593523   0.872125448   0.999718971
         25.800   0.127273017   0.872444172   0.999717189
         26.000   0.126986921   0.872728486   0.999715407
         26.200   0.126807844   0.872905783   0.999713627
         26.400   0.126771959   0.872939890   0.999711849
         26.600   0.126871923   0.872838150   0.999710073
         26.800   0.127062762   0.872645537   0.999708299
         27.000   0.127277927   0.872428597   0.999706524
         27.200   0.127450061   0.872254689   0.999704750
         27.400   0.127530170   0.872172804   0.999702974
         27.600   0.127499901   0.872201295   0.999701196
         27.800   0.127374048   0.872325369   0.999699417
         28.000   0.127193427   0.872504211   0.999697638
         28.200   0.127010996   0.872684862   0.999695858
         28.400   0.126875750   0.872818330   0.999694080
         28.600   0.126819153   0.872873149   0.999692302
         28.800   0.126847740   0.872842786   0.999690526
         29.000   0.126943442   0.872745309   0.999688751
         29.200   0.127070869   0.872616107   0.999686976
         29.400   0.127188867   0.872496334   0.999685201
         29.600   0.127262695   0.872420730   0.999683425
         29.800   0.127273316   0.872408333   0.999681649
         30.000   0.127221409   0.872458462   0.999679871
         30.200   0.127125446   0.872552648   0.999678094
         30.400   0.127014872   0.872661444   0.999676316
         30.600   0.126920785   0.872753753   0.999674538
         30.800   0.126866958   0.872805803   0.999672761
         31.000   0.126863730   0.872807254   0.999670984
         31.200   0.126906250   0.872762959   0.999669209
         31.400   0.126977180   0.872690253   0.999667433
         31.600   0.127052713   0.872612945   0.999665658
         31.800   0.127109889   0.872553994   0.999663883
         32.000   0.127133035   0.872529072   0.999662107
         32.200   0.127117571   0.872542759   0.999660330
         32.400   0.127070330   0.872588223   0.999658553
         32.600   0.127006613   0.872650164   0.999656776
         32.800   0.126945100   0.872709900   0.999654999
         33.000   0.126902250   0.872750973   0.999653223
         33.200   0.126887822   0.872763624   0.999651446
         33.400   0.126902692   0.872746978   0.999649670
         33.600   0.126939382   0.872708513   0.999647895
         33.800   0.126984912   0.872661207   0.999646119
         34.000   0.127024970   0.872619374   0.999644344
         34.200   0.127048084   0.872594484   0.999642568
         34.400   0.127048629   0.872592163   0.999640792
         34.600   0.127027906   0.872611109   0.999639015
         34.800   0.126993166   0.872644073   0.999637239
         35.000   0.126955024   0.872680439   0.999635462
         35.200   0.126924152   0.872709534   0.999633686
         35.400   0.126908245   0.872723665   0.999631910
         35.600   0.126910093   0.872720041   0.999630134
         35.800   0.126927224   0.872701134   0.999628358
         36.000   0.126953064   0.872673518   0.999626582
         36.200   0.126979162   0.872645645   0.999624807
         36.400   0.126997753   0.872625278   0.999623031
         36.600   0.127003900   0.872617355   0.999621255
         36.800   0.126996646   0.872622832   0.999619479
         37.000   0.126978936   0.872638767   0.999617703
         37.200   0.126956435   0.872659492   0.999615926
         37.400   0.126935683   0.872678467   0.999614150
         37.600   0.126922161   0.872690213   0.999612374
         37.800   0.126918828   0.872691770   0.999610598
         38.000   0.126925501   0.872683321   0.999608822
         38.200   0.126939183   0.872667864   0.999607046
         38.400   0.126955160   0.872650110   0.999605271
         38.600   0.126968491   0.872635004   0.999603495
         38.800   0.126975427   0.872626292   0.999601719
         39.000   0.126974371   0.872625572   0.999599943
         39.200   0.126966141   0.872632026   0.999598167
         39.400   0.126953528   0.872642863   0.999596391
         39.600   0.126940325   0.872654290   0.999594615
         39.800   0.126930169   0.872662670   0.999592839
         40.000   0.126925515   0.872665549   0.999591063
         40.200   0.126927048   0.872662239   0.999589287
         40.400   0.126933642   0.872653869   0.999587512
         40.600   0.126942839   0.872642897   0.999585736
         40.800   0.126951660   0.872632300   0.999583960
         41.000   0.126957503   0.872624681   0.999582184
         41.200   0.126958839   0.872621569   0.999580408
         41.400   0.126955561   0.872623072   0.999578633
         41.600   0.126948879   0.872627977   0.999576857
         41.800   0.126940872   0.872634209   0.999575081
         42.000   0.126933810   0.872639494   0.999573305
         42.200   0.126929503   0.872642026   0.999571529
         42.400   0.126928820   0.872640933   0.999569753
         42.600   0.126931528   0.872636449   0.999567977
         42.800   0.126936457   0.872629744   0.999566201
         43.000   0.126941909   0.872622516   0.999564426
         43.200   0.126946191   0.872616459   0.999562650
         43.400   0.126948091   0.872612783   0.999560874
         43.600   0.126947184   0.872611915   0.999559098
         43.800   0.126943877   0.872613445   0.999557322
         44.000   0.126939229   0.872616318   0.999555547
         44.200   0.126934584   0.872619187   0.999553771
         44.400   0.126931171   0.872620824   0.999551995
         44.600   0.126929761   0.872620458   0.999550219
         44.800   0.126930493   0.872617950   0.999548443
         45.000   0.126932884   0.872613783   0.999546668
         45.200   0.126936027   0.872608865   0.999544892
         45.400   0.126938879   0.872604237   0.999543116
         45.600   0.126940575   0.872600765   0.999541340
         45.800   0.126940655   0.872598910   0.999539565
         46.000   0.126939157   0.872598632   0.999537789
         46.200   0.126936566   0.872599447   0.999536013
         46.400   0.126933635   0.872600602   0.999534237
         46.600   0.126931149   0.872601313   0.999532461
         46.800   0.126929697   0.872600989   0.999530686
         47.000   0.126929524   0.872599386   0.999528910
         47.200   0.126930492   0.872596642   0.999527134
         47.400   0.126932152   0.872593207   0.999525358
         47.600   0.126933897   0.872589686   0.999523583
         47.800   0.126935151   0.872586656   0.999521807
         48.000   0.126935529   0.872584502   0.999520031
         48.200   0.126934928   0.872583327   0.999518256
         48.400   0.126933533   0.872582947   0.999516480
         48.600   0.126931737   0.872582967   0.999514704
         48.800   0.126930015   0.872582913   0.999512928
         49.000   0.126928779   0.872582374   0.999511153
         49.200   0.126928265   0.872581112   0.999509377
         49.400   0.126928488   0.872579114   0.999507601
         49.600   0.126929248   0.872576577   0.999505826
         49.800   0.126930215   0.872573835   0.999504050
         50.000   0.126931026   0.872571248   0.999502274
         50.200   0.126931396   0.872569102   0.999500498
         50.400   0.126931192   0.872567531   0.999498723
         50.600   0.126930452   0.872566495   0.999496947
         50.800   0.126929366   0.872565805   0.999495171
         51.000   0.126928206   0.872565190   0.999493396
         51.200   0.126927239   0.872564381   0.999491620
         51.400   0.126926655   0.872563189   0.999489844
         51.600   0.126926520   0.872561549   0.999488069
         51.800   0.126926766   0.872559527   0.999486293
         52.000   0.126927222   0.872557296   0.999484517
         52.200   0.126927674   0.872555068   0.999482742
         52.400   0.126927928   0.872553038   0.999480966
         52.600   0.126927863   0.872551328   0.999479190
         52.800   0.126927459   0.872549956   0.999477415
         53.000   0.126926794   0.872548845   0.999475639
         53.200   0.126926015   0.872547849   0.999473863
         53.400   0.126925286   0.872546802   0.999472088
         53.600   0.126924744   0.872545568   0.999470312
         53.800   0.126924462   0.872544075   0.999468536
         54.000   0.126924430   0.872542331   0.999466761
         54.200   0.126924571   0.872540414   0.999464985
         54.400   0.126924763   0.872538446   0.999463210
         54.600   0.126924883   0.872536550   0.999461434
         54.800   0.126924838   0.872534820   0.999459658
         55.000   0.126924590   0.872533293   0.999457883
         55.200   0.126924161   0.872531946   0.999456107
         55.400   0.126923625   0.872530706   0.999454331
         55.600   0.126923079   0.872529477   0.999452556
         55.800   0.126922612   0.872528168   0.999450780
         56.000   0.126922287   0.872526718   0.999449005
         56.200   0.126922117   0.872525112   0.999447229
         56.400   0.126922073   0.872523380   0.999445453
         56.600   0.126922092   0.872521586   0.999443678
         56.800   0.126922097   0.872519805   0.999441902
         57.000   0.126922025   0.872518102   0.999440127
         57.200   0.126921837   0.872516514   0.999438351
         57.400   0.126921533   0.872515042   0.999436575
         57.600   0.126921145   0.872513655   0.999434800
         57.800   0.126920725   0.872512299   0.999433024
         58.000   0.126920332   0.872510917   0.999431249
         58.200   0.126920009   0.872509464   0.999429473
         58.400   0.126919779   0.872507919   0.999427698
         58.600   0.126919633   0.872506289   0.999425922
         58.800   0.126919542   0.872504604   0.999424146
         59.000   0.126919462   0.872502909   0.999422371
         59.200   0.126919350   0.872501245   0.999420595
         59.400   0.126919178   0.872499642   0.999418820
         59.600   0.126918934   0.872498111   0.999417044
         59.800   0.126918630   0.872496639   0.999415269
         60.000   0.126918293   0.872495200   0.999413493
         60.200   0.126917958   0.872493760   0.999411718
         60.400   0.126917655   0.872492287   0.999409942
         60.600   0.126917403   0.872490763   0.999408167
         60.800   0.126917206   0.872489185   0.999406391
         61.000   0.126917049   0.872487567   0.999404615
         61.200   0.126916910   0.872485930   0.999402840
         61.400   0.126916763   0.872484302   0.999401064
         61.600   0.126916585   0.872482704   0.999399289
         61.800   0.126916367   0.872481147   0.999397513
         62.000   0.126916108   0.872479630   0.999395738
         62.200   0.126915823   0.872478140   0.999393962
         62.400   0.126915530   0.872476657   0.999392187
         62.600   0.126915249   0.872475163   0.999390411
         62.800   0.126914994   0.872473642   0.999388636
         63.000   0.126914772   0.872472088   0.999386860
         63.200   0.126914578   0.872470506   0.999385085
         63.400   0.126914402   0.872468908   0.999383309
         63.600   0.126914226   0.872467308   0.999381534
         63.800   0.126914038   0.872465720   0.999379758
         64.000   0.126913827   0.872464156   0.999377983
         64.200   0.126913592   0.872462616   0.999376207
         64.400   0.126913336   0.872461096   0.999374432
         64.600   0.126913071   0.872459585   0.999372657
         64.800   0.126912809   0.872458072   0.999370881
         65.000   0.126912559   0.872456547   0.999369106
         65.200   0.126912327   0.872455003   0.999367330
         65.400   0.126912114   0.872453441   0.999365555
         65.600   0.126911914   0.872451865   0.999363779
         65.800   0.126911719   0.872450284   0.999362004
         66.000   0.126911520   0.872448708   0.999360228
         66.200   0.126911309   0.872447144   0.999358453
         66.400   0.126911084   0.872445593   0.999356677
         66.600   0.126910845   0.872444057   0.999354902
         66.800   0.126910598   0.872442529   0.999353127
         67.000   0.126910349   0.872441002   0.999351351
         67.200   0.126910105   0.872439470   0.999349576
         67.400   0.126909872   0.872437929   0.999347800
         67.600   0.126909649   0.872436376   0.999346025
         67.800   0.126909436   0.872434814   0.999344249
         68.000   0.126909228   0.872433246   0.999342474
         68.200   0.126909020   0.872431679   0.999340699
         68.400   0.126908806   0.872430117   0.999338923
         68.600   0.126908585   0.872428563   0.999337148
         68.800   0.126908354   0.872427018   0.999335372
         69.000   0.126908118   0.872425479   0.999333597
         69.200   0.126907878   0.872423943   0.999331822
         69.400   0.126907640   0.872422406   0.999330046
         69.600   0.126907407   0.872420864   0.999328271
         69.800   0.126907181   0.872419315   0.999326495
         70.000   0.126906960   0.872417760   0.999324720
         70.200   0.126906744   0.872416200   0.999322945
         70.400   0.126906530   0.872414640   0.999321169
         70.600   0.126906313   0.872413081   0.999319394
         70.800   0.126906092   0.872411527   0.999317619
         71.000   0.126905866   0.872409978   0.999315843
         71.200   0.126905635   0.872408433   0.999314068
         71.400   0.126905402   0.872406891   0.999312292
         71.600   0.126905168   0.872405349   0.999310517
         71.800   0.126904937   0.872403805   0.999308742
         72.000   0.126904709   0.872402257   0.999306966
         72.200   0.126904485   0.872400706   0.999305191
         72.400   0.126904264   0.872399151   0.999303416
         72.600   0.126904045   0.872397595   0.999301640
         72.800   0.126903826   0.872396039   0.999299865
         73.000   0.126903604   0.872394486   0.999298090
         73.200   0.126903379   0.872392935   0.999296314
         73.400   0.126903152   0.872391387   0.999294539
         73.600   0.126902922   0.872389842   0.999292764
         73.800   0.126902692   0.872388297   0.999290988
         74.000   0.126902462   0.872386751   0.999289213
         74.200   0.126902234   0.872385203   0.999287438
         74.400   0.126902009   0.872383653   0.999285662
         74.600   0.126901786   0.872382101   0.999283887
         74.800   0.126901564   0.872380548   0.999282112
         75.000   0.126901342   0.872378995   0.999280336
         75.200   0.126901119   0.872377442   0.999278561
         75.400   0.126900895   0.872375891   0.999276786
         75.600   0.126900669   0.872374341   0.999275011
         75.800   0.126900442   0.872372794   0.999273235
         76.000   0.126900213   0.872371247   0.999271460
         76.200   0.126899985   0.872369700   0.999269685
         76.400   0.126899758   0.872368152   0.999267909
         76.600   0.126899532   0.872366602   0.999266134
         76.800   0.126899307   0.872365052   0.999264359
         77.000   0.126899083   0.872363500   0.999262584
         77.200   0.126898860   0.872361948   0.999260808
         77.400   0.126898637   0.872360396   0.999259033
         77.600   0.126898412   0.872358845   0.999257258
         77.800   0.126898187   0.872357295   0.999255483
         78.000   0.126897961   0.872355746   0.999253707
         78.200   0.126897734   0.872354198   0.999251932
         78.400   0.126897507   0.872352650   0.999250157
         78.600   0.126897280   0.872351102   0.999248382
         78.800   0.126897054   0.872349553   0.999246606
         79.000   0.126896828   0.872348003   0.999244831
         79.200   0.126896604   0.872346452   0.999243056
         79.400   0.126896380   0.872344901   0.999241281
         79.600   0.126896155   0.872343350   0.999239505
         79.800   0.126895931   0.872341799   0.999237730
         80.000   0.126895706   0.872340249   0.999235955
         80.200   0.126895480   0.872338700   0.999234180
         80.400   0.126895254   0.872337150   0.999232404
         80.600   0.126895027   0.872335602   0.999230629
         80.800   0.126894801   0.872334053   0.999228854
         81.000   0.126894575   0.872332504   0.999227079
         81.200   0.126894350   0.872330954   0.999225304
         81.400   0.126894124   0.872329404   0.999223528
         81.600   0.126893900   0.872327854   0.999221753
         81.800   0.126893675   0.872326303   0.999219978
         82.000   0.126893450   0.872324753   0.999218203
         82.200   0.126893225   0.872323202   0.999216428
         82.400   0.126893000   0.872321653   0.999214652
         82.600   0.126892774   0.872320103   0.999212877
         82.800   0.126892548   0.872318554   0.999211102
         83.000   0.126892322   0.872317005   0.999209327
         83.200   0.126892096   0.872315456   0.999207552
         83.400   0.126891870   0.872313906   0.999205776
         83.600   0.126891645   0.872312356   0.999204001
         83.800   0.126891420   0.872310806   0.999202226
         84.000   0.126891195   0.872309256   0.999200451
         84.200   0.126890970   0.872307706   0.999198676
         84.400   0.126890745   0.872306156   0.999196901
         84.600   0.126890519   0.872304606   0.999195126
         84.800   0.126890294   0.872303057   0.999193350
         85.000   0.126890068   0.872301507   0.999191575
         85.200   0.126889842   0.872299958   0.999189800
         85.400   0.126889617   0.872298408   0.999188025
         85.600   0.126889391   0.872296859   0.999186250
         85.800   0.126889166   0.872295309   0.999184475
         86.000   0.126888940   0.872293759   0.999182700
         86.200   0.126888715   0.872292209   0.999180924
         86.400   0.126888490   0.872290659   0.999179149
         86.600   0.126888265   0.872289109   0.999177374
         86.800   0.126888039   0.872287560   0.999175599
         87.000   0.126887814   0.872286010   0.999173824
         87.200   0.126887588   0.872284460   0.999172049
         87.400   0.126887363   0.872282911   0.999170274
         87.600   0.126887137   0.872281361   0.999168499
         87.800   0.126886912   0.872279812   0.999166723
         88.000   0.126886686   0.872278262   0.999164948
         88.200   0.126886461   0.872276713   0.999163173
         88.400   0.126886235   0.872275163   0.999161398
         88.600   0.126886010   0.872273613   0.999159623
         88.800   0.126885785   0.872272063   0.999157848
         89.000   0.126885560   0.872270513   0.999156073
         89.200   0.126885334   0.872268964   0.999154298
         89.400   0.126885109   0.872267414   0.999152523
         89.600   0.126884883   0.872265865   0.999150748
         89.800   0.126884658   0.872264315   0.999148973
         90.000   0.126884432   0.872262766   0.999147198
         90.200   0.126884207   0.872261216   0.999145422
         90.400   0.126883981   0.872259666   0.999143647
         90.600   0.126883756   0.872258117   0.999141872
         90.800   0.126883530   0.872256567   0.999140097
         91.000   0.126883305   0.872255017   0.999138322
         91.200   0.126883080   0.872253467   0.999136547
         91.400   0.126882854   0.872251918   0.999134772
         91.600   0.126882629   0.872250368   0.999132997
         91.800   0.126882403   0.872248819   0.999131222
         92.000   0.126882178   0.872247269   0.999129447
         92.200   0.126881953   0.872245719   0.999127672
         92.400   0.126881727   0.872244170   0.999125897
         92.600   0.126881502   0.872242620   0.999124122
         92.800   0.126881276   0.872241071   0.999122347
         93.000   0.126881051   0.872239521   0.999120572
         93.200   0.126880826   0.872237971   0.999118797
         93.400   0.126880600   0.872236422   0.999117022
         93.600   0.126880375   0.872234872   0.999115247
         93.800   0.126880149   0.872233322   0.999113472
         94.000   0.126879924   0.872231773   0.999111697
         94.200   0.126879698   0.872230223   0.999109922
         94.400   0.126879473   0.872228674   0.999108147
         94.600   0.126879248   0.872227124   0.999106372
         94.800   0.126879022   0.872225575   0.999104597
         95.000   0.126878797   0.872224025   0.999102822
         95.200   0.126878571   0.872222476   0.999101047
         95.400   0.126878346   0.872220926   0.999099272
         95.600   0.126878121   0.872219376   0.999097497
         95.800   0.126877895   0.872217827   0.999095722
         96.000   0.126877670   0.872216277   0.999093947
         96.200   0.126877444   0.872214728   0.999092172
         96.400   0.126877219   0.872213178   0.999090397
         96.600   0.126876994   0.872211629   0.999088622
         96.800   0.126876768   0.872210079   0.999086847
         97.000   0.126876543   0.872208529   0.999085072
         97.200   0.126876317   0.872206980   0.999083297
         97.400   0.126876092   0.872205430   0.999081522
         97.600   0.126875866   0.872203881   0.999079747
         97.800   0.126875641   0.872202331   0.999077972
         98.000   0.126875416   0.872200782   0.999076197
         98.200   0.126875190   0.872199232   0.999074422
         98.400   0.126874965   0.872197683   0.999072648
         98.600   0.126874739   0.872196133   0.999070873
         98.800   0.126874514   0.872194584   0.999069098
         99.000   0.126874289   0.872193034   0.999067323
         99.200   0.126874063   0.872191485   0.999065548
         99.400   0.126873838   0.872189935   0.999063773
         99.600   0.126873612   0.872188386   0.999061998
         99.800   0.126873387   0.872186836   0.999060223
        100.000   0.126873162   0.872185286   0.999058448
        100.200   0.126872936   0.872183737   0.999056673
        100.400   0.126872711   0.872182187   0.999054898
        100.600   0.126872485   0.872180638   0.999053123
        100.800   0.126872260   0.872179088   0.999051349
        101.000   0.126872035   0.872177539   0.999049574
        101.200   0.126871809   0.872175989   0.999047799
        101.400   0.126871584   0.872174440   0.999046024
        101.600   0.126871358   0.872172891   0.999044249
        101.800   0.126871133   0.872171341   0.999042474
        102.000   0.126870908   0.872169792   0.999040699
        102.200   0.126870682   0.872168242   0.999038924
        102.400   0.126870457   0.872166693   0.999037149
        102.600   0.126870231   0.872165143   0.999035375
        102.800   0.126870006   0.872163594   0.999033600
        103.000   0.126869781   0.872162044   0.999031825
        103.200   0.126869555   0.872160495   0.999030050
        103.400   0.126869330   0.872158945   0.999028275
        103.600   0.126869104   0.872157396   0.999026500
        103.800   0.126868879   0.872155846   0.999024725
        104.000   0.126868654   0.872154297   0.999022951
        104.200   0.126868428   0.872152747   0.999021176
        104.400   0.126868203   0.872151198   0.999019401
        104.600   0.126867978   0.872149648   0.999017626
        104.800   0.126867752   0.872148099   0.999015851
        105.000   0.126867527   0.872146550   0.999014076
        105.200   0.126867301   0.872145000   0.999012302
        105.400   0.126867076   0.872143451   0.999010527
        105.600   0.126866851   0.872141901   0.999008752
        105.800   0.126866625   0.872140352   0.999006977
        106.000   0.126866400   0.872138802   0.999005202
        106.200   0.126866174   0.872137253   0.999003427
        106.400   0.126865949   0.872135704   0.999001653
        106.600   0.126865724   0.872134154   0.998999878
        106.800   0.126865498   0.872132605   0.998998103
        107.000   0.126865273   0.872131055   0.998996328
        107.200   0.126865047   0.872129506   0.998994553
        107.400   0.126864822   0.872127957   0.998992779
        107.600   0.126864597   0.872126407   0.998991004
        107.800   0.126864371   0.872124858   0.998989229
        108.000   0.126864146   0.872123308   0.998987454
        108.200   0.126863921   0.872121759   0.998985679
        108.400   0.126863695   0.872120210   0.998983905
        108.600   0.126863470   0.872118660   0.998982130
        108.800   0.126863244   0.872117111   0.998980355
        109.000   0.126863019   0.872115561   0.998978580
        109.200   0.126862794   0.872114012   0.998976806
        109.400   0.126862568   0.872112463   0.998975031
        109.600   0.126862343   0.872110913   0.998973256
        109.800   0.126862118   0.872109364   0.998971481
        110.000   0.126861892   0.872107814   0.998969707
        110.200   0.126861667   0.872106265   0.998967932
        110.400   0.126861441   0.872104716   0.998966157
        110.600   0.126861216   0.872103166   0.998964382
        110.800   0.126860991   0.872101617   0.998962608
        111.000   0.126860765   0.872100068   0.998960833
        111.200   0.126860540   0.872098518   0.998959058
        111.400   0.126860314   0.872096969   0.998957283
        111.600   0.126860089   0.872095420   0.998955509
        111.800   0.126859864   0.872093870   0.998953734
        112.000   0.126859638   0.872092321   0.998951959
        112.200   0.126859413   0.872090772   0.998950185
        112.400   0.126859188   0.872089222   0.998948410
        112.600   0.126858962   0.872087673   0.998946635
        112.800   0.126858737   0.872086124   0.998944860
        113.000   0.126858511   0.872084574   0.998943086
        113.200   0.126858286   0.872083025   0.998941311
        113.400   0.126858061   0.872081476   0.998939536
        113.600   0.126857835   0.872079926   0.998937762
        113.800   0.126857610   0.872078377   0.998935987
        114.000   0.126857385   0.872076828   0.998934212
        114.200   0.126857159   0.872075278   0.998932437
        114.400   0.126856934   0.872073729   0.998930663
        114.600   0.126856708   0.872072180   0.998928888
        114.800   0.126856483   0.872070630   0.998927113
        115.000   0.126856258   0.872069081   0.998925339
        115.200   0.126856032   0.872067532   0.998923564
        115.400   0.126855807   0.872065982   0.998921789
        115.600   0.126855582   0.872064433   0.998920015
        115.800   0.126855356   0.872062884   0.998918240
        116.000   0.126855131   0.872061335   0.998916465
        116.200   0.126854906   0.872059785   0.998914691
        116.400   0.126854680   0.872058236   0.998912916
        116.600   0.126854455   0.872056687   0.998911141
        116.800   0.126854229   0.872055137   0.998909367
        117.000   0.126854004   0.872053588   0.998907592
        117.200   0.126853779   0.872052039   0.998905818
        117.400   0.126853553   0.872050490   0.998904043
        117.600   0.126853328   0.872048940   0.998902268
        117.800   0.126853103   0.872047391   0.998900494
        118.000   0.126852877   0.872045842   0.998898719
        118.200   0.126852652   0.872044293   0.998896944
        118.400   0.126852426   0.872042743   0.998895170
        118.600   0.126852201   0.872041194   0.998893395
        118.800   0.126851976   0.872039645   0.998891621
        119.000   0.126851750   0.872038096   0.998889846
        119.200   0.126851525   0.872036546   0.998888071
        119.400   0.126851300   0.872034997   0.998886297
        119.600   0.126851074   0.872033448   0.998884522
        119.800   0.126850849   0.872031899   0.998882748
        120.000   0.126850624   0.872030349   0.998880973

 NumProc =            1
