0.075   0.994643927   0.012878587   0.012878587   0.005356073
0.150   0.985434217   0.018595414   0.018595414   0.014565783
          0.225   0.976218893   0.018778069   0.018778069   0.023781107
          0.300   0.967281198   0.018850540   0.018850540   0.032718802
          0.375   0.958618782   0.019034948   0.019034948   0.041381218
          0.450   0.950189650   0.019287955   0.019287955   0.049810350
          0.525   0.941958461   0.019573496   0.019573496   0.058041539
          0.600   0.933898230   0.019869553   0.019869553   0.066101770
          0.675   0.925989175   0.020165101   0.020165101   0.074010825
          0.750   0.918216824   0.020455451   0.020455451   0.081783176
          0.825   0.910570395   0.020739006   0.020739006   0.089429605
          0.900   0.903041641   0.021015514   0.021015514   0.096958359
          0.975   0.895624081   0.021285240   0.021285240   0.104375919
          1.050   0.888312491   0.021548610   0.021548610   0.111687509
          1.125   0.881102561   0.021806067   0.021806067   0.118897439
          1.200   0.873990661   0.022058020   0.022058020   0.126009339
          1.275   0.866973675   0.022304828   0.022304828   0.133026325
          1.350   0.860048883   0.022546806   0.022546806   0.139951117
          1.425   0.853213879   0.022784224   0.022784224   0.146786121
          1.500   0.846466499   0.023017321   0.023017321   0.153533501
          1.575   0.839804783   0.023238566   0.023238566   0.160195217
          1.650   0.833226375   0.023443986   0.023443986   0.166773625
          1.725   0.826730380   0.023642996   0.023642996   0.173269620
          1.800   0.820316126   0.023838453   0.023838453   0.179683874
          1.875   0.813982887   0.024030706   0.024030706   0.186017113
          1.950   0.807729866   0.024219932   0.024219932   0.192270134
          2.025   0.801556200   0.024406310   0.024406310   0.198443800
          2.100   0.795460987   0.024589982   0.024589982   0.204539013
          2.175   0.789443298   0.024771062   0.024771062   0.210556702
          2.250   0.783502191   0.024949639   0.024949639   0.216497809
          2.325   0.777636722   0.025125787   0.025125787   0.222363278
          2.400   0.771845947   0.025299567   0.025299567   0.228154053
          2.475   0.766128925   0.025471036   0.025471036   0.233871075
          2.550   0.760484726   0.025640242   0.025640242   0.239515274
          2.625   0.754912425   0.025807230   0.025807230   0.245087575
          2.700   0.749411110   0.025972039   0.025972039   0.250588890
          2.775   0.743979877   0.026134707   0.026134707   0.256020123
          2.850   0.738617832   0.026295270   0.026295270   0.261382168
          2.925   0.733324096   0.026453760   0.026453760   0.266675904
          3.000   0.728097795   0.026610210   0.026610210   0.271902205
          3.075   0.722938072   0.026764650   0.026764650   0.277061928
          3.150   0.717844077   0.026917109   0.026917109   0.282155923
          3.225   0.712814971   0.027067619   0.027067619   0.287185029
          3.300   0.707849928   0.027216206   0.027216206   0.292150072
          3.375   0.702948132   0.027362896   0.027362896   0.297051868
          3.450   0.698108775   0.027507715   0.027507715   0.301891225
          3.525   0.693331064   0.027650687   0.027650687   0.306668936
          3.600   0.688614212   0.027791836   0.027791836   0.311385788
          3.675   0.683957445   0.027931186   0.027931186   0.316042555
          3.750   0.679359997   0.028068759   0.028068759   0.320640003
          3.825   0.674821112   0.028204579   0.028204579   0.325178888
          3.900   0.670340045   0.028338668   0.028338668   0.329659955
          3.975   0.665916058   0.028471049   0.028471049   0.334083942
          4.050   0.661548426   0.028601743   0.028601743   0.338451574
          4.125   0.657236430   0.028730772   0.028730772   0.342763570
          4.200   0.652979362   0.028858158   0.028858158   0.347020638
          4.275   0.648776521   0.028983920   0.028983920   0.351223479
          4.350   0.644627218   0.029108080   0.029108080   0.355372782
          4.425   0.640530769   0.029230659   0.029230659   0.359469231
          4.500   0.636486502   0.029351676   0.029351676   0.363513498
          4.575   0.632493753   0.029471151   0.029471151   0.367506247
          4.650   0.628551864   0.029589104   0.029589104   0.371448136
          4.725   0.624660188   0.029705555   0.029705555   0.375339812
          4.800   0.620818086   0.029820523   0.029820523   0.379181914
          4.875   0.617024925   0.029934026   0.029934026   0.382975075
          4.950   0.613280083   0.030046083   0.030046083   0.386719917
          5.025   0.609582944   0.030156712   0.030156712   0.390417056
          5.100   0.605932900   0.030265933   0.030265933   0.394067100
          5.175   0.602329352   0.030373762   0.030373762   0.397670648
          5.250   0.598771707   0.030480218   0.030480218   0.401228293
          5.325   0.595259380   0.030585317   0.030585317   0.404740620
          5.400   0.591791794   0.030689078   0.030689078   0.408208206
          5.475   0.588368379   0.030791517   0.030791517   0.411631621
          5.550   0.584988573   0.030892651   0.030892651   0.415011427
          5.625   0.581651820   0.030992497   0.030992497   0.418348180
          5.700   0.578357571   0.031091070   0.031091070   0.421642429
          5.775   0.575105286   0.031188389   0.031188389   0.424894714
          5.850   0.571894429   0.031284467   0.031284467   0.428105571
          5.925   0.568724473   0.031379322   0.031379322   0.431275527
          6.000   0.565594897   0.031472968   0.031472968   0.434405103
          6.075   0.562505186   0.031565422   0.031565422   0.437494814
          6.150   0.559454833   0.031656698   0.031656698   0.440545167
          6.225   0.556443337   0.031746811   0.031746811   0.443556663
          6.300   0.553470201   0.031835776   0.031835776   0.446529799
          6.375   0.550534939   0.031923608   0.031923608   0.449465061
          6.450   0.547637067   0.032010321   0.032010321   0.452362933
          6.525   0.544776108   0.032095930   0.032095930   0.455223892
          6.600   0.541951594   0.032180448   0.032180448   0.458048406
          6.675   0.539163059   0.032263889   0.032263889   0.460836941
          6.750   0.536410045   0.032346268   0.032346268   0.463589955
          6.825   0.533692100   0.032427597   0.032427597   0.466307900
          6.900   0.531008777   0.032507890   0.032507890   0.468991223
          6.975   0.528359635   0.032587160   0.032587160   0.471640365
          7.050   0.525744239   0.032665421   0.032665421   0.474255761
          7.125   0.523162158   0.032742685   0.032742685   0.476837842
          7.200   0.520612969   0.032818964   0.032818964   0.479387031
          7.275   0.518096252   0.032894272   0.032894272   0.481903748
          7.350   0.515611593   0.032968620   0.032968620   0.484388407
          7.425   0.513158585   0.033042022   0.033042022   0.486841415
          7.500   0.510736825   0.033114488   0.033114488   0.489263175
          7.575   0.508345913   0.033186032   0.033186032   0.491654087
          7.650   0.505985457   0.033256664   0.033256664   0.494014543
          7.725   0.503655070   0.033326396   0.033326396   0.496344930
          7.800   0.501354368   0.033395240   0.033395240   0.498645632
          7.875   0.499082973   0.033463207   0.033463207   0.500917027
          7.950   0.496840512   0.033530308   0.033530308   0.503159488
          8.025   0.494626616   0.033596555   0.033596555   0.505373384
          8.100   0.492440921   0.033661957   0.033661957   0.507559079
          8.175   0.490283068   0.033726527   0.033726527   0.509716932
          8.250   0.488152702   0.033790274   0.033790274   0.511847298
          8.325   0.486049474   0.033853209   0.033853209   0.513950526
          8.400   0.483973038   0.033915342   0.033915342   0.516026962
          8.475   0.481923051   0.033976684   0.033976684   0.518076949
          8.550   0.479899178   0.034037244   0.034037244   0.520100822
          8.625   0.477901086   0.034097033   0.034097033   0.522098914
          8.700   0.475928446   0.034156061   0.034156061   0.524071554
          8.775   0.473980934   0.034214336   0.034214336   0.526019066
          8.850   0.472058230   0.034271869   0.034271869   0.527941770
          8.925   0.470160019   0.034328669   0.034328669   0.529839981
          9.000   0.468285987   0.034384746   0.034384746   0.531714013
          9.075   0.466435827   0.034440109   0.034440109   0.533564173
          9.150   0.464609235   0.034494766   0.034494766   0.535390765
          9.225   0.462805911   0.034548727   0.034548727   0.537194089
          9.300   0.461025558   0.034602000   0.034602000   0.538974442
          9.375   0.459267883   0.034654595   0.034654595   0.540732117
          9.450   0.457532599   0.034706520   0.034706520   0.542467401
          9.525   0.455819419   0.034757784   0.034757784   0.544180581
          9.600   0.454128062   0.034808394   0.034808394   0.545871938
          9.675   0.452458250   0.034858360   0.034858360   0.547541750
          9.750   0.450809709   0.034907689   0.034907689   0.549190291
          9.825   0.449182167   0.034956390   0.034956390   0.550817833
          9.900   0.447575358   0.035004471   0.035004471   0.552424642
          9.975   0.445989016   0.035051939   0.035051939   0.554010984
         10.050   0.444422882   0.035098803   0.035098803   0.555577118
         10.125   0.442876698   0.035145069   0.035145069   0.557123302
         10.200   0.441350209   0.035190746   0.035190746   0.558649791
         10.275   0.439843165   0.035235842   0.035235842   0.560156835
         10.350   0.438355319   0.035280363   0.035280363   0.561644681
         10.425   0.436886425   0.035324316   0.035324316   0.563113575
         10.500   0.435436242   0.035367710   0.035367710   0.564563758
         10.575   0.434004533   0.035410551   0.035410551   0.565995467
         10.650   0.432591060   0.035452847   0.035452847   0.567408940
         10.725   0.431195593   0.035494603   0.035494603   0.568804407
         10.800   0.429817902   0.035535828   0.035535828   0.570182098
         10.875   0.428457761   0.035576527   0.035576527   0.571542239
         10.950   0.427114945   0.035616709   0.035616709   0.572885055
         11.025   0.425789235   0.035656378   0.035656378   0.574210765
         11.100   0.424480411   0.035695542   0.035695542   0.575519589
         11.175   0.423188260   0.035734207   0.035734207   0.576811740
         11.250   0.421912569   0.035772379   0.035772379   0.578087431
         11.325   0.420653128   0.035810066   0.035810066   0.579346872
         11.400   0.419409730   0.035847272   0.035847272   0.580590270
         11.475   0.418182171   0.035884004   0.035884004   0.581817829
         11.550   0.416970249   0.035920269   0.035920269   0.583029751
         11.625   0.415773765   0.035956071   0.035956071   0.584226235
         11.700   0.414592522   0.035991417   0.035991417   0.585407478
         11.775   0.413426326   0.036026314   0.036026314   0.586573674
         11.850   0.412274985   0.036060765   0.036060765   0.587725015
         11.925   0.411138310   0.036094778   0.036094778   0.588861690
         12.000   0.410016115   0.036128357   0.036128357   0.589983885
         12.075   0.408908215   0.036161509   0.036161509   0.591091785
         12.150   0.407814427   0.036194239   0.036194239   0.592185573
         12.225   0.406734573   0.036226551   0.036226551   0.593265427
         12.300   0.405668473   0.036258452   0.036258452   0.594331527
         12.375   0.404615955   0.036289947   0.036289947   0.595384045
         12.450   0.403576843   0.036321040   0.036321040   0.596423157
         12.525   0.402550968   0.036351737   0.036351737   0.597449032
         12.600   0.401538161   0.036382044   0.036382044   0.598461839
         12.675   0.400538256   0.036411964   0.036411964   0.599461744
         12.750   0.399551087   0.036441503   0.036441503   0.600448913
         12.825   0.398576493   0.036470666   0.036470666   0.601423507
         12.900   0.397614314   0.036499457   0.036499457   0.602385686
         12.975   0.396664392   0.036527882   0.036527882   0.603335608
         13.050   0.395726570   0.036555944   0.036555944   0.604273430
         13.125   0.394800694   0.036583649   0.036583649   0.605199306
         13.200   0.393886613   0.036611001   0.036611001   0.606113387
         13.275   0.392984175   0.036638005   0.036638005   0.607015825
         13.350   0.392093232   0.036664664   0.036664664   0.607906768
         13.425   0.391213639   0.036690985   0.036690985   0.608786361
         13.500   0.390345251   0.036716969   0.036716969   0.609654749
         13.575   0.389487924   0.036742623   0.036742623   0.610512076
         13.650   0.388641518   0.036767950   0.036767950   0.611358482
         13.725   0.387805894   0.036792955   0.036792955   0.612194106
         13.800   0.386980914   0.036817641   0.036817641   0.613019086
         13.875   0.386166443   0.036842012   0.036842012   0.613833557
         13.950   0.385362347   0.036866073   0.036866073   0.614637653
         14.025   0.384568494   0.036889827   0.036889827   0.615431506
         14.100   0.383784753   0.036913279   0.036913279   0.616215247
         14.175   0.383010996   0.036936433   0.036936433   0.616989004
         14.250   0.382247095   0.036959291   0.036959291   0.617752905
         14.325   0.381492925   0.036981858   0.036981858   0.618507075
         14.400   0.380748362   0.037004137   0.037004137   0.619251638
         14.475   0.380013283   0.037026133   0.037026133   0.619986717
         14.550   0.379287568   0.037047849   0.037047849   0.620712432
         14.625   0.378571097   0.037069288   0.037069288   0.621428903
         14.700   0.377863753   0.037090454   0.037090454   0.622136247
         14.775   0.377165419   0.037111350   0.037111350   0.622834581
         14.850   0.376475981   0.037131980   0.037131980   0.623524019
         14.925   0.375795325   0.037152347   0.037152347   0.624204675
         15.000   0.375123340   0.037172455   0.037172455   0.624876660
         15.075   0.374459914   0.037192307   0.037192307   0.625540086
         15.150   0.373804940   0.037211906   0.037211906   0.626195060
         15.225   0.373158308   0.037231255   0.037231255   0.626841692
         15.300   0.372519914   0.037250358   0.037250358   0.627480086
         15.375   0.371889652   0.037269217   0.037269217   0.628110348
         15.450   0.371267418   0.037287836   0.037287836   0.628732582
         15.525   0.370653110   0.037306218   0.037306218   0.629346890
         15.600   0.370046628   0.037324366   0.037324366   0.629953372
         15.675   0.369447871   0.037342282   0.037342282   0.630552129
         15.750   0.368856742   0.037359971   0.037359971   0.631143258
         15.825   0.368273142   0.037377434   0.037377434   0.631726858
         15.900   0.367696976   0.037394674   0.037394674   0.632303024
         15.975   0.367128150   0.037411695   0.037411695   0.632871850
         16.050   0.366566570   0.037428500   0.037428500   0.633433430
         16.125   0.366012143   0.037445090   0.037445090   0.633987857
         16.200   0.365464779   0.037461469   0.037461469   0.634535221
         16.275   0.364924387   0.037477639   0.037477639   0.635075613
         16.350   0.364390879   0.037493603   0.037493603   0.635609121
         16.425   0.363864167   0.037509364   0.037509364   0.636135833
         16.500   0.363344164   0.037524924   0.037524924   0.636655836
         16.575   0.362830785   0.037540286   0.037540286   0.637169215
         16.650   0.362323946   0.037555452   0.037555452   0.637676054
         16.725   0.361823563   0.037570425   0.037570425   0.638176437
         16.800   0.361329554   0.037585207   0.037585207   0.638670446
         16.875   0.360841838   0.037599801   0.037599801   0.639158162
         16.950   0.360360335   0.037614209   0.037614209   0.639639665
         17.025   0.359884965   0.037628434   0.037628434   0.640115035
         17.100   0.359415651   0.037642477   0.037642477   0.640584349
         17.175   0.358952315   0.037656341   0.037656341   0.641047685
         17.250   0.358494880   0.037670029   0.037670029   0.641505120
         17.325   0.358043273   0.037683543   0.037683543   0.641956727
         17.400   0.357597419   0.037696884   0.037696884   0.642402581
         17.475   0.357157244   0.037710055   0.037710055   0.642842756
         17.550   0.356722676   0.037723059   0.037723059   0.643277324
         17.625   0.356293644   0.037735897   0.037735897   0.643706356
         17.700   0.355870077   0.037748571   0.037748571   0.644129923
         17.775   0.355451905   0.037761084   0.037761084   0.644548095
         17.850   0.355039061   0.037773438   0.037773438   0.644960939
         17.925   0.354631475   0.037785634   0.037785634   0.645368525
         18.000   0.354229081   0.037797675   0.037797675   0.645770919
         18.075   0.353831813   0.037809562   0.037809562   0.646168187
         18.150   0.353439605   0.037821298   0.037821298   0.646560395
         18.225   0.353052394   0.037832885   0.037832885   0.646947606
         18.300   0.352670115   0.037844324   0.037844324   0.647329885
         18.375   0.352292706   0.037855617   0.037855617   0.647707294
         18.450   0.351920104   0.037866766   0.037866766   0.648079896
         18.525   0.351552248   0.037877774   0.037877774   0.648447752
         18.600   0.351189078   0.037888641   0.037888641   0.648810922
         18.675   0.350830535   0.037899370   0.037899370   0.649169465
         18.750   0.350476559   0.037909962   0.037909962   0.649523441
         18.825   0.350127091   0.037920419   0.037920419   0.649872909
         18.900   0.349782076   0.037930743   0.037930743   0.650217924
         18.975   0.349441455   0.037940935   0.037940935   0.650558545
         19.050   0.349105173   0.037950998   0.037950998   0.650894827
         19.125   0.348773175   0.037960932   0.037960932   0.651226825
         19.200   0.348445406   0.037970740   0.037970740   0.651554594
         19.275   0.348121812   0.037980423   0.037980423   0.651878188
         19.350   0.347802340   0.037989982   0.037989982   0.652197660
         19.425   0.347486938   0.037999420   0.037999420   0.652513062
         19.500   0.347175554   0.038008738   0.038008738   0.652824446
         19.575   0.346868136   0.038017937   0.038017937   0.653131864
         19.650   0.346564634   0.038027018   0.038027018   0.653435366
         19.725   0.346264998   0.038035984   0.038035984   0.653735002
         19.800   0.345969179   0.038044836   0.038044836   0.654030821
         19.875   0.345677128   0.038053575   0.038053575   0.654322872
         19.950   0.345388797   0.038062203   0.038062203   0.654611203
         20.025   0.345104139   0.038070721   0.038070721   0.654895861
         20.100   0.344823108   0.038079130   0.038079130   0.655176892
         20.175   0.344545656   0.038087432   0.038087432   0.655454344
         20.250   0.344271738   0.038095629   0.038095629   0.655728262
         20.325   0.344001310   0.038103721   0.038103721   0.655998690
         20.400   0.343734326   0.038111710   0.038111710   0.656265674
         20.475   0.343470744   0.038119597   0.038119597   0.656529256
         20.550   0.343210519   0.038127384   0.038127384   0.656789481
         20.625   0.342953608   0.038135071   0.038135071   0.657046392
         20.700   0.342699971   0.038142661   0.038142661   0.657300029
         20.775   0.342449564   0.038150154   0.038150154   0.657550436
         20.850   0.342202347   0.038157551   0.038157551   0.657797653
         20.925   0.341958279   0.038164854   0.038164854   0.658041721
         21.000   0.341717321   0.038172065   0.038172065   0.658282679
         21.075   0.341479431   0.038179183   0.038179183   0.658520569
         21.150   0.341244572   0.038186211   0.038186211   0.658755428
         21.225   0.341012705   0.038193149   0.038193149   0.658987295
         21.300   0.340783791   0.038199999   0.038199999   0.659216209
         21.375   0.340557793   0.038206761   0.038206761   0.659442207
         21.450   0.340334674   0.038213438   0.038213438   0.659665326
         21.525   0.340114397   0.038220029   0.038220029   0.659885603
         21.600   0.339896926   0.038226536   0.038226536   0.660103074
         21.675   0.339682226   0.038232961   0.038232961   0.660317774
         21.750   0.339470260   0.038239303   0.038239303   0.660529740
         21.825   0.339260994   0.038245565   0.038245565   0.660739006
         21.900   0.339054394   0.038251747   0.038251747   0.660945606
         21.975   0.338850426   0.038257851   0.038257851   0.661149574
         22.050   0.338649056   0.038263876   0.038263876   0.661350944
         22.125   0.338450251   0.038269825   0.038269825   0.661549749
         22.200   0.338253979   0.038275698   0.038275698   0.661746021
         22.275   0.338060207   0.038281497   0.038281497   0.661939793
         22.350   0.337868903   0.038287221   0.038287221   0.662131097
         22.425   0.337680036   0.038292872   0.038292872   0.662319964
         22.500   0.337493574   0.038298452   0.038298452   0.662506426
         22.575   0.337309488   0.038303960   0.038303960   0.662690512
         22.650   0.337127747   0.038309399   0.038309399   0.662872253
         22.725   0.336948321   0.038314767   0.038314767   0.663051679
         22.800   0.336771181   0.038320068   0.038320068   0.663228819
         22.875   0.336596297   0.038325301   0.038325301   0.663403703
         22.950   0.336423641   0.038330468   0.038330468   0.663576359
         23.025   0.336253184   0.038335568   0.038335568   0.663746816
         23.100   0.336084898   0.038340604   0.038340604   0.663915102
         23.175   0.335918756   0.038345575   0.038345575   0.664081244
         23.250   0.335754731   0.038350483   0.038350483   0.664245269
         23.325   0.335592795   0.038355329   0.038355329   0.664407205
         23.400   0.335432922   0.038360113   0.038360113   0.664567078
         23.475   0.335275085   0.038364836   0.038364836   0.664724915
         23.550   0.335119259   0.038369499   0.038369499   0.664880741
         23.625   0.334965417   0.038374102   0.038374102   0.665034583
         23.700   0.334813536   0.038378647   0.038378647   0.665186464
         23.775   0.334663589   0.038383134   0.038383134   0.665336411
         23.850   0.334515552   0.038387563   0.038387563   0.665484448
         23.925   0.334369401   0.038391937   0.038391937   0.665630599
         24.000   0.334225112   0.038396254   0.038396254   0.665774888
         24.075   0.334082660   0.038400517   0.038400517   0.665917340
         24.150   0.333942024   0.038404725   0.038404725   0.666057976
         24.225   0.333803178   0.038408880   0.038408880   0.666196822
         24.300   0.333666102   0.038412981   0.038412981   0.666333898
         24.375   0.333530771   0.038417031   0.038417031   0.666469229
         24.450   0.333397165   0.038421029   0.038421029   0.666602835
         24.525   0.333265260   0.038424976   0.038424976   0.666734740
         24.600   0.333135035   0.038428873   0.038428873   0.666864965
         24.675   0.333006470   0.038432720   0.038432720   0.666993530
         24.750   0.332879542   0.038436518   0.038436518   0.667120458
         24.825   0.332754231   0.038440267   0.038440267   0.667245769
         24.900   0.332630516   0.038443969   0.038443969   0.667369484
         24.975   0.332508377   0.038447624   0.038447624   0.667491623
         25.050   0.332387794   0.038451232   0.038451232   0.667612206
         25.125   0.332268747   0.038454795   0.038454795   0.667731253
         25.200   0.332151217   0.038458311   0.038458311   0.667848783
         25.275   0.332035183   0.038461783   0.038461783   0.667964817
         25.350   0.331920628   0.038465211   0.038465211   0.668079372
         25.425   0.331807532   0.038468596   0.038468596   0.668192468
         25.500   0.331695876   0.038471937   0.038471937   0.668304124
         25.575   0.331585643   0.038475235   0.038475235   0.668414357
         25.650   0.331476814   0.038478492   0.038478492   0.668523186
         25.725   0.331369371   0.038481707   0.038481707   0.668630629
         25.800   0.331263297   0.038484881   0.038484881   0.668736703
         25.875   0.331158575   0.038488014   0.038488014   0.668841425
         25.950   0.331055186   0.038491108   0.038491108   0.668944814
         26.025   0.330953114   0.038494162   0.038494162   0.669046886
         26.100   0.330852342   0.038497178   0.038497178   0.669147658
         26.175   0.330752854   0.038500155   0.038500155   0.669247146
         26.250   0.330654634   0.038503094   0.038503094   0.669345366
         26.325   0.330557664   0.038505995   0.038505995   0.669442336
         26.400   0.330461930   0.038508860   0.038508860   0.669538070
         26.475   0.330367415   0.038511688   0.038511688   0.669632585
         26.550   0.330274104   0.038514480   0.038514480   0.669725896
         26.625   0.330181982   0.038517237   0.038517237   0.669818018
         26.700   0.330091033   0.038519958   0.038519958   0.669908967
         26.775   0.330001243   0.038522645   0.038522645   0.669998757
         26.850   0.329912597   0.038525298   0.038525298   0.670087403
         26.925   0.329825080   0.038527916   0.038527916   0.670174920
         27.000   0.329738677   0.038530502   0.038530502   0.670261323
         27.075   0.329653375   0.038533054   0.038533054   0.670346625
         27.150   0.329569160   0.038535574   0.038535574   0.670430840
         27.225   0.329486018   0.038538062   0.038538062   0.670513982
         27.300   0.329403935   0.038540518   0.038540518   0.670596065
         27.375   0.329322897   0.038542943   0.038542943   0.670677103
         27.450   0.329242891   0.038545337   0.038545337   0.670757109
         27.525   0.329163905   0.038547701   0.038547701   0.670836095
         27.600   0.329085925   0.038550034   0.038550034   0.670914075
         27.675   0.329008938   0.038552338   0.038552338   0.670991062
         27.750   0.328932932   0.038554612   0.038554612   0.671067068
         27.825   0.328857894   0.038556858   0.038556858   0.671142106
         27.900   0.328783812   0.038559074   0.038559074   0.671216188
         27.975   0.328710674   0.038561263   0.038561263   0.671289326
         28.050   0.328638467   0.038563424   0.038563424   0.671361533
         28.125   0.328567180   0.038565557   0.038565557   0.671432820
         28.200   0.328496801   0.038567663   0.038567663   0.671503199
         28.275   0.328427319   0.038569742   0.038569742   0.671572681
         28.350   0.328358722   0.038571794   0.038571794   0.671641278
         28.425   0.328290998   0.038573821   0.038573821   0.671709002
         28.500   0.328224137   0.038575822   0.038575822   0.671775863
         28.575   0.328158128   0.038577797   0.038577797   0.671841872
         28.650   0.328092960   0.038579747   0.038579747   0.671907040
         28.725   0.328028622   0.038581672   0.038581672   0.671971378
         28.800   0.327965103   0.038583573   0.038583573   0.672034897
         28.875   0.327902394   0.038585449   0.038585449   0.672097606
         28.950   0.327840483   0.038587302   0.038587302   0.672159517
         29.025   0.327779361   0.038589131   0.038589131   0.672220639
         29.100   0.327719018   0.038590936   0.038590936   0.672280982
         29.175   0.327659443   0.038592719   0.038592719   0.672340557
         29.250   0.327600627   0.038594479   0.038594479   0.672399373
         29.325   0.327542561   0.038596216   0.038596216   0.672457439
         29.400   0.327485234   0.038597932   0.038597932   0.672514766
         29.475   0.327428637   0.038599625   0.038599625   0.672571363
         29.550   0.327372761   0.038601297   0.038601297   0.672627239
         29.625   0.327317597   0.038602948   0.038602948   0.672682403
         29.700   0.327263136   0.038604578   0.038604578   0.672736864
         29.775   0.327209368   0.038606187   0.038606187   0.672790632
         29.850   0.327156286   0.038607775   0.038607775   0.672843714
         29.925   0.327103879   0.038609343   0.038609343   0.672896121
         30.000   0.327052140   0.038610891   0.038610891   0.672947860
         30.075   0.327001061   0.038612420   0.038612420   0.672998939
         30.150   0.326950631   0.038613929   0.038613929   0.673049369
         30.225   0.326900845   0.038615418   0.038615418   0.673099155
         30.300   0.326851692   0.038616889   0.038616889   0.673148308
         30.375   0.326803166   0.038618341   0.038618341   0.673196834
         30.450   0.326755257   0.038619775   0.038619775   0.673244743
         30.525   0.326707959   0.038621190   0.038621190   0.673292041
         30.600   0.326661264   0.038622587   0.038622587   0.673338736
         30.675   0.326615163   0.038623967   0.038623967   0.673384837
         30.750   0.326569650   0.038625329   0.038625329   0.673430350
         30.825   0.326524716   0.038626673   0.038626673   0.673475284
         30.900   0.326480355   0.038628001   0.038628001   0.673519645
         30.975   0.326436558   0.038629311   0.038629311   0.673563442
         31.050   0.326393320   0.038630605   0.038630605   0.673606680
         31.125   0.326350632   0.038631882   0.038631882   0.673649368
         31.200   0.326308489   0.038633144   0.038633144   0.673691511
         31.275   0.326266882   0.038634389   0.038634389   0.673733118
         31.350   0.326225805   0.038635618   0.038635618   0.673774195
         31.425   0.326185251   0.038636831   0.038636831   0.673814749
         31.500   0.326145214   0.038638029   0.038638029   0.673854786
         31.575   0.326105687   0.038639212   0.038639212   0.673894313
         31.650   0.326066663   0.038640380   0.038640380   0.673933337
         31.725   0.326028137   0.038641533   0.038641533   0.673971863
         31.800   0.325990101   0.038642671   0.038642671   0.674009899
         31.875   0.325952550   0.038643794   0.038643794   0.674047450
         31.950   0.325915477   0.038644904   0.038644904   0.674084523
         32.025   0.325878876   0.038645999   0.038645999   0.674121124
         32.100   0.325842742   0.038647080   0.038647080   0.674157258
         32.175   0.325807067   0.038648148   0.038648148   0.674192933
         32.250   0.325771848   0.038649201   0.038649201   0.674228152
         32.325   0.325737077   0.038650242   0.038650242   0.674262923
         32.400   0.325702749   0.038651269   0.038651269   0.674297251
         32.475   0.325668858   0.038652283   0.038652283   0.674331142
         32.550   0.325635399   0.038653284   0.038653284   0.674364601
         32.625   0.325602366   0.038654273   0.038654273   0.674397634
         32.700   0.325569753   0.038655249   0.038655249   0.674430247
         32.775   0.325537557   0.038656212   0.038656212   0.674462443
         32.850   0.325505770   0.038657163   0.038657163   0.674494230
         32.925   0.325474388   0.038658102   0.038658102   0.674525612
         33.000   0.325443407   0.038659029   0.038659029   0.674556593
         33.075   0.325412819   0.038659945   0.038659945   0.674587181
         33.150   0.325382622   0.038660848   0.038660848   0.674617378
         33.225   0.325352809   0.038661740   0.038661740   0.674647191
         33.300   0.325323375   0.038662621   0.038662621   0.674676625
         33.375   0.325294317   0.038663491   0.038663491   0.674705683
         33.450   0.325265629   0.038664349   0.038664349   0.674734371
         33.525   0.325237306   0.038665197   0.038665197   0.674762694
         33.600   0.325209344   0.038666033   0.038666033   0.674790656
         33.675   0.325181739   0.038666859   0.038666859   0.674818261
         33.750   0.325154485   0.038667675   0.038667675   0.674845515
         33.825   0.325127578   0.038668480   0.038668480   0.674872422
         33.900   0.325101013   0.038669275   0.038669275   0.674898987
         33.975   0.325074788   0.038670060   0.038670060   0.674925212
         34.050   0.325048896   0.038670834   0.038670834   0.674951104
         34.125   0.325023334   0.038671599   0.038671599   0.674976666
         34.200   0.324998098   0.038672354   0.038672354   0.675001902
         34.275   0.324973183   0.038673100   0.038673100   0.675026817
         34.350   0.324948586   0.038673836   0.038673836   0.675051414
         34.425   0.324924302   0.038674563   0.038674563   0.675075698
         34.500   0.324900327   0.038675280   0.038675280   0.675099673
         34.575   0.324876657   0.038675988   0.038675988   0.675123343
         34.650   0.324853290   0.038676688   0.038676688   0.675146710
         34.725   0.324830219   0.038677378   0.038677378   0.675169781
         34.800   0.324807443   0.038678059   0.038678059   0.675192557
         34.875   0.324784957   0.038678732   0.038678732   0.675215043
         34.950   0.324762757   0.038679397   0.038679397   0.675237243
         35.025   0.324740840   0.038680052   0.038680052   0.675259160
         35.100   0.324719202   0.038680700   0.038680700   0.675280798
         35.175   0.324697840   0.038681339   0.038681339   0.675302160
         35.250   0.324676750   0.038681970   0.038681970   0.675323250
         35.325   0.324655929   0.038682593   0.038682593   0.675344071
         35.400   0.324635373   0.038683208   0.038683208   0.675364627
         35.475   0.324615078   0.038683816   0.038683816   0.675384922
         35.550   0.324595043   0.038684415   0.038684415   0.675404957
         35.625   0.324575262   0.038685007   0.038685007   0.675424738
         35.700   0.324555733   0.038685591   0.038685591   0.675444267
         35.775   0.324536454   0.038686168   0.038686168   0.675463546
         35.850   0.324517419   0.038686738   0.038686738   0.675482581
         35.925   0.324498628   0.038687300   0.038687300   0.675501372
         36.000   0.324480075   0.038687855   0.038687855   0.675519925
         36.075   0.324461759   0.038688403   0.038688403   0.675538241
         36.150   0.324443676   0.038688944   0.038688944   0.675556324
         36.225   0.324425824   0.038689479   0.038689479   0.675574176
         36.300   0.324408199   0.038690006   0.038690006   0.675591801
         36.375   0.324390798   0.038690527   0.038690527   0.675609202
         36.450   0.324373620   0.038691041   0.038691041   0.675626380
         36.525   0.324356660   0.038691548   0.038691548   0.675643340
         36.600   0.324339916   0.038692049   0.038692049   0.675660084
         36.675   0.324323385   0.038692544   0.038692544   0.675676615
         36.750   0.324307065   0.038693032   0.038693032   0.675692935
         36.825   0.324290953   0.038693514   0.038693514   0.675709047
         36.900   0.324275046   0.038693990   0.038693990   0.675724954
         36.975   0.324259341   0.038694460   0.038694460   0.675740659
         37.050   0.324243837   0.038694924   0.038694924   0.675756163
         37.125   0.324228530   0.038695382   0.038695382   0.675771470
         37.200   0.324213418   0.038695834   0.038695834   0.675786582
         37.275   0.324198499   0.038696281   0.038696281   0.675801501
         37.350   0.324183770   0.038696722   0.038696722   0.675816230
         37.425   0.324169228   0.038697157   0.038697157   0.675830772
         37.500   0.324154872   0.038697586   0.038697586   0.675845128
         37.575   0.324140698   0.038698010   0.038698010   0.675859302
         37.650   0.324126705   0.038698429   0.038698429   0.675873295
         37.725   0.324112891   0.038698843   0.038698843   0.675887109
         37.800   0.324099252   0.038699251   0.038699251   0.675900748
         37.875   0.324085787   0.038699654   0.038699654   0.675914213
         37.950   0.324072493   0.038700051   0.038700051   0.675927507
         38.025   0.324059369   0.038700444   0.038700444   0.675940631
         38.100   0.324046412   0.038700832   0.038700832   0.675953588
         38.175   0.324033620   0.038701215   0.038701215   0.675966380
         38.250   0.324020991   0.038701592   0.038701592   0.675979009
         38.325   0.324008523   0.038701966   0.038701966   0.675991477
         38.400   0.323996214   0.038702334   0.038702334   0.676003786
         38.475   0.323984061   0.038702697   0.038702697   0.676015939
         38.550   0.323972064   0.038703056   0.038703056   0.676027936
         38.625   0.323960219   0.038703411   0.038703411   0.676039781
         38.700   0.323948525   0.038703761   0.038703761   0.676051475
         38.775   0.323936980   0.038704106   0.038704106   0.676063020
         38.850   0.323925582   0.038704447   0.038704447   0.676074418
         38.925   0.323914329   0.038704784   0.038704784   0.676085671
         39.000   0.323903220   0.038705117   0.038705117   0.676096780
         39.075   0.323892252   0.038705445   0.038705445   0.676107748
         39.150   0.323881423   0.038705769   0.038705769   0.676118577
         39.225   0.323870733   0.038706089   0.038706089   0.676129267
         39.300   0.323860179   0.038706404   0.038706404   0.676139821
         39.375   0.323849759   0.038706716   0.038706716   0.676150241
         39.450   0.323839473   0.038707024   0.038707024   0.676160527
         39.525   0.323829317   0.038707328   0.038707328   0.676170683
         39.600   0.323819290   0.038707628   0.038707628   0.676180710
         39.675   0.323809391   0.038707924   0.038707924   0.676190609
         39.750   0.323799619   0.038708217   0.038708217   0.676200381
         39.825   0.323789970   0.038708505   0.038708505   0.676210030
         39.900   0.323780445   0.038708790   0.038708790   0.676219555
         39.975   0.323771041   0.038709072   0.038709072   0.676228959
         40.050   0.323761757   0.038709350   0.038709350   0.676238243
         40.125   0.323752591   0.038709624   0.038709624   0.676247409
         40.200   0.323743542   0.038709895   0.038709895   0.676256458
         40.275   0.323734608   0.038710162   0.038710162   0.676265392
         40.350   0.323725788   0.038710426   0.038710426   0.676274212
         40.425   0.323717080   0.038710686   0.038710686   0.676282920
         40.500   0.323708483   0.038710944   0.038710944   0.676291517
         40.575   0.323699996   0.038711198   0.038711198   0.676300004
         40.650   0.323691617   0.038711448   0.038711448   0.676308383
         40.725   0.323683344   0.038711696   0.038711696   0.676316656
         40.800   0.323675177   0.038711940   0.038711940   0.676324823
         40.875   0.323667114   0.038712181   0.038712181   0.676332886
         40.950   0.323659154   0.038712420   0.038712420   0.676340846
         41.025   0.323651295   0.038712655   0.038712655   0.676348705
         41.100   0.323643536   0.038712887   0.038712887   0.676356464
         41.175   0.323635876   0.038713116   0.038713116   0.676364124
         41.250   0.323628314   0.038713343   0.038713343   0.676371686
         41.325   0.323620848   0.038713566   0.038713566   0.676379152
         41.400   0.323613477   0.038713786   0.038713786   0.676386523
         41.475   0.323606200   0.038714004   0.038714004   0.676393800
         41.550   0.323599015   0.038714219   0.038714219   0.676400985
         41.625   0.323591923   0.038714431   0.038714431   0.676408077
         41.700   0.323584920   0.038714641   0.038714641   0.676415080
         41.775   0.323578007   0.038714848   0.038714848   0.676421993
         41.850   0.323571181   0.038715052   0.038715052   0.676428819
         41.925   0.323564443   0.038715254   0.038715254   0.676435557
         42.000   0.323557791   0.038715453   0.038715453   0.676442209
         42.075   0.323551223   0.038715649   0.038715649   0.676448777
         42.150   0.323544739   0.038715843   0.038715843   0.676455261
         42.225   0.323538337   0.038716035   0.038716035   0.676461663
         42.300   0.323532017   0.038716224   0.038716224   0.676467983
         42.375   0.323525778   0.038716411   0.038716411   0.676474222
         42.450   0.323519618   0.038716595   0.038716595   0.676480382
         42.525   0.323513537   0.038716777   0.038716777   0.676486463
         42.600   0.323507533   0.038716957   0.038716957   0.676492467
         42.675   0.323501605   0.038717134   0.038717134   0.676498395
         42.750   0.323495753   0.038717309   0.038717309   0.676504247
         42.825   0.323489976   0.038717482   0.038717482   0.676510024
         42.900   0.323484272   0.038717653   0.038717653   0.676515728
         42.975   0.323478641   0.038717821   0.038717821   0.676521359
         43.050   0.323473081   0.038717988   0.038717988   0.676526919
         43.125   0.323467592   0.038718152   0.038718152   0.676532408
         43.200   0.323462174   0.038718314   0.038718314   0.676537826
         43.275   0.323456824   0.038718474   0.038718474   0.676543176
         43.350   0.323451542   0.038718632   0.038718632   0.676548458
         43.425   0.323446328   0.038718788   0.038718788   0.676553672
         43.500   0.323441180   0.038718942   0.038718942   0.676558820
         43.575   0.323436098   0.038719094   0.038719094   0.676563902
         43.650   0.323431080   0.038719244   0.038719244   0.676568920
         43.725   0.323426127   0.038719393   0.038719393   0.676573873
         43.800   0.323421236   0.038719539   0.038719539   0.676578764
         43.875   0.323416408   0.038719683   0.038719683   0.676583592
         43.950   0.323411641   0.038719826   0.038719826   0.676588359
         44.025   0.323406935   0.038719967   0.038719967   0.676593065
         44.100   0.323402289   0.038720106   0.038720106   0.676597711
         44.175   0.323397702   0.038720243   0.038720243   0.676602298
         44.250   0.323393174   0.038720379   0.038720379   0.676606826
         44.325   0.323388703   0.038720512   0.038720512   0.676611297
         44.400   0.323384289   0.038720644   0.038720644   0.676615711
         44.475   0.323379931   0.038720775   0.038720775   0.676620069
         44.550   0.323375629   0.038720904   0.038720904   0.676624371
         44.625   0.323371382   0.038721031   0.038721031   0.676628618
         44.700   0.323367189   0.038721156   0.038721156   0.676632811
         44.775   0.323363049   0.038721280   0.038721280   0.676636951
         44.850   0.323358962   0.038721402   0.038721402   0.676641038
         44.925   0.323354927   0.038721523   0.038721523   0.676645073
         45.000   0.323350943   0.038721642   0.038721642   0.676649057
