          0.050   0.997502083   0.003593672   0.003593672   0.002497917
          0.100   0.991518702   0.021612756   0.021612756   0.008481298
          0.150   0.984597236   0.046458006   0.046458006   0.015402764
          0.200   0.978622967   0.063816738   0.063816738   0.021377033
          0.250   0.974231302   0.071457020   0.071457020   0.025768698
          0.300   0.971260188   0.072981833   0.072981833   0.028739812
          0.350   0.969323017   0.071721901   0.071721901   0.030676983
          0.400   0.968071467   0.069549580   0.069549580   0.031928533
          0.450   0.967256018   0.067309737   0.067309737   0.032743982
          0.500   0.966714199   0.065314004   0.065314004   0.033285801
          0.550   0.966344777   0.063635745   0.063635745   0.033655223
          0.600   0.966085743   0.062095207   0.062095207   0.033914257
          0.650   0.965915213   0.060856672   0.060856672   0.034084787
          0.700   0.965801853   0.060038887   0.060038887   0.034198147
          0.750   0.965726343   0.059521804   0.059521804   0.034273657
          0.800   0.965670709   0.059175557   0.059175557   0.034329291
          0.850   0.965622188   0.058948621   0.058948621   0.034377812
          0.900   0.965574049   0.058805364   0.058805364   0.034425951
          0.950   0.965523734   0.058717571   0.058717571   0.034476266
          1.000   0.965470805   0.058664941   0.058664941   0.034529195
          1.050   0.965415644   0.058634114   0.058634114   0.034584356
          1.100   0.965358809   0.058616754   0.058616754   0.034641191
          1.150   0.965300792   0.058607789   0.058607789   0.034699208
          1.200   0.965241960   0.058604915   0.058604915   0.034758040
          1.250   0.965182483   0.058605046   0.058605046   0.034817517
          1.300   0.965122515   0.058605724   0.058605724   0.034877485
          1.350   0.965062173   0.058606465   0.058606465   0.034937827
          1.400   0.965001570   0.058607212   0.058607212   0.034998430
          1.450   0.964940805   0.058607902   0.058607902   0.035059195
          1.500   0.964879954   0.058608486   0.058608486   0.035120046
          1.550   0.964819065   0.058608952   0.058608952   0.035180935
          1.600   0.964758164   0.058609309   0.058609309   0.035241836
          1.650   0.964697266   0.058609576   0.058609576   0.035302734
          1.700   0.964636375   0.058609772   0.058609772   0.035363625
          1.750   0.964575494   0.058609912   0.058609912   0.035424506
          1.800   0.964514623   0.058610005   0.058610005   0.035485377
          1.850   0.964453762   0.058610062   0.058610062   0.035546238
          1.900   0.964392911   0.058610097   0.058610097   0.035607089
          1.950   0.964332070   0.058610119   0.058610119   0.035667930
          2.000   0.964271239   0.058610133   0.058610133   0.035728761
          2.050   0.964210417   0.058610141   0.058610141   0.035789583
          2.100   0.964149604   0.058610146   0.058610146   0.035850396
          2.150   0.964088800   0.058610149   0.058610149   0.035911200
          2.200   0.964028004   0.058610151   0.058610151   0.035971996
          2.250   0.963967216   0.058610152   0.058610152   0.036032784
          2.300   0.963906436   0.058610152   0.058610152   0.036093564
          2.350   0.963845665   0.058610152   0.058610152   0.036154335
          2.400   0.963784901   0.058610152   0.058610152   0.036215099
          2.450   0.963724145   0.058610152   0.058610152   0.036275855
          2.500   0.963663397   0.058610152   0.058610152   0.036336603
          2.550   0.963602658   0.058610152   0.058610152   0.036397342
          2.600   0.963541926   0.058610152   0.058610152   0.036458074
          2.650   0.963481202   0.058610152   0.058610152   0.036518798
          2.700   0.963420486   0.058610152   0.058610152   0.036579514
          2.750   0.963359778   0.058610152   0.058610152   0.036640222
          2.800   0.963299078   0.058610152   0.058610152   0.036700922
          2.850   0.963238386   0.058610152   0.058610152   0.036761614
          2.900   0.963177702   0.058610151   0.058610151   0.036822298
          2.950   0.963117026   0.058610151   0.058610151   0.036882974
          3.000   0.963056358   0.058610151   0.058610151   0.036943642
          3.050   0.962995698   0.058610151   0.058610151   0.037004302
          3.100   0.962935045   0.058610151   0.058610151   0.037064955
          3.150   0.962874401   0.058610151   0.058610151   0.037125599
          3.200   0.962813764   0.058610151   0.058610151   0.037186236
          3.250   0.962753136   0.058610151   0.058610151   0.037246864
          3.300   0.962692515   0.058610151   0.058610151   0.037307485
          3.350   0.962631903   0.058610151   0.058610151   0.037368097
          3.400   0.962571298   0.058610151   0.058610151   0.037428702
          3.450   0.962510701   0.058610151   0.058610151   0.037489299
          3.500   0.962450113   0.058610151   0.058610151   0.037549887
          3.550   0.962389532   0.058610151   0.058610151   0.037610468
          3.600   0.962328959   0.058610151   0.058610151   0.037671041
          3.650   0.962268394   0.058610151   0.058610151   0.037731606
          3.700   0.962207837   0.058610151   0.058610151   0.037792163
          3.750   0.962147288   0.058610151   0.058610151   0.037852712
          3.800   0.962086747   0.058610151   0.058610151   0.037913253
          3.850   0.962026214   0.058610151   0.058610151   0.037973786
          3.900   0.961965688   0.058610151   0.058610151   0.038034312
          3.950   0.961905171   0.058610151   0.058610151   0.038094829
          4.000   0.961844661   0.058610151   0.058610151   0.038155339
          4.050   0.961784160   0.058610151   0.058610151   0.038215840
          4.100   0.961723666   0.058610151   0.058610151   0.038276334
          4.150   0.961663181   0.058610151   0.058610151   0.038336819
          4.200   0.961602703   0.058610151   0.058610151   0.038397297
          4.250   0.961542233   0.058610151   0.058610151   0.038457767
          4.300   0.961481771   0.058610151   0.058610151   0.038518229
          4.350   0.961421317   0.058610151   0.058610151   0.038578683
          4.400   0.961360871   0.058610151   0.058610151   0.038639129
          4.450   0.961300433   0.058610151   0.058610151   0.038699567
          4.500   0.961240003   0.058610151   0.058610151   0.038759997
          4.550   0.961179580   0.058610151   0.058610151   0.038820420
          4.600   0.961119166   0.058610151   0.058610151   0.038880834
          4.650   0.961058760   0.058610151   0.058610151   0.038941240
          4.700   0.960998361   0.058610151   0.058610151   0.039001639
          4.750   0.960937970   0.058610151   0.058610151   0.039062030
          4.800   0.960877588   0.058610151   0.058610151   0.039122412
          4.850   0.960817213   0.058610151   0.058610151   0.039182787
          4.900   0.960756846   0.058610151   0.058610151   0.039243154
          4.950   0.960696487   0.058610151   0.058610151   0.039303513
          5.000   0.960636136   0.058610151   0.058610151   0.039363864
          5.050   0.960575792   0.058610151   0.058610151   0.039424208
          5.100   0.960515457   0.058610151   0.058610151   0.039484543
          5.150   0.960455130   0.058610151   0.058610151   0.039544870
          5.200   0.960394810   0.058610151   0.058610151   0.039605190
          5.250   0.960334499   0.058610151   0.058610151   0.039665501
          5.300   0.960274195   0.058610151   0.058610151   0.039725805
          5.350   0.960213899   0.058610151   0.058610151   0.039786101
          5.400   0.960153611   0.058610151   0.058610151   0.039846389
          5.450   0.960093331   0.058610151   0.058610151   0.039906669
          5.500   0.960033059   0.058610151   0.058610151   0.039966941
          5.550   0.959972795   0.058610151   0.058610151   0.040027205
          5.600   0.959912539   0.058610151   0.058610151   0.040087461
          5.650   0.959852290   0.058610151   0.058610151   0.040147710
          5.700   0.959792050   0.058610151   0.058610151   0.040207950
          5.750   0.959731817   0.058610151   0.058610151   0.040268183
          5.800   0.959671592   0.058610151   0.058610151   0.040328408
          5.850   0.959611376   0.058610151   0.058610151   0.040388624
          5.900   0.959551167   0.058610151   0.058610151   0.040448833
          5.950   0.959490966   0.058610151   0.058610151   0.040509034
          6.000   0.959430772   0.058610151   0.058610151   0.040569228
          6.050   0.959370587   0.058610151   0.058610151   0.040629413
          6.100   0.959310410   0.058610151   0.058610151   0.040689590
          6.150   0.959250240   0.058610151   0.058610151   0.040749760
          6.200   0.959190078   0.058610151   0.058610151   0.040809922
          6.250   0.959129925   0.058610151   0.058610151   0.040870075
          6.300   0.959069779   0.058610151   0.058610151   0.040930221
          6.350   0.959009641   0.058610151   0.058610151   0.040990359
          6.400   0.958949511   0.058610151   0.058610151   0.041050489
          6.450   0.958889388   0.058610151   0.058610151   0.041110612
          6.500   0.958829274   0.058610151   0.058610151   0.041170726
          6.550   0.958769167   0.058610151   0.058610151   0.041230833
          6.600   0.958709069   0.058610151   0.058610151   0.041290931
          6.650   0.958648978   0.058610151   0.058610151   0.041351022
          6.700   0.958588895   0.058610151   0.058610151   0.041411105
          6.750   0.958528820   0.058610151   0.058610151   0.041471180
          6.800   0.958468753   0.058610151   0.058610151   0.041531247
          6.850   0.958408694   0.058610151   0.058610151   0.041591306
          6.900   0.958348642   0.058610151   0.058610151   0.041651358
          6.950   0.958288599   0.058610151   0.058610151   0.041711401
          7.000   0.958228563   0.058610151   0.058610151   0.041771437
          7.050   0.958168535   0.058610151   0.058610151   0.041831465
          7.100   0.958108515   0.058610151   0.058610151   0.041891485
          7.150   0.958048503   0.058610151   0.058610151   0.041951497
          7.200   0.957988499   0.058610151   0.058610151   0.042011501
          7.250   0.957928503   0.058610151   0.058610151   0.042071497
          7.300   0.957868514   0.058610151   0.058610151   0.042131486
          7.350   0.957808534   0.058610151   0.058610151   0.042191466
          7.400   0.957748561   0.058610151   0.058610151   0.042251439
          7.450   0.957688596   0.058610151   0.058610151   0.042311404
          7.500   0.957628639   0.058610151   0.058610151   0.042371361
          7.550   0.957568690   0.058610151   0.058610151   0.042431310
          7.600   0.957508748   0.058610151   0.058610151   0.042491252
          7.650   0.957448815   0.058610151   0.058610151   0.042551185
          7.700   0.957388889   0.058610151   0.058610151   0.042611111
          7.750   0.957328971   0.058610151   0.058610151   0.042671029
          7.800   0.957269061   0.058610151   0.058610151   0.042730939
          7.850   0.957209159   0.058610151   0.058610151   0.042790841
          7.900   0.957149265   0.058610151   0.058610151   0.042850735
          7.950   0.957089378   0.058610151   0.058610151   0.042910622
          8.000   0.957029500   0.058610151   0.058610151   0.042970500
          8.050   0.956969629   0.058610151   0.058610151   0.043030371
          8.100   0.956909766   0.058610151   0.058610151   0.043090234
          8.150   0.956849911   0.058610151   0.058610151   0.043150089
          8.200   0.956790064   0.058610151   0.058610151   0.043209936
          8.250   0.956730225   0.058610151   0.058610151   0.043269775
          8.300   0.956670393   0.058610151   0.058610151   0.043329607
          8.350   0.956610569   0.058610151   0.058610151   0.043389431
          8.400   0.956550753   0.058610151   0.058610151   0.043449247
          8.450   0.956490945   0.058610151   0.058610151   0.043509055
          8.500   0.956431145   0.058610151   0.058610151   0.043568855
          8.550   0.956371353   0.058610151   0.058610151   0.043628647
          8.600   0.956311568   0.058610151   0.058610151   0.043688432
          8.650   0.956251792   0.058610151   0.058610151   0.043748208
          8.700   0.956192023   0.058610151   0.058610151   0.043807977
          8.750   0.956132262   0.058610151   0.058610151   0.043867738
          8.800   0.956072509   0.058610151   0.058610151   0.043927491
          8.850   0.956012763   0.058610151   0.058610151   0.043987237
          8.900   0.955953026   0.058610151   0.058610151   0.044046974
          8.950   0.955893296   0.058610151   0.058610151   0.044106704
          9.000   0.955833574   0.058610151   0.058610151   0.044166426
          9.050   0.955773860   0.058610151   0.058610151   0.044226140
          9.100   0.955714154   0.058610151   0.058610151   0.044285846
          9.150   0.955654455   0.058610151   0.058610151   0.044345545
          9.200   0.955594765   0.058610151   0.058610151   0.044405235
          9.250   0.955535082   0.058610151   0.058610151   0.044464918
          9.300   0.955475407   0.058610151   0.058610151   0.044524593
          9.350   0.955415740   0.058610151   0.058610151   0.044584260
          9.400   0.955356080   0.058610151   0.058610151   0.044643920
          9.450   0.955296429   0.058610151   0.058610151   0.044703571
          9.500   0.955236785   0.058610151   0.058610151   0.044763215
          9.550   0.955177149   0.058610151   0.058610151   0.044822851
          9.600   0.955117521   0.058610151   0.058610151   0.044882479
          9.650   0.955057901   0.058610151   0.058610151   0.044942099
          9.700   0.954998289   0.058610151   0.058610151   0.045001711
          9.750   0.954938684   0.058610151   0.058610151   0.045061316
          9.800   0.954879087   0.058610151   0.058610151   0.045120913
          9.850   0.954819498   0.058610151   0.058610151   0.045180502
          9.900   0.954759917   0.058610151   0.058610151   0.045240083
          9.950   0.954700343   0.058610151   0.058610151   0.045299657
         10.000   0.954640778   0.058610151   0.058610151   0.045359222
         10.050   0.954581220   0.058610151   0.058610151   0.045418780
         10.100   0.954521670   0.058610151   0.058610151   0.045478330
         10.150   0.954462128   0.058610151   0.058610151   0.045537872
         10.200   0.954402593   0.058610151   0.058610151   0.045597407
         10.250   0.954343067   0.058610151   0.058610151   0.045656933
         10.300   0.954283548   0.058610151   0.058610151   0.045716452
         10.350   0.954224037   0.058610151   0.058610151   0.045775963
         10.400   0.954164534   0.058610151   0.058610151   0.045835466
         10.450   0.954105038   0.058610151   0.058610151   0.045894962
         10.500   0.954045551   0.058610151   0.058610151   0.045954449
         10.550   0.953986071   0.058610151   0.058610151   0.046013929
         10.600   0.953926599   0.058610151   0.058610151   0.046073401
         10.650   0.953867134   0.058610151   0.058610151   0.046132866
         10.700   0.953807678   0.058610151   0.058610151   0.046192322
         10.750   0.953748229   0.058610151   0.058610151   0.046251771
         10.800   0.953688788   0.058610151   0.058610151   0.046311212
         10.850   0.953629355   0.058610151   0.058610151   0.046370645
         10.900   0.953569930   0.058610151   0.058610151   0.046430070
         10.950   0.953510512   0.058610151   0.058610151   0.046489488
         11.000   0.953451103   0.058610151   0.058610151   0.046548897
         11.050   0.953391701   0.058610151   0.058610151   0.046608299
         11.100   0.953332307   0.058610151   0.058610151   0.046667693
         11.150   0.953272920   0.058610151   0.058610151   0.046727080
         11.200   0.953213542   0.058610151   0.058610151   0.046786458
         11.250   0.953154171   0.058610151   0.058610151   0.046845829
         11.300   0.953094808   0.058610151   0.058610151   0.046905192
         11.350   0.953035452   0.058610151   0.058610151   0.046964548
         11.400   0.952976105   0.058610151   0.058610151   0.047023895
         11.450   0.952916765   0.058610151   0.058610151   0.047083235
         11.500   0.952857433   0.058610151   0.058610151   0.047142567
         11.550   0.952798109   0.058610151   0.058610151   0.047201891
         11.600   0.952738792   0.058610151   0.058610151   0.047261208
         11.650   0.952679484   0.058610151   0.058610151   0.047320516
         11.700   0.952620183   0.058610151   0.058610151   0.047379817
         11.750   0.952560890   0.058610151   0.058610151   0.047439110
         11.800   0.952501604   0.058610151   0.058610151   0.047498396
         11.850   0.952442327   0.058610151   0.058610151   0.047557673
         11.900   0.952383057   0.058610151   0.058610151   0.047616943
         11.950   0.952323795   0.058610151   0.058610151   0.047676205
         12.000   0.952264541   0.058610151   0.058610151   0.047735459
         12.050   0.952205294   0.058610151   0.058610151   0.047794706
         12.100   0.952146055   0.058610151   0.058610151   0.047853945
         12.150   0.952086824   0.058610151   0.058610151   0.047913176
         12.200   0.952027601   0.058610151   0.058610151   0.047972399
         12.250   0.951968386   0.058610151   0.058610151   0.048031614
         12.300   0.951909178   0.058610151   0.058610151   0.048090822
         12.350   0.951849978   0.058610151   0.058610151   0.048150022
         12.400   0.951790786   0.058610151   0.058610151   0.048209214
         12.450   0.951731601   0.058610151   0.058610151   0.048268399
         12.500   0.951672425   0.058610151   0.058610151   0.048327575
         12.550   0.951613256   0.058610151   0.058610151   0.048386744
         12.600   0.951554094   0.058610151   0.058610151   0.048445906
         12.650   0.951494941   0.058610151   0.058610151   0.048505059
         12.700   0.951435795   0.058610151   0.058610151   0.048564205
         12.750   0.951376657   0.058610151   0.058610151   0.048623343
         12.800   0.951317527   0.058610151   0.058610151   0.048682473
         12.850   0.951258405   0.058610151   0.058610151   0.048741595
         12.900   0.951199290   0.058610151   0.058610151   0.048800710
         12.950   0.951140183   0.058610151   0.058610151   0.048859817
         13.000   0.951081084   0.058610151   0.058610151   0.048918916
         13.050   0.951021992   0.058610151   0.058610151   0.048978008
         13.100   0.950962908   0.058610151   0.058610151   0.049037092
         13.150   0.950903832   0.058610151   0.058610151   0.049096168
         13.200   0.950844764   0.058610151   0.058610151   0.049155236
         13.250   0.950785704   0.058610151   0.058610151   0.049214296
         13.300   0.950726651   0.058610151   0.058610151   0.049273349
         13.350   0.950667606   0.058610151   0.058610151   0.049332394
         13.400   0.950608568   0.058610151   0.058610151   0.049391432
         13.450   0.950549539   0.058610151   0.058610151   0.049450461
         13.500   0.950490517   0.058610151   0.058610151   0.049509483
         13.550   0.950431503   0.058610151   0.058610151   0.049568497
         13.600   0.950372496   0.058610151   0.058610151   0.049627504
         13.650   0.950313498   0.058610151   0.058610151   0.049686502
         13.700   0.950254507   0.058610151   0.058610151   0.049745493
         13.750   0.950195524   0.058610151   0.058610151   0.049804476
         13.800   0.950136548   0.058610151   0.058610151   0.049863452
         13.850   0.950077580   0.058610151   0.058610151   0.049922420
         13.900   0.950018620   0.058610151   0.058610151   0.049981380
         13.950   0.949959668   0.058610151   0.058610151   0.050040332
         14.000   0.949900723   0.058610151   0.058610151   0.050099277
         14.050   0.949841787   0.058610151   0.058610151   0.050158213
         14.100   0.949782857   0.058610151   0.058610151   0.050217143
         14.150   0.949723936   0.058610151   0.058610151   0.050276064
         14.200   0.949665022   0.058610151   0.058610151   0.050334978
         14.250   0.949606116   0.058610151   0.058610151   0.050393884
         14.300   0.949547218   0.058610151   0.058610151   0.050452782
         14.350   0.949488327   0.058610151   0.058610151   0.050511673
         14.400   0.949429445   0.058610151   0.058610151   0.050570555
         14.450   0.949370569   0.058610151   0.058610151   0.050629431
         14.500   0.949311702   0.058610151   0.058610151   0.050688298
         14.550   0.949252842   0.058610151   0.058610151   0.050747158
         14.600   0.949193990   0.058610151   0.058610151   0.050806010
         14.650   0.949135146   0.058610151   0.058610151   0.050864854
         14.700   0.949076309   0.058610151   0.058610151   0.050923691
         14.750   0.949017481   0.058610151   0.058610151   0.050982519
         14.800   0.948958659   0.058610151   0.058610151   0.051041341
         14.850   0.948899846   0.058610151   0.058610151   0.051100154
         14.900   0.948841040   0.058610151   0.058610151   0.051158960
         14.950   0.948782242   0.058610151   0.058610151   0.051217758
         15.000   0.948723452   0.058610151   0.058610151   0.051276548
         15.050   0.948664669   0.058610151   0.058610151   0.051335331
         15.100   0.948605894   0.058610151   0.058610151   0.051394106
         15.150   0.948547127   0.058610151   0.058610151   0.051452873
         15.200   0.948488367   0.058610151   0.058610151   0.051511633
         15.250   0.948429616   0.058610151   0.058610151   0.051570384
         15.300   0.948370871   0.058610151   0.058610151   0.051629129
         15.350   0.948312135   0.058610151   0.058610151   0.051687865
         15.400   0.948253406   0.058610151   0.058610151   0.051746594
         15.450   0.948194685   0.058610151   0.058610151   0.051805315
         15.500   0.948135972   0.058610151   0.058610151   0.051864028
         15.550   0.948077266   0.058610151   0.058610151   0.051922734
         15.600   0.948018568   0.058610151   0.058610151   0.051981432
         15.650   0.947959878   0.058610151   0.058610151   0.052040122
         15.700   0.947901195   0.058610151   0.058610151   0.052098805
         15.750   0.947842520   0.058610151   0.058610151   0.052157480
         15.800   0.947783853   0.058610151   0.058610151   0.052216147
         15.850   0.947725193   0.058610151   0.058610151   0.052274807
         15.900   0.947666542   0.058610151   0.058610151   0.052333458
         15.950   0.947607897   0.058610151   0.058610151   0.052392103
         16.000   0.947549261   0.058610151   0.058610151   0.052450739
         16.050   0.947490632   0.058610151   0.058610151   0.052509368
         16.100   0.947432011   0.058610151   0.058610151   0.052567989
         16.150   0.947373397   0.058610151   0.058610151   0.052626603
         16.200   0.947314792   0.058610151   0.058610151   0.052685208
         16.250   0.947256193   0.058610151   0.058610151   0.052743807
         16.300   0.947197603   0.058610151   0.058610151   0.052802397
         16.350   0.947139020   0.058610151   0.058610151   0.052860980
         16.400   0.947080445   0.058610151   0.058610151   0.052919555
         16.450   0.947021878   0.058610151   0.058610151   0.052978122
         16.500   0.946963318   0.058610151   0.058610151   0.053036682
         16.550   0.946904766   0.058610151   0.058610151   0.053095234
         16.600   0.946846222   0.058610151   0.058610151   0.053153778
         16.650   0.946787685   0.058610151   0.058610151   0.053212315
         16.700   0.946729156   0.058610151   0.058610151   0.053270844
         16.750   0.946670634   0.058610151   0.058610151   0.053329366
         16.800   0.946612121   0.058610151   0.058610151   0.053387879
         16.850   0.946553615   0.058610151   0.058610151   0.053446385
         16.900   0.946495116   0.058610151   0.058610151   0.053504884
         16.950   0.946436625   0.058610151   0.058610151   0.053563375
         17.000   0.946378142   0.058610151   0.058610151   0.053621858
         17.050   0.946319667   0.058610151   0.058610151   0.053680333
         17.100   0.946261199   0.058610151   0.058610151   0.053738801
         17.150   0.946202739   0.058610151   0.058610151   0.053797261
         17.200   0.946144287   0.058610151   0.058610151   0.053855713
         17.250   0.946085842   0.058610151   0.058610151   0.053914158
         17.300   0.946027405   0.058610151   0.058610151   0.053972595
         17.350   0.945968975   0.058610151   0.058610151   0.054031025
         17.400   0.945910554   0.058610151   0.058610151   0.054089446
         17.450   0.945852139   0.058610151   0.058610151   0.054147861
         17.500   0.945793733   0.058610151   0.058610151   0.054206267
         17.550   0.945735334   0.058610151   0.058610151   0.054264666
         17.600   0.945676943   0.058610151   0.058610151   0.054323057
         17.650   0.945618559   0.058610151   0.058610151   0.054381441
         17.700   0.945560183   0.058610151   0.058610151   0.054439817
         17.750   0.945501815   0.058610151   0.058610151   0.054498185
         17.800   0.945443454   0.058610151   0.058610151   0.054556546
         17.850   0.945385102   0.058610151   0.058610151   0.054614898
         17.900   0.945326756   0.058610151   0.058610151   0.054673244
         17.950   0.945268419   0.058610151   0.058610151   0.054731581
         18.000   0.945210088   0.058610151   0.058610151   0.054789912
         18.050   0.945151766   0.058610151   0.058610151   0.054848234
         18.100   0.945093451   0.058610151   0.058610151   0.054906549
         18.150   0.945035144   0.058610151   0.058610151   0.054964856
         18.200   0.944976845   0.058610151   0.058610151   0.055023155
         18.250   0.944918553   0.058610151   0.058610151   0.055081447
         18.300   0.944860269   0.058610151   0.058610151   0.055139731
         18.350   0.944801992   0.058610151   0.058610151   0.055198008
         18.400   0.944743723   0.058610151   0.058610151   0.055256277
         18.450   0.944685462   0.058610151   0.058610151   0.055314538
         18.500   0.944627208   0.058610151   0.058610151   0.055372792
         18.550   0.944568962   0.058610151   0.058610151   0.055431038
         18.600   0.944510724   0.058610151   0.058610151   0.055489276
         18.650   0.944452493   0.058610151   0.058610151   0.055547507
         18.700   0.944394270   0.058610151   0.058610151   0.055605730
         18.750   0.944336054   0.058610151   0.058610151   0.055663946
         18.800   0.944277846   0.058610151   0.058610151   0.055722154
         18.850   0.944219646   0.058610151   0.058610151   0.055780354
         18.900   0.944161453   0.058610151   0.058610151   0.055838547
         18.950   0.944103268   0.058610151   0.058610151   0.055896732
         19.000   0.944045091   0.058610151   0.058610151   0.055954909
         19.050   0.943986921   0.058610151   0.058610151   0.056013079
         19.100   0.943928759   0.058610151   0.058610151   0.056071241
         19.150   0.943870605   0.058610151   0.058610151   0.056129395
         19.200   0.943812458   0.058610151   0.058610151   0.056187542
         19.250   0.943754318   0.058610151   0.058610151   0.056245682
         19.300   0.943696187   0.058610151   0.058610151   0.056303813
         19.350   0.943638063   0.058610151   0.058610151   0.056361937
         19.400   0.943579946   0.058610151   0.058610151   0.056420054
         19.450   0.943521837   0.058610151   0.058610151   0.056478163
         19.500   0.943463736   0.058610151   0.058610151   0.056536264
         19.550   0.943405642   0.058610151   0.058610151   0.056594358
         19.600   0.943347556   0.058610151   0.058610151   0.056652444
         19.650   0.943289478   0.058610151   0.058610151   0.056710522
         19.700   0.943231407   0.058610151   0.058610151   0.056768593
         19.750   0.943173344   0.058610151   0.058610151   0.056826656
         19.800   0.943115288   0.058610151   0.058610151   0.056884712
         19.850   0.943057240   0.058610151   0.058610151   0.056942760
         19.900   0.942999200   0.058610151   0.058610151   0.057000800
         19.950   0.942941167   0.058610151   0.058610151   0.057058833
         20.000   0.942883142   0.058610151   0.058610151   0.057116858
         20.050   0.942825125   0.058610151   0.058610151   0.057174875
         20.100   0.942767115   0.058610151   0.058610151   0.057232885
         20.150   0.942709112   0.058610151   0.058610151   0.057290888
         20.200   0.942651117   0.058610151   0.058610151   0.057348883
         20.250   0.942593130   0.058610151   0.058610151   0.057406870
         20.300   0.942535151   0.058610151   0.058610151   0.057464849
         20.350   0.942477179   0.058610151   0.058610151   0.057522821
         20.400   0.942419214   0.058610151   0.058610151   0.057580786
         20.450   0.942361258   0.058610151   0.058610151   0.057638742
         20.500   0.942303308   0.058610151   0.058610151   0.057696692
         20.550   0.942245367   0.058610151   0.058610151   0.057754633
         20.600   0.942187433   0.058610151   0.058610151   0.057812567
         20.650   0.942129506   0.058610151   0.058610151   0.057870494
         20.700   0.942071587   0.058610151   0.058610151   0.057928413
         20.750   0.942013676   0.058610151   0.058610151   0.057986324
         20.800   0.941955772   0.058610151   0.058610151   0.058044228
         20.850   0.941897876   0.058610151   0.058610151   0.058102124
         20.900   0.941839988   0.058610151   0.058610151   0.058160012
         20.950   0.941782107   0.058610151   0.058610151   0.058217893
         21.000   0.941724234   0.058610151   0.058610151   0.058275766
         21.050   0.941666368   0.058610151   0.058610151   0.058333632
         21.100   0.941608510   0.058610151   0.058610151   0.058391490
         21.150   0.941550659   0.058610151   0.058610151   0.058449341
         21.200   0.941492816   0.058610151   0.058610151   0.058507184
         21.250   0.941434981   0.058610151   0.058610151   0.058565019
         21.300   0.941377153   0.058610151   0.058610151   0.058622847
         21.350   0.941319333   0.058610151   0.058610151   0.058680667
         21.400   0.941261520   0.058610151   0.058610151   0.058738480
         21.450   0.941203715   0.058610151   0.058610151   0.058796285
         21.500   0.941145917   0.058610151   0.058610151   0.058854083
         21.550   0.941088127   0.058610151   0.058610151   0.058911873
         21.600   0.941030345   0.058610151   0.058610151   0.058969655
         21.650   0.940972570   0.058610151   0.058610151   0.059027430
         21.700   0.940914803   0.058610151   0.058610151   0.059085197
         21.750   0.940857043   0.058610151   0.058610151   0.059142957
         21.800   0.940799291   0.058610151   0.058610151   0.059200709
         21.850   0.940741546   0.058610151   0.058610151   0.059258454
         21.900   0.940683809   0.058610151   0.058610151   0.059316191
         21.950   0.940626080   0.058610151   0.058610151   0.059373920
         22.000   0.940568358   0.058610151   0.058610151   0.059431642
         22.050   0.940510643   0.058610151   0.058610151   0.059489357
         22.100   0.940452937   0.058610151   0.058610151   0.059547063
         22.150   0.940395237   0.058610151   0.058610151   0.059604763
         22.200   0.940337546   0.058610151   0.058610151   0.059662454
         22.250   0.940279862   0.058610151   0.058610151   0.059720138
         22.300   0.940222185   0.058610151   0.058610151   0.059777815
         22.350   0.940164516   0.058610151   0.058610151   0.059835484
         22.400   0.940106855   0.058610151   0.058610151   0.059893145
         22.450   0.940049201   0.058610151   0.058610151   0.059950799
         22.500   0.939991555   0.058610151   0.058610151   0.060008445
         22.550   0.939933916   0.058610151   0.058610151   0.060066084
         22.600   0.939876285   0.058610151   0.058610151   0.060123715
         22.650   0.939818661   0.058610151   0.058610151   0.060181339
         22.700   0.939761045   0.058610151   0.058610151   0.060238955
         22.750   0.939703436   0.058610151   0.058610151   0.060296564
         22.800   0.939645835   0.058610151   0.058610151   0.060354165
         22.850   0.939588242   0.058610151   0.058610151   0.060411758
         22.900   0.939530656   0.058610151   0.058610151   0.060469344
         22.950   0.939473077   0.058610151   0.058610151   0.060526923
         23.000   0.939415507   0.058610151   0.058610151   0.060584493
         23.050   0.939357943   0.058610151   0.058610151   0.060642057
         23.100   0.939300387   0.058610151   0.058610151   0.060699613
         23.150   0.939242839   0.058610151   0.058610151   0.060757161
         23.200   0.939185299   0.058610151   0.058610151   0.060814701
         23.250   0.939127765   0.058610151   0.058610151   0.060872235
         23.300   0.939070240   0.058610151   0.058610151   0.060929760
         23.350   0.939012722   0.058610151   0.058610151   0.060987278
         23.400   0.938955211   0.058610151   0.058610151   0.061044789
         23.450   0.938897708   0.058610151   0.058610151   0.061102292
         23.500   0.938840213   0.058610151   0.058610151   0.061159787
         23.550   0.938782725   0.058610151   0.058610151   0.061217275
         23.600   0.938725244   0.058610151   0.058610151   0.061274756
         23.650   0.938667771   0.058610151   0.058610151   0.061332229
         23.700   0.938610306   0.058610151   0.058610151   0.061389694
         23.750   0.938552848   0.058610151   0.058610151   0.061447152
         23.800   0.938495398   0.058610151   0.058610151   0.061504602
         23.850   0.938437955   0.058610151   0.058610151   0.061562045
         23.900   0.938380520   0.058610151   0.058610151   0.061619480
         23.950   0.938323092   0.058610151   0.058610151   0.061676908
         24.000   0.938265672   0.058610151   0.058610151   0.061734328
         24.050   0.938208259   0.058610151   0.058610151   0.061791741
         24.100   0.938150854   0.058610151   0.058610151   0.061849146
         24.150   0.938093457   0.058610151   0.058610151   0.061906543
         24.200   0.938036066   0.058610151   0.058610151   0.061963934
         24.250   0.937978684   0.058610151   0.058610151   0.062021316
         24.300   0.937921309   0.058610151   0.058610151   0.062078691
         24.350   0.937863941   0.058610151   0.058610151   0.062136059
         24.400   0.937806581   0.058610151   0.058610151   0.062193419
         24.450   0.937749229   0.058610151   0.058610151   0.062250771
         24.500   0.937691884   0.058610151   0.058610151   0.062308116
         24.550   0.937634546   0.058610151   0.058610151   0.062365454
         24.600   0.937577216   0.058610151   0.058610151   0.062422784
         24.650   0.937519894   0.058610151   0.058610151   0.062480106
         24.700   0.937462579   0.058610151   0.058610151   0.062537421
         24.750   0.937405271   0.058610151   0.058610151   0.062594729
         24.800   0.937347971   0.058610151   0.058610151   0.062652029
         24.850   0.937290679   0.058610151   0.058610151   0.062709321
         24.900   0.937233394   0.058610151   0.058610151   0.062766606
         24.950   0.937176116   0.058610151   0.058610151   0.062823884
         25.000   0.937118846   0.058610151   0.058610151   0.062881154
         25.050   0.937061584   0.058610151   0.058610151   0.062938416
         25.100   0.937004329   0.058610151   0.058610151   0.062995671
         25.150   0.936947081   0.058610151   0.058610151   0.063052919
         25.200   0.936889842   0.058610151   0.058610151   0.063110158
         25.250   0.936832609   0.058610151   0.058610151   0.063167391
         25.300   0.936775384   0.058610151   0.058610151   0.063224616
         25.350   0.936718167   0.058610151   0.058610151   0.063281833
         25.400   0.936660957   0.058610151   0.058610151   0.063339043
         25.450   0.936603754   0.058610151   0.058610151   0.063396246
         25.500   0.936546559   0.058610151   0.058610151   0.063453441
         25.550   0.936489372   0.058610151   0.058610151   0.063510628
         25.600   0.936432192   0.058610151   0.058610151   0.063567808
         25.650   0.936375019   0.058610151   0.058610151   0.063624981
         25.700   0.936317854   0.058610151   0.058610151   0.063682146
         25.750   0.936260697   0.058610151   0.058610151   0.063739303
         25.800   0.936203547   0.058610151   0.058610151   0.063796453
         25.850   0.936146404   0.058610151   0.058610151   0.063853596
         25.900   0.936089269   0.058610151   0.058610151   0.063910731
         25.950   0.936032142   0.058610151   0.058610151   0.063967858
         26.000   0.935975022   0.058610151   0.058610151   0.064024978
         26.050   0.935917909   0.058610151   0.058610151   0.064082091
         26.100   0.935860804   0.058610151   0.058610151   0.064139196
         26.150   0.935803706   0.058610151   0.058610151   0.064196294
         26.200   0.935746616   0.058610151   0.058610151   0.064253384
         26.250   0.935689533   0.058610151   0.058610151   0.064310467
         26.300   0.935632458   0.058610151   0.058610151   0.064367542
         26.350   0.935575390   0.058610151   0.058610151   0.064424610
         26.400   0.935518330   0.058610151   0.058610151   0.064481670
         26.450   0.935461277   0.058610151   0.058610151   0.064538723
         26.500   0.935404232   0.058610151   0.058610151   0.064595768
         26.550   0.935347194   0.058610151   0.058610151   0.064652806
         26.600   0.935290164   0.058610151   0.058610151   0.064709836
         26.650   0.935233141   0.058610151   0.058610151   0.064766859
         26.700   0.935176126   0.058610151   0.058610151   0.064823874
         26.750   0.935119118   0.058610151   0.058610151   0.064880882
         26.800   0.935062117   0.058610151   0.058610151   0.064937883
         26.850   0.935005124   0.058610151   0.058610151   0.064994876
         26.900   0.934948139   0.058610151   0.058610151   0.065051861
         26.950   0.934891160   0.058610151   0.058610151   0.065108840
         27.000   0.934834190   0.058610151   0.058610151   0.065165810
         27.050   0.934777227   0.058610151   0.058610151   0.065222773
         27.100   0.934720271   0.058610151   0.058610151   0.065279729
         27.150   0.934663323   0.058610151   0.058610151   0.065336677
         27.200   0.934606382   0.058610151   0.058610151   0.065393618
         27.250   0.934549449   0.058610151   0.058610151   0.065450551
         27.300   0.934492523   0.058610151   0.058610151   0.065507477
         27.350   0.934435604   0.058610151   0.058610151   0.065564396
         27.400   0.934378693   0.058610151   0.058610151   0.065621307
         27.450   0.934321790   0.058610151   0.058610151   0.065678210
         27.500   0.934264894   0.058610151   0.058610151   0.065735106
         27.550   0.934208005   0.058610151   0.058610151   0.065791995
         27.600   0.934151124   0.058610151   0.058610151   0.065848876
         27.650   0.934094251   0.058610151   0.058610151   0.065905749
         27.700   0.934037384   0.058610151   0.058610151   0.065962616
         27.750   0.933980526   0.058610151   0.058610151   0.066019474
         27.800   0.933923674   0.058610151   0.058610151   0.066076326
         27.850   0.933866830   0.058610151   0.058610151   0.066133170
         27.900   0.933809994   0.058610151   0.058610151   0.066190006
         27.950   0.933753165   0.058610151   0.058610151   0.066246835
         28.000   0.933696343   0.058610151   0.058610151   0.066303657
         28.050   0.933639529   0.058610151   0.058610151   0.066360471
         28.100   0.933582723   0.058610151   0.058610151   0.066417277
         28.150   0.933525923   0.058610151   0.058610151   0.066474077
         28.200   0.933469132   0.058610151   0.058610151   0.066530868
         28.250   0.933412347   0.058610151   0.058610151   0.066587653
         28.300   0.933355570   0.058610151   0.058610151   0.066644430
         28.350   0.933298801   0.058610151   0.058610151   0.066701199
         28.400   0.933242039   0.058610151   0.058610151   0.066757961
         28.450   0.933185284   0.058610151   0.058610151   0.066814716
         28.500   0.933128537   0.058610151   0.058610151   0.066871463
         28.550   0.933071797   0.058610151   0.058610151   0.066928203
         28.600   0.933015065   0.058610151   0.058610151   0.066984935
         28.650   0.932958340   0.058610151   0.058610151   0.067041660
         28.700   0.932901623   0.058610151   0.058610151   0.067098377
         28.750   0.932844913   0.058610151   0.058610151   0.067155087
         28.800   0.932788210   0.058610151   0.058610151   0.067211790
         28.850   0.932731515   0.058610151   0.058610151   0.067268485
         28.900   0.932674828   0.058610151   0.058610151   0.067325172
         28.950   0.932618147   0.058610151   0.058610151   0.067381853
         29.000   0.932561474   0.058610151   0.058610151   0.067438526
         29.050   0.932504809   0.058610151   0.058610151   0.067495191
         29.100   0.932448151   0.058610151   0.058610151   0.067551849
         29.150   0.932391500   0.058610151   0.058610151   0.067608500
         29.200   0.932334857   0.058610151   0.058610151   0.067665143
         29.250   0.932278221   0.058610151   0.058610151   0.067721779
         29.300   0.932221593   0.058610151   0.058610151   0.067778407
         29.350   0.932164972   0.058610151   0.058610151   0.067835028
         29.400   0.932108359   0.058610151   0.058610151   0.067891641
         29.450   0.932051753   0.058610151   0.058610151   0.067948247
         29.500   0.931995154   0.058610151   0.058610151   0.068004846
         29.550   0.931938563   0.058610151   0.058610151   0.068061437
         29.600   0.931881979   0.058610151   0.058610151   0.068118021
         29.650   0.931825403   0.058610151   0.058610151   0.068174597
         29.700   0.931768834   0.058610151   0.058610151   0.068231166
         29.750   0.931712272   0.058610151   0.058610151   0.068287728
         29.800   0.931655718   0.058610151   0.058610151   0.068344282
         29.850   0.931599171   0.058610151   0.058610151   0.068400829
         29.900   0.931542632   0.058610151   0.058610151   0.068457368
         29.950   0.931486100   0.058610151   0.058610151   0.068513900
         30.000   0.931429575   0.058610151   0.058610151   0.068570425
