          0.050   0.997502083   0.003593672   0.003593672   0.002497917
          0.100   0.991518702   0.021612756   0.021612756   0.008481298
          0.150   0.984597236   0.046458006   0.046458006   0.015402764
          0.200   0.978622967   0.063816738   0.063816738   0.021377033
          0.250   0.974231302   0.071457020   0.071457020   0.025768698
          0.300   0.971260188   0.072981833   0.072981833   0.028739812
          0.350   0.969323017   0.071721901   0.071721901   0.030676983
          0.400   0.968071467   0.069549580   0.069549580   0.031928533
          0.450   0.967256018   0.067309737   0.067309737   0.032743982
          0.500   0.966714199   0.065314004   0.065314004   0.033285801
          0.550   0.966344777   0.063635745   0.063635745   0.033655223
          0.600   0.966085743   0.062255850   0.062255850   0.033914257
          0.650   0.965899103   0.061127531   0.061127531   0.034100897
          0.700   0.965761280   0.060101601   0.060101601   0.034238720
          0.750   0.965667489   0.059272282   0.059272282   0.034332511
          0.800   0.965604317   0.058718939   0.058718939   0.034395683
          0.850   0.965563562   0.058365692   0.058365692   0.034436438
          0.900   0.965535419   0.058124897   0.058124897   0.034464581
          0.950   0.965512278   0.057962056   0.057962056   0.034487722
          1.000   0.965489933   0.057854273   0.057854273   0.034510067
          1.050   0.965466682   0.057783722   0.057783722   0.034533318
          1.100   0.965442149   0.057737541   0.057737541   0.034557851
          1.150   0.965416485   0.057707143   0.057707143   0.034583515
          1.200   0.965389976   0.057687043   0.057687043   0.034610024
          1.250   0.965362884   0.057673794   0.057673794   0.034637116
          1.300   0.965335402   0.057665218   0.057665218   0.034664598
          1.350   0.965307659   0.057659912   0.057659912   0.034692341
          1.400   0.965279739   0.057657259   0.057657259   0.034720261
          1.450   0.965251661   0.057656105   0.057656105   0.034748339
          1.500   0.965223447   0.057655428   0.057655428   0.034776553
          1.550   0.965195115   0.057654992   0.057654992   0.034804885
          1.600   0.965166694   0.057654736   0.057654736   0.034833306
          1.650   0.965138213   0.057654601   0.057654601   0.034861787
          1.700   0.965109698   0.057654538   0.057654538   0.034890302
          1.750   0.965081166   0.057654513   0.057654513   0.034918834
          1.800   0.965052628   0.057654508   0.057654508   0.034947372
          1.850   0.965024087   0.057654515   0.057654515   0.034975913
          1.900   0.964995547   0.057654529   0.057654529   0.035004453
          1.950   0.964967009   0.057654545   0.057654545   0.035032991
          2.000   0.964938473   0.057654561   0.057654561   0.035061527
          2.050   0.964909938   0.057654575   0.057654575   0.035090062
          2.100   0.964881405   0.057654586   0.057654586   0.035118595
          2.150   0.964852874   0.057654592   0.057654592   0.035147126
          2.200   0.964824344   0.057654596   0.057654596   0.035175656
          2.250   0.964795817   0.057654599   0.057654599   0.035204183
          2.300   0.964767292   0.057654601   0.057654601   0.035232708
          2.350   0.964738768   0.057654602   0.057654602   0.035261232
          2.400   0.964710247   0.057654604   0.057654604   0.035289753
          2.450   0.964681728   0.057654604   0.057654604   0.035318272
          2.500   0.964653210   0.057654605   0.057654605   0.035346790
          2.550   0.964624694   0.057654605   0.057654605   0.035375306
          2.600   0.964596180   0.057654606   0.057654606   0.035403820
          2.650   0.964567668   0.057654606   0.057654606   0.035432332
          2.700   0.964539157   0.057654606   0.057654606   0.035460843
          2.750   0.964510649   0.057654606   0.057654606   0.035489351
          2.800   0.964482142   0.057654606   0.057654606   0.035517858
          2.850   0.964453636   0.057654606   0.057654606   0.035546364
          2.900   0.964425133   0.057654606   0.057654606   0.035574867
          2.950   0.964396631   0.057654606   0.057654606   0.035603369
          3.000   0.964368131   0.057654606   0.057654606   0.035631869
          3.050   0.964339633   0.057654606   0.057654606   0.035660367
          3.100   0.964311136   0.057654606   0.057654606   0.035688864
          3.150   0.964282641   0.057654606   0.057654606   0.035717359
          3.200   0.964254148   0.057654606   0.057654606   0.035745852
          3.250   0.964225657   0.057654606   0.057654606   0.035774343
          3.300   0.964197168   0.057654606   0.057654606   0.035802832
          3.350   0.964168680   0.057654606   0.057654606   0.035831320
          3.400   0.964140194   0.057654606   0.057654606   0.035859806
          3.450   0.964111709   0.057654606   0.057654606   0.035888291
          3.500   0.964083227   0.057654606   0.057654606   0.035916773
          3.550   0.964054746   0.057654606   0.057654606   0.035945254
          3.600   0.964026267   0.057654606   0.057654606   0.035973733
          3.650   0.963997790   0.057654606   0.057654606   0.036002210
          3.700   0.963969314   0.057654606   0.057654606   0.036030686
          3.750   0.963940840   0.057654606   0.057654606   0.036059160
          3.800   0.963912368   0.057654606   0.057654606   0.036087632
          3.850   0.963883898   0.057654606   0.057654606   0.036116102
          3.900   0.963855430   0.057654606   0.057654606   0.036144570
          3.950   0.963826963   0.057654606   0.057654606   0.036173037
          4.000   0.963798498   0.057654606   0.057654606   0.036201502
          4.050   0.963770034   0.057654606   0.057654606   0.036229966
          4.100   0.963741573   0.057654606   0.057654606   0.036258427
          4.150   0.963713113   0.057654606   0.057654606   0.036286887
          4.200   0.963684655   0.057654606   0.057654606   0.036315345
          4.250   0.963656199   0.057654606   0.057654606   0.036343801
          4.300   0.963627744   0.057654606   0.057654606   0.036372256
          4.350   0.963599291   0.057654606   0.057654606   0.036400709
          4.400   0.963570840   0.057654606   0.057654606   0.036429160
          4.450   0.963542391   0.057654606   0.057654606   0.036457609
          4.500   0.963513943   0.057654606   0.057654606   0.036486057
          4.550   0.963485497   0.057654606   0.057654606   0.036514503
          4.600   0.963457053   0.057654606   0.057654606   0.036542947
          4.650   0.963428611   0.057654606   0.057654606   0.036571389
          4.700   0.963400170   0.057654606   0.057654606   0.036599830
          4.750   0.963371731   0.057654606   0.057654606   0.036628269
          4.800   0.963343294   0.057654606   0.057654606   0.036656706
          4.850   0.963314859   0.057654606   0.057654606   0.036685141
          4.900   0.963286425   0.057654606   0.057654606   0.036713575
          4.950   0.963257993   0.057654606   0.057654606   0.036742007
          5.000   0.963229563   0.057654606   0.057654606   0.036770437
          5.050   0.963201135   0.057654606   0.057654606   0.036798865
          5.100   0.963172708   0.057654606   0.057654606   0.036827292
          5.150   0.963144283   0.057654606   0.057654606   0.036855717
          5.200   0.963115860   0.057654606   0.057654606   0.036884140
          5.250   0.963087439   0.057654606   0.057654606   0.036912561
          5.300   0.963059019   0.057654606   0.057654606   0.036940981
          5.350   0.963030601   0.057654606   0.057654606   0.036969399
          5.400   0.963002185   0.057654606   0.057654606   0.036997815
          5.450   0.962973770   0.057654606   0.057654606   0.037026230
          5.500   0.962945358   0.057654606   0.057654606   0.037054642
          5.550   0.962916947   0.057654606   0.057654606   0.037083053
          5.600   0.962888538   0.057654606   0.057654606   0.037111462
          5.650   0.962860130   0.057654606   0.057654606   0.037139870
          5.700   0.962831724   0.057654606   0.057654606   0.037168276
          5.750   0.962803320   0.057654606   0.057654606   0.037196680
          5.800   0.962774918   0.057654606   0.057654606   0.037225082
          5.850   0.962746518   0.057654606   0.057654606   0.037253482
          5.900   0.962718119   0.057654606   0.057654606   0.037281881
          5.950   0.962689722   0.057654606   0.057654606   0.037310278
          6.000   0.962661327   0.057654606   0.057654606   0.037338673
          6.050   0.962632933   0.057654606   0.057654606   0.037367067
          6.100   0.962604541   0.057654606   0.057654606   0.037395459
          6.150   0.962576151   0.057654606   0.057654606   0.037423849
          6.200   0.962547763   0.057654606   0.057654606   0.037452237
          6.250   0.962519376   0.057654606   0.057654606   0.037480624
          6.300   0.962490992   0.057654606   0.057654606   0.037509008
          6.350   0.962462609   0.057654606   0.057654606   0.037537391
          6.400   0.962434227   0.057654606   0.057654606   0.037565773
          6.450   0.962405848   0.057654606   0.057654606   0.037594152
          6.500   0.962377470   0.057654606   0.057654606   0.037622530
          6.550   0.962349094   0.057654606   0.057654606   0.037650906
          6.600   0.962320719   0.057654606   0.057654606   0.037679281
          6.650   0.962292347   0.057654606   0.057654606   0.037707653
          6.700   0.962263976   0.057654606   0.057654606   0.037736024
          6.750   0.962235607   0.057654606   0.057654606   0.037764393
          6.800   0.962207239   0.057654606   0.057654606   0.037792761
          6.850   0.962178874   0.057654606   0.057654606   0.037821126
          6.900   0.962150510   0.057654606   0.057654606   0.037849490
          6.950   0.962122148   0.057654606   0.057654606   0.037877852
          7.000   0.962093787   0.057654606   0.057654606   0.037906213
          7.050   0.962065428   0.057654606   0.057654606   0.037934572
          7.100   0.962037071   0.057654606   0.057654606   0.037962929
          7.150   0.962008716   0.057654606   0.057654606   0.037991284
          7.200   0.961980363   0.057654606   0.057654606   0.038019637
          7.250   0.961952011   0.057654606   0.057654606   0.038047989
          7.300   0.961923661   0.057654606   0.057654606   0.038076339
          7.350   0.961895313   0.057654606   0.057654606   0.038104687
          7.400   0.961866966   0.057654606   0.057654606   0.038133034
          7.450   0.961838622   0.057654606   0.057654606   0.038161378
          7.500   0.961810278   0.057654606   0.057654606   0.038189722
          7.550   0.961781937   0.057654606   0.057654606   0.038218063
          7.600   0.961753598   0.057654606   0.057654606   0.038246402
          7.650   0.961725260   0.057654606   0.057654606   0.038274740
          7.700   0.961696924   0.057654606   0.057654606   0.038303076
          7.750   0.961668589   0.057654606   0.057654606   0.038331411
          7.800   0.961640257   0.057654606   0.057654606   0.038359743
          7.850   0.961611926   0.057654606   0.057654606   0.038388074
          7.900   0.961583597   0.057654606   0.057654606   0.038416403
          7.950   0.961555269   0.057654606   0.057654606   0.038444731
          8.000   0.961526944   0.057654606   0.057654606   0.038473056
          8.050   0.961498620   0.057654606   0.057654606   0.038501380
          8.100   0.961470298   0.057654606   0.057654606   0.038529702
          8.150   0.961441977   0.057654606   0.057654606   0.038558023
          8.200   0.961413659   0.057654606   0.057654606   0.038586341
          8.250   0.961385342   0.057654606   0.057654606   0.038614658
          8.300   0.961357026   0.057654606   0.057654606   0.038642974
          8.350   0.961328713   0.057654606   0.057654606   0.038671287
          8.400   0.961300401   0.057654606   0.057654606   0.038699599
          8.450   0.961272091   0.057654606   0.057654606   0.038727909
          8.500   0.961243783   0.057654606   0.057654606   0.038756217
          8.550   0.961215476   0.057654606   0.057654606   0.038784524
          8.600   0.961187172   0.057654606   0.057654606   0.038812828
          8.650   0.961158869   0.057654606   0.057654606   0.038841131
          8.700   0.961130567   0.057654606   0.057654606   0.038869433
          8.750   0.961102268   0.057654606   0.057654606   0.038897732
          8.800   0.961073970   0.057654606   0.057654606   0.038926030
          8.850   0.961045674   0.057654606   0.057654606   0.038954326
          8.900   0.961017379   0.057654606   0.057654606   0.038982621
          8.950   0.960989087   0.057654606   0.057654606   0.039010913
          9.000   0.960960796   0.057654606   0.057654606   0.039039204
          9.050   0.960932507   0.057654606   0.057654606   0.039067493
          9.100   0.960904219   0.057654606   0.057654606   0.039095781
          9.150   0.960875934   0.057654606   0.057654606   0.039124066
          9.200   0.960847650   0.057654606   0.057654606   0.039152350
          9.250   0.960819367   0.057654606   0.057654606   0.039180633
          9.300   0.960791087   0.057654606   0.057654606   0.039208913
          9.350   0.960762808   0.057654606   0.057654606   0.039237192
          9.400   0.960734531   0.057654606   0.057654606   0.039265469
          9.450   0.960706256   0.057654606   0.057654606   0.039293744
          9.500   0.960677982   0.057654606   0.057654606   0.039322018
          9.550   0.960649710   0.057654606   0.057654606   0.039350290
          9.600   0.960621440   0.057654606   0.057654606   0.039378560
          9.650   0.960593172   0.057654606   0.057654606   0.039406828
          9.700   0.960564905   0.057654606   0.057654606   0.039435095
          9.750   0.960536641   0.057654606   0.057654606   0.039463359
          9.800   0.960508377   0.057654606   0.057654606   0.039491623
          9.850   0.960480116   0.057654606   0.057654606   0.039519884
          9.900   0.960451856   0.057654606   0.057654606   0.039548144
          9.950   0.960423598   0.057654606   0.057654606   0.039576402
         10.000   0.960395342   0.057654606   0.057654606   0.039604658
         10.050   0.960367088   0.057654606   0.057654606   0.039632912
         10.100   0.960338835   0.057654606   0.057654606   0.039661165
         10.150   0.960310584   0.057654606   0.057654606   0.039689416
         10.200   0.960282335   0.057654606   0.057654606   0.039717665
         10.250   0.960254087   0.057654606   0.057654606   0.039745913
         10.300   0.960225842   0.057654606   0.057654606   0.039774158
         10.350   0.960197597   0.057654606   0.057654606   0.039802403
         10.400   0.960169355   0.057654606   0.057654606   0.039830645
         10.450   0.960141115   0.057654606   0.057654606   0.039858885
         10.500   0.960112876   0.057654606   0.057654606   0.039887124
         10.550   0.960084639   0.057654606   0.057654606   0.039915361
         10.600   0.960056403   0.057654606   0.057654606   0.039943597
         10.650   0.960028170   0.057654606   0.057654606   0.039971830
         10.700   0.959999938   0.057654606   0.057654606   0.040000062
         10.750   0.959971707   0.057654606   0.057654606   0.040028293
         10.800   0.959943479   0.057654606   0.057654606   0.040056521
         10.850   0.959915252   0.057654606   0.057654606   0.040084748
         10.900   0.959887027   0.057654606   0.057654606   0.040112973
         10.950   0.959858804   0.057654606   0.057654606   0.040141196
         11.000   0.959830582   0.057654606   0.057654606   0.040169418
         11.050   0.959802363   0.057654606   0.057654606   0.040197637
         11.100   0.959774145   0.057654606   0.057654606   0.040225855
         11.150   0.959745928   0.057654606   0.057654606   0.040254072
         11.200   0.959717714   0.057654606   0.057654606   0.040282286
         11.250   0.959689501   0.057654606   0.057654606   0.040310499
         11.300   0.959661290   0.057654606   0.057654606   0.040338710
         11.350   0.959633080   0.057654606   0.057654606   0.040366920
         11.400   0.959604872   0.057654606   0.057654606   0.040395128
         11.450   0.959576667   0.057654606   0.057654606   0.040423333
         11.500   0.959548462   0.057654606   0.057654606   0.040451538
         11.550   0.959520260   0.057654606   0.057654606   0.040479740
         11.600   0.959492059   0.057654606   0.057654606   0.040507941
         11.650   0.959463860   0.057654606   0.057654606   0.040536140
         11.700   0.959435663   0.057654606   0.057654606   0.040564337
         11.750   0.959407467   0.057654606   0.057654606   0.040592533
         11.800   0.959379273   0.057654606   0.057654606   0.040620727
         11.850   0.959351081   0.057654606   0.057654606   0.040648919
         11.900   0.959322891   0.057654606   0.057654606   0.040677109
         11.950   0.959294702   0.057654606   0.057654606   0.040705298
         12.000   0.959266515   0.057654606   0.057654606   0.040733485
         12.050   0.959238330   0.057654606   0.057654606   0.040761670
         12.100   0.959210147   0.057654606   0.057654606   0.040789853
         12.150   0.959181965   0.057654606   0.057654606   0.040818035
         12.200   0.959153785   0.057654606   0.057654606   0.040846215
         12.250   0.959125607   0.057654606   0.057654606   0.040874393
         12.300   0.959097430   0.057654606   0.057654606   0.040902570
         12.350   0.959069255   0.057654606   0.057654606   0.040930745
         12.400   0.959041082   0.057654606   0.057654606   0.040958918
         12.450   0.959012911   0.057654606   0.057654606   0.040987089
         12.500   0.958984741   0.057654606   0.057654606   0.041015259
         12.550   0.958956573   0.057654606   0.057654606   0.041043427
         12.600   0.958928407   0.057654606   0.057654606   0.041071593
         12.650   0.958900243   0.057654606   0.057654606   0.041099757
         12.700   0.958872080   0.057654606   0.057654606   0.041127920
         12.750   0.958843919   0.057654606   0.057654606   0.041156081
         12.800   0.958815760   0.057654606   0.057654606   0.041184240
         12.850   0.958787602   0.057654606   0.057654606   0.041212398
         12.900   0.958759447   0.057654606   0.057654606   0.041240553
         12.950   0.958731292   0.057654606   0.057654606   0.041268708
         13.000   0.958703140   0.057654606   0.057654606   0.041296860
         13.050   0.958674990   0.057654606   0.057654606   0.041325010
         13.100   0.958646841   0.057654606   0.057654606   0.041353159
         13.150   0.958618693   0.057654606   0.057654606   0.041381307
         13.200   0.958590548   0.057654606   0.057654606   0.041409452
         13.250   0.958562404   0.057654606   0.057654606   0.041437596
         13.300   0.958534262   0.057654606   0.057654606   0.041465738
         13.350   0.958506122   0.057654606   0.057654606   0.041493878
         13.400   0.958477984   0.057654606   0.057654606   0.041522016
         13.450   0.958449847   0.057654606   0.057654606   0.041550153
         13.500   0.958421712   0.057654606   0.057654606   0.041578288
         13.550   0.958393578   0.057654606   0.057654606   0.041606422
         13.600   0.958365447   0.057654606   0.057654606   0.041634553
         13.650   0.958337317   0.057654606   0.057654606   0.041662683
         13.700   0.958309189   0.057654606   0.057654606   0.041690811
         13.750   0.958281062   0.057654606   0.057654606   0.041718938
         13.800   0.958252938   0.057654606   0.057654606   0.041747062
         13.850   0.958224815   0.057654606   0.057654606   0.041775185
         13.900   0.958196693   0.057654606   0.057654606   0.041803307
         13.950   0.958168574   0.057654606   0.057654606   0.041831426
         14.000   0.958140456   0.057654606   0.057654606   0.041859544
         14.050   0.958112340   0.057654606   0.057654606   0.041887660
         14.100   0.958084226   0.057654606   0.057654606   0.041915774
         14.150   0.958056113   0.057654606   0.057654606   0.041943887
         14.200   0.958028002   0.057654606   0.057654606   0.041971998
         14.250   0.957999893   0.057654606   0.057654606   0.042000107
         14.300   0.957971785   0.057654606   0.057654606   0.042028215
         14.350   0.957943680   0.057654606   0.057654606   0.042056320
         14.400   0.957915576   0.057654606   0.057654606   0.042084424
         14.450   0.957887473   0.057654606   0.057654606   0.042112527
         14.500   0.957859373   0.057654606   0.057654606   0.042140627
         14.550   0.957831274   0.057654606   0.057654606   0.042168726
         14.600   0.957803177   0.057654606   0.057654606   0.042196823
         14.650   0.957775082   0.057654606   0.057654606   0.042224918
         14.700   0.957746988   0.057654606   0.057654606   0.042253012
         14.750   0.957718896   0.057654606   0.057654606   0.042281104
         14.800   0.957690806   0.057654606   0.057654606   0.042309194
         14.850   0.957662717   0.057654606   0.057654606   0.042337283
         14.900   0.957634631   0.057654606   0.057654606   0.042365369
         14.950   0.957606546   0.057654606   0.057654606   0.042393454
         15.000   0.957578462   0.057654606   0.057654606   0.042421538
         15.050   0.957550381   0.057654606   0.057654606   0.042449619
         15.100   0.957522301   0.057654606   0.057654606   0.042477699
         15.150   0.957494223   0.057654606   0.057654606   0.042505777
         15.200   0.957466146   0.057654606   0.057654606   0.042533854
         15.250   0.957438071   0.057654606   0.057654606   0.042561929
         15.300   0.957409999   0.057654606   0.057654606   0.042590001
         15.350   0.957381927   0.057654606   0.057654606   0.042618073
         15.400   0.957353858   0.057654606   0.057654606   0.042646142
         15.450   0.957325790   0.057654606   0.057654606   0.042674210
         15.500   0.957297724   0.057654606   0.057654606   0.042702276
         15.550   0.957269659   0.057654606   0.057654606   0.042730341
         15.600   0.957241597   0.057654606   0.057654606   0.042758403
         15.650   0.957213536   0.057654606   0.057654606   0.042786464
         15.700   0.957185477   0.057654606   0.057654606   0.042814523
         15.750   0.957157419   0.057654606   0.057654606   0.042842581
         15.800   0.957129364   0.057654606   0.057654606   0.042870636
         15.850   0.957101310   0.057654606   0.057654606   0.042898690
         15.900   0.957073257   0.057654606   0.057654606   0.042926743
         15.950   0.957045207   0.057654606   0.057654606   0.042954793
         16.000   0.957017158   0.057654606   0.057654606   0.042982842
         16.050   0.956989111   0.057654606   0.057654606   0.043010889
         16.100   0.956961065   0.057654606   0.057654606   0.043038935
         16.150   0.956933021   0.057654606   0.057654606   0.043066979
         16.200   0.956904980   0.057654606   0.057654606   0.043095020
         16.250   0.956876939   0.057654606   0.057654606   0.043123061
         16.300   0.956848901   0.057654606   0.057654606   0.043151099
         16.350   0.956820864   0.057654606   0.057654606   0.043179136
         16.400   0.956792829   0.057654606   0.057654606   0.043207171
         16.450   0.956764795   0.057654606   0.057654606   0.043235205
         16.500   0.956736764   0.057654606   0.057654606   0.043263236
         16.550   0.956708734   0.057654606   0.057654606   0.043291266
         16.600   0.956680706   0.057654606   0.057654606   0.043319294
         16.650   0.956652679   0.057654606   0.057654606   0.043347321
         16.700   0.956624654   0.057654606   0.057654606   0.043375346
         16.750   0.956596631   0.057654606   0.057654606   0.043403369
         16.800   0.956568610   0.057654606   0.057654606   0.043431390
         16.850   0.956540590   0.057654606   0.057654606   0.043459410
         16.900   0.956512572   0.057654606   0.057654606   0.043487428
         16.950   0.956484556   0.057654606   0.057654606   0.043515444
         17.000   0.956456542   0.057654606   0.057654606   0.043543458
         17.050   0.956428529   0.057654606   0.057654606   0.043571471
         17.100   0.956400518   0.057654606   0.057654606   0.043599482
         17.150   0.956372509   0.057654606   0.057654606   0.043627491
         17.200   0.956344501   0.057654606   0.057654606   0.043655499
         17.250   0.956316495   0.057654606   0.057654606   0.043683505
         17.300   0.956288491   0.057654606   0.057654606   0.043711509
         17.350   0.956260489   0.057654606   0.057654606   0.043739511
         17.400   0.956232488   0.057654606   0.057654606   0.043767512
         17.450   0.956204489   0.057654606   0.057654606   0.043795511
         17.500   0.956176492   0.057654606   0.057654606   0.043823508
         17.550   0.956148496   0.057654606   0.057654606   0.043851504
         17.600   0.956120502   0.057654606   0.057654606   0.043879498
         17.650   0.956092510   0.057654606   0.057654606   0.043907490
         17.700   0.956064520   0.057654606   0.057654606   0.043935480
         17.750   0.956036531   0.057654606   0.057654606   0.043963469
         17.800   0.956008544   0.057654606   0.057654606   0.043991456
         17.850   0.955980559   0.057654606   0.057654606   0.044019441
         17.900   0.955952576   0.057654606   0.057654606   0.044047424
         17.950   0.955924594   0.057654606   0.057654606   0.044075406
         18.000   0.955896614   0.057654606   0.057654606   0.044103386
         18.050   0.955868635   0.057654606   0.057654606   0.044131365
         18.100   0.955840659   0.057654606   0.057654606   0.044159341
         18.150   0.955812684   0.057654606   0.057654606   0.044187316
         18.200   0.955784710   0.057654606   0.057654606   0.044215290
         18.250   0.955756739   0.057654606   0.057654606   0.044243261
         18.300   0.955728769   0.057654606   0.057654606   0.044271231
         18.350   0.955700801   0.057654606   0.057654606   0.044299199
         18.400   0.955672835   0.057654606   0.057654606   0.044327165
         18.450   0.955644870   0.057654606   0.057654606   0.044355130
         18.500   0.955616907   0.057654606   0.057654606   0.044383093
         18.550   0.955588946   0.057654606   0.057654606   0.044411054
         18.600   0.955560986   0.057654606   0.057654606   0.044439014
         18.650   0.955533029   0.057654606   0.057654606   0.044466971
         18.700   0.955505073   0.057654606   0.057654606   0.044494927
         18.750   0.955477118   0.057654606   0.057654606   0.044522882
         18.800   0.955449166   0.057654606   0.057654606   0.044550834
         18.850   0.955421215   0.057654606   0.057654606   0.044578785
         18.900   0.955393266   0.057654606   0.057654606   0.044606734
         18.950   0.955365318   0.057654606   0.057654606   0.044634682
         19.000   0.955337372   0.057654606   0.057654606   0.044662628
         19.050   0.955309428   0.057654606   0.057654606   0.044690572
         19.100   0.955281486   0.057654606   0.057654606   0.044718514
         19.150   0.955253545   0.057654606   0.057654606   0.044746455
         19.200   0.955225606   0.057654606   0.057654606   0.044774394
         19.250   0.955197669   0.057654606   0.057654606   0.044802331
         19.300   0.955169734   0.057654606   0.057654606   0.044830266
         19.350   0.955141800   0.057654606   0.057654606   0.044858200
         19.400   0.955113868   0.057654606   0.057654606   0.044886132
         19.450   0.955085938   0.057654606   0.057654606   0.044914062
         19.500   0.955058009   0.057654606   0.057654606   0.044941991
         19.550   0.955030082   0.057654606   0.057654606   0.044969918
         19.600   0.955002157   0.057654606   0.057654606   0.044997843
         19.650   0.954974233   0.057654606   0.057654606   0.045025767
         19.700   0.954946312   0.057654606   0.057654606   0.045053688
         19.750   0.954918391   0.057654606   0.057654606   0.045081609
         19.800   0.954890473   0.057654606   0.057654606   0.045109527
         19.850   0.954862557   0.057654606   0.057654606   0.045137443
         19.900   0.954834642   0.057654606   0.057654606   0.045165358
         19.950   0.954806728   0.057654606   0.057654606   0.045193272
         20.000   0.954778817   0.057654606   0.057654606   0.045221183
         20.050   0.954750907   0.057654606   0.057654606   0.045249093
         20.100   0.954722999   0.057654606   0.057654606   0.045277001
         20.150   0.954695093   0.057654606   0.057654606   0.045304907
         20.200   0.954667188   0.057654606   0.057654606   0.045332812
         20.250   0.954639285   0.057654606   0.057654606   0.045360715
         20.300   0.954611384   0.057654606   0.057654606   0.045388616
         20.350   0.954583484   0.057654606   0.057654606   0.045416516
         20.400   0.954555587   0.057654606   0.057654606   0.045444413
         20.450   0.954527691   0.057654606   0.057654606   0.045472309
         20.500   0.954499796   0.057654606   0.057654606   0.045500204
         20.550   0.954471904   0.057654606   0.057654606   0.045528096
         20.600   0.954444013   0.057654606   0.057654606   0.045555987
         20.650   0.954416123   0.057654606   0.057654606   0.045583877
         20.700   0.954388236   0.057654606   0.057654606   0.045611764
         20.750   0.954360350   0.057654606   0.057654606   0.045639650
         20.800   0.954332466   0.057654606   0.057654606   0.045667534
         20.850   0.954304584   0.057654606   0.057654606   0.045695416
         20.900   0.954276703   0.057654606   0.057654606   0.045723297
         20.950   0.954248824   0.057654606   0.057654606   0.045751176
         21.000   0.954220947   0.057654606   0.057654606   0.045779053
         21.050   0.954193071   0.057654606   0.057654606   0.045806929
         21.100   0.954165197   0.057654606   0.057654606   0.045834803
         21.150   0.954137325   0.057654606   0.057654606   0.045862675
         21.200   0.954109455   0.057654606   0.057654606   0.045890545
         21.250   0.954081586   0.057654606   0.057654606   0.045918414
         21.300   0.954053719   0.057654606   0.057654606   0.045946281
         21.350   0.954025854   0.057654606   0.057654606   0.045974146
         21.400   0.953997990   0.057654606   0.057654606   0.046002010
         21.450   0.953970128   0.057654606   0.057654606   0.046029872
         21.500   0.953942268   0.057654606   0.057654606   0.046057732
         21.550   0.953914410   0.057654606   0.057654606   0.046085590
         21.600   0.953886553   0.057654606   0.057654606   0.046113447
         21.650   0.953858698   0.057654606   0.057654606   0.046141302
         21.700   0.953830845   0.057654606   0.057654606   0.046169155
         21.750   0.953802993   0.057654606   0.057654606   0.046197007
         21.800   0.953775143   0.057654606   0.057654606   0.046224857
         21.850   0.953747295   0.057654606   0.057654606   0.046252705
         21.900   0.953719449   0.057654606   0.057654606   0.046280551
         21.950   0.953691604   0.057654606   0.057654606   0.046308396
         22.000   0.953663761   0.057654606   0.057654606   0.046336239
         22.050   0.953635920   0.057654606   0.057654606   0.046364080
         22.100   0.953608080   0.057654606   0.057654606   0.046391920
         22.150   0.953580242   0.057654606   0.057654606   0.046419758
         22.200   0.953552406   0.057654606   0.057654606   0.046447594
         22.250   0.953524571   0.057654606   0.057654606   0.046475429
         22.300   0.953496738   0.057654606   0.057654606   0.046503262
         22.350   0.953468907   0.057654606   0.057654606   0.046531093
         22.400   0.953441078   0.057654606   0.057654606   0.046558922
         22.450   0.953413250   0.057654606   0.057654606   0.046586750
         22.500   0.953385424   0.057654606   0.057654606   0.046614576
         22.550   0.953357600   0.057654606   0.057654606   0.046642400
         22.600   0.953329778   0.057654606   0.057654606   0.046670222
         22.650   0.953301957   0.057654606   0.057654606   0.046698043
         22.700   0.953274138   0.057654606   0.057654606   0.046725862
         22.750   0.953246320   0.057654606   0.057654606   0.046753680
         22.800   0.953218504   0.057654606   0.057654606   0.046781496
         22.850   0.953190690   0.057654606   0.057654606   0.046809310
         22.900   0.953162878   0.057654606   0.057654606   0.046837122
         22.950   0.953135067   0.057654606   0.057654606   0.046864933
         23.000   0.953107259   0.057654606   0.057654606   0.046892741
         23.050   0.953079451   0.057654606   0.057654606   0.046920549
         23.100   0.953051646   0.057654606   0.057654606   0.046948354
         23.150   0.953023842   0.057654606   0.057654606   0.046976158
         23.200   0.952996040   0.057654606   0.057654606   0.047003960
         23.250   0.952968240   0.057654606   0.057654606   0.047031760
         23.300   0.952940441   0.057654606   0.057654606   0.047059559
         23.350   0.952912644   0.057654606   0.057654606   0.047087356
         23.400   0.952884849   0.057654606   0.057654606   0.047115151
         23.450   0.952857055   0.057654606   0.057654606   0.047142945
         23.500   0.952829263   0.057654606   0.057654606   0.047170737
         23.550   0.952801473   0.057654606   0.057654606   0.047198527
         23.600   0.952773685   0.057654606   0.057654606   0.047226315
         23.650   0.952745898   0.057654606   0.057654606   0.047254102
         23.700   0.952718113   0.057654606   0.057654606   0.047281887
         23.750   0.952690330   0.057654606   0.057654606   0.047309670
         23.800   0.952662548   0.057654606   0.057654606   0.047337452
         23.850   0.952634768   0.057654606   0.057654606   0.047365232
         23.900   0.952606990   0.057654606   0.057654606   0.047393010
         23.950   0.952579214   0.057654606   0.057654606   0.047420786
         24.000   0.952551439   0.057654606   0.057654606   0.047448561
         24.050   0.952523666   0.057654606   0.057654606   0.047476334
         24.100   0.952495894   0.057654606   0.057654606   0.047504106
         24.150   0.952468125   0.057654606   0.057654606   0.047531875
         24.200   0.952440357   0.057654606   0.057654606   0.047559643
         24.250   0.952412590   0.057654606   0.057654606   0.047587410
         24.300   0.952384826   0.057654606   0.057654606   0.047615174
         24.350   0.952357063   0.057654606   0.057654606   0.047642937
         24.400   0.952329302   0.057654606   0.057654606   0.047670698
         24.450   0.952301542   0.057654606   0.057654606   0.047698458
         24.500   0.952273785   0.057654606   0.057654606   0.047726215
         24.550   0.952246029   0.057654606   0.057654606   0.047753971
         24.600   0.952218274   0.057654606   0.057654606   0.047781726
         24.650   0.952190522   0.057654606   0.057654606   0.047809478
         24.700   0.952162771   0.057654606   0.057654606   0.047837229
         24.750   0.952135022   0.057654606   0.057654606   0.047864978
         24.800   0.952107274   0.057654606   0.057654606   0.047892726
         24.850   0.952079528   0.057654606   0.057654606   0.047920472
         24.900   0.952051784   0.057654606   0.057654606   0.047948216
         24.950   0.952024042   0.057654606   0.057654606   0.047975958
         25.000   0.951996301   0.057654606   0.057654606   0.048003699
         25.050   0.951968562   0.057654606   0.057654606   0.048031438
         25.100   0.951940825   0.057654606   0.057654606   0.048059175
         25.150   0.951913089   0.057654606   0.057654606   0.048086911
         25.200   0.951885355   0.057654606   0.057654606   0.048114645
         25.250   0.951857623   0.057654606   0.057654606   0.048142377
         25.300   0.951829892   0.057654606   0.057654606   0.048170108
         25.350   0.951802164   0.057654606   0.057654606   0.048197836
         25.400   0.951774437   0.057654606   0.057654606   0.048225563
         25.450   0.951746711   0.057654606   0.057654606   0.048253289
         25.500   0.951718987   0.057654606   0.057654606   0.048281013
         25.550   0.951691265   0.057654606   0.057654606   0.048308735
         25.600   0.951663545   0.057654606   0.057654606   0.048336455
         25.650   0.951635827   0.057654606   0.057654606   0.048364173
         25.700   0.951608110   0.057654606   0.057654606   0.048391890
         25.750   0.951580394   0.057654606   0.057654606   0.048419606
         25.800   0.951552681   0.057654606   0.057654606   0.048447319
         25.850   0.951524969   0.057654606   0.057654606   0.048475031
         25.900   0.951497259   0.057654606   0.057654606   0.048502741
         25.950   0.951469551   0.057654606   0.057654606   0.048530449
         26.000   0.951441844   0.057654606   0.057654606   0.048558156
         26.050   0.951414139   0.057654606   0.057654606   0.048585861
         26.100   0.951386436   0.057654606   0.057654606   0.048613564
         26.150   0.951358734   0.057654606   0.057654606   0.048641266
         26.200   0.951331034   0.057654606   0.057654606   0.048668966
         26.250   0.951303336   0.057654606   0.057654606   0.048696664
         26.300   0.951275640   0.057654606   0.057654606   0.048724360
         26.350   0.951247945   0.057654606   0.057654606   0.048752055
         26.400   0.951220252   0.057654606   0.057654606   0.048779748
         26.450   0.951192560   0.057654606   0.057654606   0.048807440
         26.500   0.951164871   0.057654606   0.057654606   0.048835129
         26.550   0.951137183   0.057654606   0.057654606   0.048862817
         26.600   0.951109496   0.057654606   0.057654606   0.048890504
         26.650   0.951081812   0.057654606   0.057654606   0.048918188
         26.700   0.951054129   0.057654606   0.057654606   0.048945871
         26.750   0.951026448   0.057654606   0.057654606   0.048973552
         26.800   0.950998768   0.057654606   0.057654606   0.049001232
         26.850   0.950971090   0.057654606   0.057654606   0.049028910
         26.900   0.950943414   0.057654606   0.057654606   0.049056586
         26.950   0.950915740   0.057654606   0.057654606   0.049084260
         27.000   0.950888067   0.057654606   0.057654606   0.049111933
         27.050   0.950860396   0.057654606   0.057654606   0.049139604
         27.100   0.950832727   0.057654606   0.057654606   0.049167273
         27.150   0.950805059   0.057654606   0.057654606   0.049194941
         27.200   0.950777393   0.057654606   0.057654606   0.049222607
         27.250   0.950749729   0.057654606   0.057654606   0.049250271
         27.300   0.950722067   0.057654606   0.057654606   0.049277933
         27.350   0.950694406   0.057654606   0.057654606   0.049305594
         27.400   0.950666747   0.057654606   0.057654606   0.049333253
         27.450   0.950639089   0.057654606   0.057654606   0.049360911
         27.500   0.950611434   0.057654606   0.057654606   0.049388566
         27.550   0.950583780   0.057654606   0.057654606   0.049416220
         27.600   0.950556127   0.057654606   0.057654606   0.049443873
         27.650   0.950528477   0.057654606   0.057654606   0.049471523
         27.700   0.950500828   0.057654606   0.057654606   0.049499172
         27.750   0.950473181   0.057654606   0.057654606   0.049526819
         27.800   0.950445535   0.057654606   0.057654606   0.049554465
         27.850   0.950417891   0.057654606   0.057654606   0.049582109
         27.900   0.950390249   0.057654606   0.057654606   0.049609751
         27.950   0.950362609   0.057654606   0.057654606   0.049637391
         28.000   0.950334970   0.057654606   0.057654606   0.049665030
         28.050   0.950307333   0.057654606   0.057654606   0.049692667
         28.100   0.950279697   0.057654606   0.057654606   0.049720303
         28.150   0.950252064   0.057654606   0.057654606   0.049747936
         28.200   0.950224432   0.057654606   0.057654606   0.049775568
         28.250   0.950196802   0.057654606   0.057654606   0.049803198
         28.300   0.950169173   0.057654606   0.057654606   0.049830827
         28.350   0.950141546   0.057654606   0.057654606   0.049858454
         28.400   0.950113921   0.057654606   0.057654606   0.049886079
         28.450   0.950086297   0.057654606   0.057654606   0.049913703
         28.500   0.950058676   0.057654606   0.057654606   0.049941324
         28.550   0.950031055   0.057654606   0.057654606   0.049968945
         28.600   0.950003437   0.057654606   0.057654606   0.049996563
         28.650   0.949975820   0.057654606   0.057654606   0.050024180
         28.700   0.949948205   0.057654606   0.057654606   0.050051795
         28.750   0.949920592   0.057654606   0.057654606   0.050079408
         28.800   0.949892980   0.057654606   0.057654606   0.050107020
         28.850   0.949865370   0.057654606   0.057654606   0.050134630
         28.900   0.949837762   0.057654606   0.057654606   0.050162238
         28.950   0.949810156   0.057654606   0.057654606   0.050189844
         29.000   0.949782551   0.057654606   0.057654606   0.050217449
         29.050   0.949754948   0.057654606   0.057654606   0.050245052
         29.100   0.949727346   0.057654606   0.057654606   0.050272654
         29.150   0.949699746   0.057654606   0.057654606   0.050300254
         29.200   0.949672148   0.057654606   0.057654606   0.050327852
         29.250   0.949644552   0.057654606   0.057654606   0.050355448
         29.300   0.949616957   0.057654606   0.057654606   0.050383043
         29.350   0.949589364   0.057654606   0.057654606   0.050410636
         29.400   0.949561773   0.057654606   0.057654606   0.050438227
         29.450   0.949534183   0.057654606   0.057654606   0.050465817
         29.500   0.949506596   0.057654606   0.057654606   0.050493404
         29.550   0.949479009   0.057654606   0.057654606   0.050520991
         29.600   0.949451425   0.057654606   0.057654606   0.050548575
         29.650   0.949423842   0.057654606   0.057654606   0.050576158
         29.700   0.949396261   0.057654606   0.057654606   0.050603739
         29.750   0.949368681   0.057654606   0.057654606   0.050631319
         29.800   0.949341104   0.057654606   0.057654606   0.050658896
         29.850   0.949313528   0.057654606   0.057654606   0.050686472
         29.900   0.949285953   0.057654606   0.057654606   0.050714047
         29.950   0.949258381   0.057654606   0.057654606   0.050741619
         30.000   0.949230810   0.057654606   0.057654606   0.050769190
