          0.075   0.000000000  -0.056766350   0.056766350   0.000000000
          0.150   0.000000000  -0.063555491   0.063555491   0.000000000
          0.225   0.000000000  -0.062048467   0.062048467   0.000000000
          0.300  -0.000000000  -0.059993782   0.059993782   0.000000000
          0.375   0.000000000  -0.057971079   0.057971079  -0.000000000
          0.450   0.000000000  -0.056305090   0.056305090  -0.000000000
          0.525  -0.000000000  -0.055014434   0.055014434   0.000000000
          0.600  -0.000000000  -0.053963258   0.053963258   0.000000000
          0.675   0.000000000  -0.053046573   0.053046573  -0.000000000
          0.750   0.000000000  -0.052213465   0.052213465  -0.000000000
          0.825   0.000000000  -0.051438972   0.051438972   0.000000000
          0.900   0.000000000  -0.050700612   0.050700612   0.000000000
          0.975   0.000000000  -0.049970249   0.049970249   0.000000000
          1.050   0.000000000  -0.049238311   0.049238311   0.000000000
          1.125   0.000000000  -0.048507170   0.048507170   0.000000000
          1.200   0.000000000  -0.047780054   0.047780054   0.000000000
          1.275   0.000000000  -0.047059957   0.047059957   0.000000000
          1.350   0.000000000  -0.046349008   0.046349008   0.000000000
          1.425   0.000000000  -0.045648291   0.045648291   0.000000000
          1.500   0.000000000  -0.044958156   0.044958156   0.000000000
          1.575   0.000000000  -0.044278591   0.044278591   0.000000000
          1.650   0.000000000  -0.043609438   0.043609438   0.000000000
          1.725   0.000000000  -0.042950525   0.042950525   0.000000000
          1.800   0.000000000  -0.042301623   0.042301623   0.000000000
          1.875   0.000000000  -0.041662507   0.041662507   0.000000000
          1.950   0.000000000  -0.041032987   0.041032987   0.000000000
          2.025   0.000000000  -0.040412900   0.040412900   0.000000000
          2.100   0.000000000  -0.039802101   0.039802101   0.000000000
          2.175   0.000000000  -0.039200451   0.039200451   0.000000000
          2.250   0.000000000  -0.038607820   0.038607820   0.000000000
          2.325   0.000000000  -0.038024076   0.038024076   0.000000000
          2.400   0.000000000  -0.037449087   0.037449087   0.000000000
          2.475   0.000000000  -0.036882726   0.036882726   0.000000000
          2.550   0.000000000  -0.036324862   0.036324862   0.000000000
          2.625   0.000000000  -0.035775369   0.035775369   0.000000000
          2.700   0.000000000  -0.035234122   0.035234122   0.000000000
          2.775   0.000000000  -0.034700997   0.034700997   0.000000000
          2.850   0.000000000  -0.034175871   0.034175871   0.000000000
          2.925   0.000000000  -0.033658624   0.033658624   0.000000000
          3.000   0.000000000  -0.033149139   0.033149139   0.000000000
          3.075   0.000000000  -0.032647299   0.032647299   0.000000000
          3.150   0.000000000  -0.032152989   0.032152989   0.000000000
          3.225   0.000000000  -0.031666096   0.031666096   0.000000000
          3.300   0.000000000  -0.031186509   0.031186509   0.000000000
          3.375   0.000000000  -0.030714118   0.030714118   0.000000000
          3.450   0.000000000  -0.030248815   0.030248815   0.000000000
          3.525   0.000000000  -0.029790494   0.029790494   0.000000000
          3.600   0.000000000  -0.029339051   0.029339051   0.000000000
          3.675   0.000000000  -0.028894381   0.028894381   0.000000000
          3.750   0.000000000  -0.028456384   0.028456384   0.000000000
          3.825   0.000000000  -0.028024958   0.028024958   0.000000000
          3.900   0.000000000  -0.027600007   0.027600007   0.000000000
          3.975   0.000000000  -0.027181431   0.027181431   0.000000000
          4.050   0.000000000  -0.026769137   0.026769137   0.000000000
          4.125   0.000000000  -0.026363029   0.026363029   0.000000000
          4.200   0.000000000  -0.025963014   0.025963014   0.000000000
          4.275   0.000000000  -0.025569002   0.025569002   0.000000000
          4.350   0.000000000  -0.025180902   0.025180902   0.000000000
          4.425   0.000000000  -0.024798626   0.024798626   0.000000000
          4.500   0.000000000  -0.024422086   0.024422086   0.000000000
          4.575   0.000000000  -0.024051195   0.024051195   0.000000000
          4.650   0.000000000  -0.023685870   0.023685870   0.000000000
          4.725   0.000000000  -0.023326027   0.023326027   0.000000000
          4.800   0.000000000  -0.022971583   0.022971583   0.000000000
          4.875   0.000000000  -0.022622457   0.022622457   0.000000000
          4.950   0.000000000  -0.022278570   0.022278570   0.000000000
          5.025   0.000000000  -0.021939844   0.021939844   0.000000000
          5.100   0.000000000  -0.021606199   0.021606199   0.000000000
          5.175   0.000000000  -0.021277562   0.021277562   0.000000000
          5.250   0.000000000  -0.020953855   0.020953855   0.000000000
          5.325   0.000000000  -0.020635006   0.020635006   0.000000000
          5.400   0.000000000  -0.020320941   0.020320941   0.000000000
          5.475   0.000000000  -0.020011588   0.020011588   0.000000000
          5.550   0.000000000  -0.019706878   0.019706878   0.000000000
          5.625   0.000000000  -0.019406739   0.019406739   0.000000000
          5.700   0.000000000  -0.019111104   0.019111104   0.000000000
          5.775   0.000000000  -0.018819906   0.018819906   0.000000000
          5.850   0.000000000  -0.018533076   0.018533076   0.000000000
          5.925   0.000000000  -0.018250551   0.018250551   0.000000000
          6.000   0.000000000  -0.017972265   0.017972265   0.000000000
          6.075   0.000000000  -0.017698154   0.017698154   0.000000000
          6.150   0.000000000  -0.017428157   0.017428157   0.000000000
          6.225   0.000000000  -0.017162211   0.017162211   0.000000000
          6.300   0.000000000  -0.016900255   0.016900255   0.000000000
          6.375   0.000000000  -0.016642230   0.016642230   0.000000000
          6.450   0.000000000  -0.016388077   0.016388077   0.000000000
          6.525   0.000000000  -0.016137738   0.016137738   0.000000000
          6.600   0.000000000  -0.015891154   0.015891154   0.000000000
          6.675   0.000000000  -0.015648271   0.015648271   0.000000000
          6.750   0.000000000  -0.015409032   0.015409032   0.000000000
          6.825   0.000000000  -0.015173383   0.015173383   0.000000000
          6.900   0.000000000  -0.014941270   0.014941270   0.000000000
          6.975   0.000000000  -0.014712640   0.014712640   0.000000000
          7.050   0.000000000  -0.014487441   0.014487441   0.000000000
          7.125   0.000000000  -0.014265620   0.014265620   0.000000000
          7.200   0.000000000  -0.014047128   0.014047128   0.000000000
          7.275   0.000000000  -0.013831915   0.013831915   0.000000000
          7.350   0.000000000  -0.013619930   0.013619930   0.000000000
          7.425   0.000000000  -0.013411127   0.013411127   0.000000000
          7.500   0.000000000  -0.013205457   0.013205457   0.000000000
          7.575   0.000000000  -0.013002873   0.013002873   0.000000000
          7.650   0.000000000  -0.012803328   0.012803328   0.000000000
          7.725   0.000000000  -0.012606778   0.012606778   0.000000000
          7.800   0.000000000  -0.012413177   0.012413177   0.000000000
          7.875   0.000000000  -0.012222481   0.012222481   0.000000000
          7.950   0.000000000  -0.012034646   0.012034646   0.000000000
          8.025   0.000000000  -0.011849630   0.011849630   0.000000000
          8.100   0.000000000  -0.011667390   0.011667390   0.000000000
          8.175   0.000000000  -0.011487885   0.011487885   0.000000000
          8.250   0.000000000  -0.011311073   0.011311073   0.000000000
          8.325   0.000000000  -0.011136914   0.011136914   0.000000000
          8.400   0.000000000  -0.010965369   0.010965369   0.000000000
          8.475   0.000000000  -0.010796397   0.010796397   0.000000000
          8.550   0.000000000  -0.010629961   0.010629961   0.000000000
          8.625   0.000000000  -0.010466022   0.010466022   0.000000000
          8.700   0.000000000  -0.010304544   0.010304544   0.000000000
          8.775   0.000000000  -0.010145488   0.010145488   0.000000000
          8.850   0.000000000  -0.009988819   0.009988819   0.000000000
          8.925   0.000000000  -0.009834500   0.009834500   0.000000000
          9.000   0.000000000  -0.009682497   0.009682497   0.000000000
          9.075   0.000000000  -0.009532775   0.009532775   0.000000000
          9.150   0.000000000  -0.009385300   0.009385300   0.000000000
          9.225   0.000000000  -0.009240038   0.009240038   0.000000000
          9.300   0.000000000  -0.009096955   0.009096955   0.000000000
          9.375   0.000000000  -0.008956019   0.008956019   0.000000000
          9.450   0.000000000  -0.008817198   0.008817198   0.000000000
          9.525   0.000000000  -0.008680460   0.008680460   0.000000000
          9.600   0.000000000  -0.008545773   0.008545773   0.000000000
          9.675   0.000000000  -0.008413108   0.008413108   0.000000000
          9.750   0.000000000  -0.008282433   0.008282433   0.000000000
          9.825   0.000000000  -0.008153719   0.008153719   0.000000000
          9.900   0.000000000  -0.008026937   0.008026937   0.000000000
          9.975   0.000000000  -0.007902057   0.007902057   0.000000000
         10.050   0.000000000  -0.007779050   0.007779050   0.000000000
         10.125   0.000000000  -0.007657890   0.007657890   0.000000000
         10.200   0.000000000  -0.007538547   0.007538547   0.000000000
         10.275   0.000000000  -0.007420995   0.007420995   0.000000000
         10.350   0.000000000  -0.007305207   0.007305207   0.000000000
         10.425   0.000000000  -0.007191157   0.007191157   0.000000000
         10.500   0.000000000  -0.007078817   0.007078817   0.000000000
         10.575   0.000000000  -0.006968164   0.006968164   0.000000000
         10.650   0.000000000  -0.006859171   0.006859171   0.000000000
         10.725   0.000000000  -0.006751813   0.006751813   0.000000000
         10.800   0.000000000  -0.006646066   0.006646066   0.000000000
         10.875   0.000000000  -0.006541906   0.006541906   0.000000000
         10.950   0.000000000  -0.006439309   0.006439309   0.000000000
         11.025   0.000000000  -0.006338251   0.006338251   0.000000000
         11.100   0.000000000  -0.006238709   0.006238709   0.000000000
         11.175   0.000000000  -0.006140662   0.006140662   0.000000000
         11.250   0.000000000  -0.006044085   0.006044085   0.000000000
         11.325   0.000000000  -0.005948958   0.005948958   0.000000000
         11.400   0.000000000  -0.005855258   0.005855258   0.000000000
         11.475   0.000000000  -0.005762964   0.005762964   0.000000000
         11.550   0.000000000  -0.005672055   0.005672055   0.000000000
         11.625   0.000000000  -0.005582510   0.005582510   0.000000000
         11.700   0.000000000  -0.005494308   0.005494308   0.000000000
         11.775   0.000000000  -0.005407430   0.005407430   0.000000000
         11.850   0.000000000  -0.005321856   0.005321856   0.000000000
         11.925   0.000000000  -0.005237566   0.005237566   0.000000000
         12.000   0.000000000  -0.005154540   0.005154540   0.000000000
         12.075   0.000000000  -0.005072761   0.005072761   0.000000000
         12.150   0.000000000  -0.004992208   0.004992208   0.000000000
         12.225   0.000000000  -0.004912864   0.004912864   0.000000000
         12.300   0.000000000  -0.004834711   0.004834711   0.000000000
         12.375   0.000000000  -0.004757730   0.004757730   0.000000000
         12.450   0.000000000  -0.004681905   0.004681905   0.000000000
         12.525   0.000000000  -0.004607217   0.004607217   0.000000000
         12.600   0.000000000  -0.004533650   0.004533650   0.000000000
         12.675   0.000000000  -0.004461187   0.004461187   0.000000000
         12.750   0.000000000  -0.004389811   0.004389811   0.000000000
         12.825   0.000000000  -0.004319506   0.004319506   0.000000000
         12.900   0.000000000  -0.004250256   0.004250256   0.000000000
         12.975   0.000000000  -0.004182045   0.004182045   0.000000000
         13.050   0.000000000  -0.004114858   0.004114858   0.000000000
         13.125   0.000000000  -0.004048678   0.004048678   0.000000000
         13.200   0.000000000  -0.003983492   0.003983492   0.000000000
         13.275   0.000000000  -0.003919284   0.003919284   0.000000000
         13.350   0.000000000  -0.003856040   0.003856040   0.000000000
         13.425   0.000000000  -0.003793744   0.003793744   0.000000000
         13.500   0.000000000  -0.003732383   0.003732383   0.000000000
         13.575   0.000000000  -0.003671943   0.003671943   0.000000000
         13.650   0.000000000  -0.003612410   0.003612410   0.000000000
         13.725   0.000000000  -0.003553770   0.003553770   0.000000000
         13.800   0.000000000  -0.003496010   0.003496010   0.000000000
         13.875   0.000000000  -0.003439116   0.003439116   0.000000000
         13.950   0.000000000  -0.003383077   0.003383077   0.000000000
         14.025   0.000000000  -0.003327878   0.003327878   0.000000000
         14.100   0.000000000  -0.003273507   0.003273507   0.000000000
         14.175   0.000000000  -0.003219953   0.003219953   0.000000000
         14.250   0.000000000  -0.003167202   0.003167202   0.000000000
         14.325   0.000000000  -0.003115242   0.003115242   0.000000000
         14.400   0.000000000  -0.003064062   0.003064062   0.000000000
         14.475   0.000000000  -0.003013650   0.003013650   0.000000000
         14.550   0.000000000  -0.002963995   0.002963995   0.000000000
         14.625   0.000000000  -0.002915084   0.002915084   0.000000000
         14.700   0.000000000  -0.002866908   0.002866908   0.000000000
         14.775   0.000000000  -0.002819454   0.002819454   0.000000000
         14.850   0.000000000  -0.002772712   0.002772712   0.000000000
         14.925   0.000000000  -0.002726672   0.002726672   0.000000000
         15.000   0.000000000  -0.002681323   0.002681323   0.000000000
         15.075   0.000000000  -0.002636654   0.002636654   0.000000000
         15.150   0.000000000  -0.002592655   0.002592655   0.000000000
         15.225   0.000000000  -0.002549317   0.002549317   0.000000000
         15.300   0.000000000  -0.002506629   0.002506629   0.000000000
         15.375   0.000000000  -0.002464581   0.002464581   0.000000000
         15.450   0.000000000  -0.002423164   0.002423164   0.000000000
         15.525   0.000000000  -0.002382369   0.002382369   0.000000000
         15.600   0.000000000  -0.002342186   0.002342186   0.000000000
         15.675   0.000000000  -0.002302606   0.002302606   0.000000000
         15.750   0.000000000  -0.002263620   0.002263620   0.000000000
         15.825   0.000000000  -0.002225218   0.002225218   0.000000000
         15.900   0.000000000  -0.002187393   0.002187393   0.000000000
         15.975   0.000000000  -0.002150136   0.002150136   0.000000000
         16.050   0.000000000  -0.002113437   0.002113437   0.000000000
         16.125   0.000000000  -0.002077290   0.002077290   0.000000000
         16.200   0.000000000  -0.002041684   0.002041684   0.000000000
         16.275   0.000000000  -0.002006613   0.002006613   0.000000000
         16.350   0.000000000  -0.001972068   0.001972068   0.000000000
         16.425   0.000000000  -0.001938042   0.001938042   0.000000000
         16.500   0.000000000  -0.001904526   0.001904526   0.000000000
         16.575   0.000000000  -0.001871513   0.001871513   0.000000000
         16.650   0.000000000  -0.001838995   0.001838995   0.000000000
         16.725   0.000000000  -0.001806965   0.001806965   0.000000000
         16.800   0.000000000  -0.001775416   0.001775416   0.000000000
         16.875   0.000000000  -0.001744340   0.001744340   0.000000000
         16.950   0.000000000  -0.001713731   0.001713731   0.000000000
         17.025   0.000000000  -0.001683581   0.001683581   0.000000000
         17.100   0.000000000  -0.001653883   0.001653883   0.000000000
         17.175   0.000000000  -0.001624631   0.001624631   0.000000000
         17.250   0.000000000  -0.001595818   0.001595818   0.000000000
         17.325   0.000000000  -0.001567437   0.001567437   0.000000000
         17.400   0.000000000  -0.001539482   0.001539482   0.000000000
         17.475   0.000000000  -0.001511946   0.001511946   0.000000000
         17.550   0.000000000  -0.001484824   0.001484824   0.000000000
         17.625   0.000000000  -0.001458109   0.001458109   0.000000000
         17.700   0.000000000  -0.001431794   0.001431794   0.000000000
         17.775   0.000000000  -0.001405874   0.001405874   0.000000000
         17.850   0.000000000  -0.001380344   0.001380344   0.000000000
         17.925   0.000000000  -0.001355196   0.001355196   0.000000000
         18.000   0.000000000  -0.001330426   0.001330426   0.000000000
         18.075   0.000000000  -0.001306027   0.001306027   0.000000000
         18.150   0.000000000  -0.001281995   0.001281995   0.000000000
         18.225   0.000000000  -0.001258323   0.001258323   0.000000000
         18.300   0.000000000  -0.001235006   0.001235006   0.000000000
         18.375   0.000000000  -0.001212039   0.001212039   0.000000000
         18.450   0.000000000  -0.001189417   0.001189417   0.000000000
         18.525   0.000000000  -0.001167134   0.001167134   0.000000000
         18.600   0.000000000  -0.001145186   0.001145186   0.000000000
         18.675   0.000000000  -0.001123567   0.001123567   0.000000000
         18.750   0.000000000  -0.001102272   0.001102272   0.000000000
         18.825   0.000000000  -0.001081297   0.001081297   0.000000000
         18.900   0.000000000  -0.001060636   0.001060636   0.000000000
         18.975   0.000000000  -0.001040286   0.001040286   0.000000000
         19.050   0.000000000  -0.001020241   0.001020241   0.000000000
         19.125   0.000000000  -0.001000497   0.001000497   0.000000000
         19.200   0.000000000  -0.000981048   0.000981048   0.000000000
         19.275   0.000000000  -0.000961892   0.000961892   0.000000000
         19.350   0.000000000  -0.000943024   0.000943024   0.000000000
         19.425   0.000000000  -0.000924438   0.000924438   0.000000000
         19.500   0.000000000  -0.000906131   0.000906131   0.000000000
         19.575   0.000000000  -0.000888099   0.000888099   0.000000000
         19.650   0.000000000  -0.000870338   0.000870338   0.000000000
         19.725   0.000000000  -0.000852843   0.000852843   0.000000000
         19.800   0.000000000  -0.000835610   0.000835610   0.000000000
         19.875   0.000000000  -0.000818636   0.000818636   0.000000000
         19.950   0.000000000  -0.000801917   0.000801917   0.000000000
         20.025   0.000000000  -0.000785449   0.000785449   0.000000000
         20.100   0.000000000  -0.000769227   0.000769227   0.000000000
         20.175   0.000000000  -0.000753250   0.000753250   0.000000000
         20.250   0.000000000  -0.000737512   0.000737512   0.000000000
         20.325   0.000000000  -0.000722010   0.000722010   0.000000000
         20.400   0.000000000  -0.000706740   0.000706740   0.000000000
         20.475   0.000000000  -0.000691700   0.000691700   0.000000000
         20.550   0.000000000  -0.000676886   0.000676886   0.000000000
         20.625   0.000000000  -0.000662293   0.000662293   0.000000000
         20.700   0.000000000  -0.000647920   0.000647920   0.000000000
         20.775   0.000000000  -0.000633763   0.000633763   0.000000000
         20.850   0.000000000  -0.000619817   0.000619817   0.000000000
         20.925   0.000000000  -0.000606082   0.000606082   0.000000000
         21.000   0.000000000  -0.000592552   0.000592552   0.000000000
         21.075   0.000000000  -0.000579225   0.000579225   0.000000000
         21.150   0.000000000  -0.000566098   0.000566098   0.000000000
         21.225   0.000000000  -0.000553168   0.000553168   0.000000000
         21.300   0.000000000  -0.000540432   0.000540432   0.000000000
         21.375   0.000000000  -0.000527888   0.000527888   0.000000000
         21.450   0.000000000  -0.000515531   0.000515531   0.000000000
         21.525   0.000000000  -0.000503360   0.000503360   0.000000000
         21.600   0.000000000  -0.000491372   0.000491372   0.000000000
         21.675   0.000000000  -0.000479563   0.000479563   0.000000000
         21.750   0.000000000  -0.000467932   0.000467932   0.000000000
         21.825   0.000000000  -0.000456475   0.000456475   0.000000000
         21.900   0.000000000  -0.000445190   0.000445190   0.000000000
         21.975   0.000000000  -0.000434074   0.000434074   0.000000000
         22.050   0.000000000  -0.000423125   0.000423125   0.000000000
         22.125   0.000000000  -0.000412341   0.000412341   0.000000000
         22.200   0.000000000  -0.000401718   0.000401718   0.000000000
         22.275   0.000000000  -0.000391255   0.000391255   0.000000000
         22.350   0.000000000  -0.000380949   0.000380949   0.000000000
         22.425   0.000000000  -0.000370797   0.000370797   0.000000000
         22.500   0.000000000  -0.000360798   0.000360798   0.000000000
         22.575   0.000000000  -0.000350948   0.000350948   0.000000000
         22.650   0.000000000  -0.000341247   0.000341247   0.000000000
         22.725   0.000000000  -0.000331691   0.000331691   0.000000000
         22.800   0.000000000  -0.000322278   0.000322278   0.000000000
         22.875   0.000000000  -0.000313007   0.000313007   0.000000000
         22.950   0.000000000  -0.000303875   0.000303875   0.000000000
         23.025   0.000000000  -0.000294880   0.000294880   0.000000000
         23.100   0.000000000  -0.000286019   0.000286019   0.000000000
         23.175   0.000000000  -0.000277292   0.000277292   0.000000000
         23.250   0.000000000  -0.000268696   0.000268696   0.000000000
         23.325   0.000000000  -0.000260228   0.000260228   0.000000000
         23.400   0.000000000  -0.000251888   0.000251888   0.000000000
         23.475   0.000000000  -0.000243673   0.000243673   0.000000000
         23.550   0.000000000  -0.000235581   0.000235581   0.000000000
         23.625   0.000000000  -0.000227611   0.000227611   0.000000000
         23.700   0.000000000  -0.000219760   0.000219760   0.000000000
         23.775   0.000000000  -0.000212027   0.000212027   0.000000000
         23.850   0.000000000  -0.000204410   0.000204410   0.000000000
         23.925   0.000000000  -0.000196907   0.000196907   0.000000000
         24.000   0.000000000  -0.000189517   0.000189517   0.000000000
         24.075   0.000000000  -0.000182238   0.000182238   0.000000000
         24.150   0.000000000  -0.000175068   0.000175068   0.000000000
         24.225   0.000000000  -0.000168006   0.000168006   0.000000000
         24.300   0.000000000  -0.000161049   0.000161049   0.000000000
         24.375   0.000000000  -0.000154197   0.000154197   0.000000000
         24.450   0.000000000  -0.000147448   0.000147448   0.000000000
         24.525   0.000000000  -0.000140800   0.000140800   0.000000000
         24.600   0.000000000  -0.000134252   0.000134252   0.000000000
         24.675   0.000000000  -0.000127802   0.000127802   0.000000000
         24.750   0.000000000  -0.000121448   0.000121448   0.000000000
         24.825   0.000000000  -0.000115191   0.000115191   0.000000000
         24.900   0.000000000  -0.000109027   0.000109027   0.000000000
         24.975   0.000000000  -0.000102955   0.000102955   0.000000000
         25.050   0.000000000  -0.000096975   0.000096975   0.000000000
         25.125   0.000000000  -0.000091084   0.000091084   0.000000000
         25.200   0.000000000  -0.000085282   0.000085282   0.000000000
         25.275   0.000000000  -0.000079567   0.000079567   0.000000000
         25.350   0.000000000  -0.000073937   0.000073937   0.000000000
         25.425   0.000000000  -0.000068392   0.000068392   0.000000000
         25.500   0.000000000  -0.000062931   0.000062931   0.000000000
         25.575   0.000000000  -0.000057551   0.000057551   0.000000000
         25.650   0.000000000  -0.000052252   0.000052252   0.000000000
         25.725   0.000000000  -0.000047032   0.000047032   0.000000000
         25.800   0.000000000  -0.000041891   0.000041891   0.000000000
         25.875   0.000000000  -0.000036827   0.000036827   0.000000000
         25.950   0.000000000  -0.000031839   0.000031839   0.000000000
         26.025   0.000000000  -0.000026926   0.000026926   0.000000000
         26.100   0.000000000  -0.000022086   0.000022086   0.000000000
         26.175   0.000000000  -0.000017319   0.000017319   0.000000000
         26.250   0.000000000  -0.000012624   0.000012624   0.000000000
         26.325   0.000000000  -0.000007999   0.000007999   0.000000000
         26.400   0.000000000  -0.000003443   0.000003443   0.000000000
         26.475   0.000000000   0.000001044  -0.000001044   0.000000000
         26.550   0.000000000   0.000005464  -0.000005464   0.000000000
         26.625   0.000000000   0.000009817  -0.000009817   0.000000000
         26.700   0.000000000   0.000014105  -0.000014105   0.000000000
         26.775   0.000000000   0.000018329  -0.000018329   0.000000000
         26.850   0.000000000   0.000022490  -0.000022490   0.000000000
         26.925   0.000000000   0.000026588  -0.000026588   0.000000000
         27.000   0.000000000   0.000030624  -0.000030624   0.000000000
         27.075   0.000000000   0.000034600  -0.000034600   0.000000000
         27.150   0.000000000   0.000038517  -0.000038517   0.000000000
         27.225   0.000000000   0.000042374  -0.000042374   0.000000000
         27.300   0.000000000   0.000046174  -0.000046174   0.000000000
         27.375   0.000000000   0.000049917  -0.000049917   0.000000000
         27.450   0.000000000   0.000053603  -0.000053603   0.000000000
         27.525   0.000000000   0.000057234  -0.000057234   0.000000000
         27.600   0.000000000   0.000060811  -0.000060811   0.000000000
         27.675   0.000000000   0.000064334  -0.000064334   0.000000000
         27.750   0.000000000   0.000067804  -0.000067804   0.000000000
         27.825   0.000000000   0.000071222  -0.000071222   0.000000000
         27.900   0.000000000   0.000074589  -0.000074589   0.000000000
         27.975   0.000000000   0.000077906  -0.000077906   0.000000000
         28.050   0.000000000   0.000081172  -0.000081172   0.000000000
         28.125   0.000000000   0.000084390  -0.000084390   0.000000000
         28.200   0.000000000   0.000087559  -0.000087559   0.000000000
         28.275   0.000000000   0.000090681  -0.000090681   0.000000000
         28.350   0.000000000   0.000093755  -0.000093755   0.000000000
         28.425   0.000000000   0.000096784  -0.000096784   0.000000000
         28.500   0.000000000   0.000099767  -0.000099767   0.000000000
         28.575   0.000000000   0.000102706  -0.000102706   0.000000000
         28.650   0.000000000   0.000105600  -0.000105600   0.000000000
         28.725   0.000000000   0.000108451  -0.000108451   0.000000000
         28.800   0.000000000   0.000111259  -0.000111259   0.000000000
         28.875   0.000000000   0.000114025  -0.000114025   0.000000000
         28.950   0.000000000   0.000116750  -0.000116750   0.000000000
         29.025   0.000000000   0.000119434  -0.000119434   0.000000000
         29.100   0.000000000   0.000122077  -0.000122077   0.000000000
         29.175   0.000000000   0.000124681  -0.000124681   0.000000000
         29.250   0.000000000   0.000127245  -0.000127245   0.000000000
         29.325   0.000000000   0.000129772  -0.000129772   0.000000000
         29.400   0.000000000   0.000132260  -0.000132260   0.000000000
         29.475   0.000000000   0.000134711  -0.000134711   0.000000000
         29.550   0.000000000   0.000137125  -0.000137125   0.000000000
         29.625   0.000000000   0.000139503  -0.000139503   0.000000000
         29.700   0.000000000   0.000141845  -0.000141845   0.000000000
         29.775   0.000000000   0.000144152  -0.000144152   0.000000000
         29.850   0.000000000   0.000146425  -0.000146425   0.000000000
         29.925   0.000000000   0.000148663  -0.000148663   0.000000000
         30.000   0.000000000   0.000150868  -0.000150868   0.000000000
         30.075   0.000000000   0.000153040  -0.000153040   0.000000000
         30.150   0.000000000   0.000155179  -0.000155179   0.000000000
         30.225   0.000000000   0.000157286  -0.000157286   0.000000000
         30.300   0.000000000   0.000159361  -0.000159361   0.000000000
         30.375   0.000000000   0.000161406  -0.000161406   0.000000000
         30.450   0.000000000   0.000163419  -0.000163419   0.000000000
         30.525   0.000000000   0.000165403  -0.000165403   0.000000000
         30.600   0.000000000   0.000167356  -0.000167356   0.000000000
         30.675   0.000000000   0.000169281  -0.000169281   0.000000000
         30.750   0.000000000   0.000171176  -0.000171176   0.000000000
         30.825   0.000000000   0.000173043  -0.000173043   0.000000000
         30.900   0.000000000   0.000174882  -0.000174882   0.000000000
         30.975   0.000000000   0.000176694  -0.000176694   0.000000000
         31.050   0.000000000   0.000178478  -0.000178478   0.000000000
         31.125   0.000000000   0.000180235  -0.000180235   0.000000000
         31.200   0.000000000   0.000181966  -0.000181966   0.000000000
         31.275   0.000000000   0.000183671  -0.000183671   0.000000000
         31.350   0.000000000   0.000185351  -0.000185351   0.000000000
         31.425   0.000000000   0.000187005  -0.000187005   0.000000000
         31.500   0.000000000   0.000188635  -0.000188635   0.000000000
         31.575   0.000000000   0.000190240  -0.000190240   0.000000000
         31.650   0.000000000   0.000191821  -0.000191821   0.000000000
         31.725   0.000000000   0.000193378  -0.000193378   0.000000000
         31.800   0.000000000   0.000194912  -0.000194912   0.000000000
         31.875   0.000000000   0.000196423  -0.000196423   0.000000000
         31.950   0.000000000   0.000197911  -0.000197911   0.000000000
         32.025   0.000000000   0.000199377  -0.000199377   0.000000000
         32.100   0.000000000   0.000200820  -0.000200820   0.000000000
         32.175   0.000000000   0.000202243  -0.000202243   0.000000000
         32.250   0.000000000   0.000203644  -0.000203644   0.000000000
         32.325   0.000000000   0.000205023  -0.000205023   0.000000000
         32.400   0.000000000   0.000206382  -0.000206382   0.000000000
         32.475   0.000000000   0.000207721  -0.000207721   0.000000000
         32.550   0.000000000   0.000209040  -0.000209040   0.000000000
         32.625   0.000000000   0.000210339  -0.000210339   0.000000000
         32.700   0.000000000   0.000211618  -0.000211618   0.000000000
         32.775   0.000000000   0.000212878  -0.000212878   0.000000000
         32.850   0.000000000   0.000214120  -0.000214120   0.000000000
         32.925   0.000000000   0.000215342  -0.000215342   0.000000000
         33.000   0.000000000   0.000216546  -0.000216546   0.000000000
         33.075   0.000000000   0.000217733  -0.000217733   0.000000000
         33.150   0.000000000   0.000218901  -0.000218901   0.000000000
         33.225   0.000000000   0.000220052  -0.000220052   0.000000000
         33.300   0.000000000   0.000221186  -0.000221186   0.000000000
         33.375   0.000000000   0.000222302  -0.000222302   0.000000000
         33.450   0.000000000   0.000223402  -0.000223402   0.000000000
         33.525   0.000000000   0.000224485  -0.000224485   0.000000000
         33.600   0.000000000   0.000225553  -0.000225553   0.000000000
         33.675   0.000000000   0.000226604  -0.000226604   0.000000000
         33.750   0.000000000   0.000227639  -0.000227639   0.000000000
         33.825   0.000000000   0.000228659  -0.000228659   0.000000000
         33.900   0.000000000   0.000229663  -0.000229663   0.000000000
         33.975   0.000000000   0.000230653  -0.000230653   0.000000000
         34.050   0.000000000   0.000231627  -0.000231627   0.000000000
         34.125   0.000000000   0.000232587  -0.000232587   0.000000000
         34.200   0.000000000   0.000233533  -0.000233533   0.000000000
         34.275   0.000000000   0.000234464  -0.000234464   0.000000000
         34.350   0.000000000   0.000235381  -0.000235381   0.000000000
         34.425   0.000000000   0.000236285  -0.000236285   0.000000000
         34.500   0.000000000   0.000237175  -0.000237175   0.000000000
         34.575   0.000000000   0.000238052  -0.000238052   0.000000000
         34.650   0.000000000   0.000238915  -0.000238915   0.000000000
         34.725   0.000000000   0.000239766  -0.000239766   0.000000000
         34.800   0.000000000   0.000240604  -0.000240604   0.000000000
         34.875   0.000000000   0.000241429  -0.000241429   0.000000000
         34.950   0.000000000   0.000242242  -0.000242242   0.000000000
         35.025   0.000000000   0.000243042  -0.000243042   0.000000000
         35.100   0.000000000   0.000243831  -0.000243831   0.000000000
         35.175   0.000000000   0.000244608  -0.000244608   0.000000000
         35.250   0.000000000   0.000245373  -0.000245373   0.000000000
         35.325   0.000000000   0.000246127  -0.000246127   0.000000000
         35.400   0.000000000   0.000246869  -0.000246869   0.000000000
         35.475   0.000000000   0.000247600  -0.000247600   0.000000000
         35.550   0.000000000   0.000248320  -0.000248320   0.000000000
         35.625   0.000000000   0.000249030  -0.000249030   0.000000000
         35.700   0.000000000   0.000249729  -0.000249729   0.000000000
         35.775   0.000000000   0.000250417  -0.000250417   0.000000000
         35.850   0.000000000   0.000251095  -0.000251095   0.000000000
         35.925   0.000000000   0.000251763  -0.000251763   0.000000000
         36.000   0.000000000   0.000252421  -0.000252421   0.000000000
         36.075   0.000000000   0.000253069  -0.000253069   0.000000000
         36.150   0.000000000   0.000253707  -0.000253707   0.000000000
         36.225   0.000000000   0.000254335  -0.000254335   0.000000000
         36.300   0.000000000   0.000254955  -0.000254955   0.000000000
         36.375   0.000000000   0.000255564  -0.000255564   0.000000000
         36.450   0.000000000   0.000256165  -0.000256165   0.000000000
         36.525   0.000000000   0.000256757  -0.000256757   0.000000000
         36.600   0.000000000   0.000257340  -0.000257340   0.000000000
         36.675   0.000000000   0.000257914  -0.000257914   0.000000000
         36.750   0.000000000   0.000258479  -0.000258479   0.000000000
         36.825   0.000000000   0.000259036  -0.000259036   0.000000000
         36.900   0.000000000   0.000259585  -0.000259585   0.000000000
         36.975   0.000000000   0.000260126  -0.000260126   0.000000000
         37.050   0.000000000   0.000260658  -0.000260658   0.000000000
         37.125   0.000000000   0.000261182  -0.000261182   0.000000000
         37.200   0.000000000   0.000261699  -0.000261699   0.000000000
         37.275   0.000000000   0.000262207  -0.000262207   0.000000000
         37.350   0.000000000   0.000262708  -0.000262708   0.000000000
         37.425   0.000000000   0.000263202  -0.000263202   0.000000000
         37.500   0.000000000   0.000263688  -0.000263688   0.000000000
         37.575   0.000000000   0.000264167  -0.000264167   0.000000000
         37.650   0.000000000   0.000264639  -0.000264639   0.000000000
         37.725   0.000000000   0.000265103  -0.000265103   0.000000000
         37.800   0.000000000   0.000265561  -0.000265561   0.000000000
         37.875   0.000000000   0.000266012  -0.000266012   0.000000000
         37.950   0.000000000   0.000266456  -0.000266456   0.000000000
         38.025   0.000000000   0.000266893  -0.000266893   0.000000000
         38.100   0.000000000   0.000267324  -0.000267324   0.000000000
         38.175   0.000000000   0.000267748  -0.000267748   0.000000000
         38.250   0.000000000   0.000268166  -0.000268166   0.000000000
         38.325   0.000000000   0.000268578  -0.000268578   0.000000000
         38.400   0.000000000   0.000268983  -0.000268983   0.000000000
         38.475   0.000000000   0.000269383  -0.000269383   0.000000000
         38.550   0.000000000   0.000269776  -0.000269776   0.000000000
         38.625   0.000000000   0.000270163  -0.000270163   0.000000000
         38.700   0.000000000   0.000270545  -0.000270545   0.000000000
         38.775   0.000000000   0.000270921  -0.000270921   0.000000000
         38.850   0.000000000   0.000271291  -0.000271291   0.000000000
         38.925   0.000000000   0.000271656  -0.000271656   0.000000000
         39.000   0.000000000   0.000272015  -0.000272015   0.000000000
         39.075   0.000000000   0.000272369  -0.000272369   0.000000000
         39.150   0.000000000   0.000272718  -0.000272718   0.000000000
         39.225   0.000000000   0.000273061  -0.000273061   0.000000000
         39.300   0.000000000   0.000273400  -0.000273400   0.000000000
         39.375   0.000000000   0.000273733  -0.000273733   0.000000000
         39.450   0.000000000   0.000274061  -0.000274061   0.000000000
         39.525   0.000000000   0.000274384  -0.000274384   0.000000000
         39.600   0.000000000   0.000274702  -0.000274702   0.000000000
         39.675   0.000000000   0.000275016  -0.000275016   0.000000000
         39.750   0.000000000   0.000275325  -0.000275325   0.000000000
         39.825   0.000000000   0.000275629  -0.000275629   0.000000000
         39.900   0.000000000   0.000275929  -0.000275929   0.000000000
         39.975   0.000000000   0.000276224  -0.000276224   0.000000000
         40.050   0.000000000   0.000276515  -0.000276515   0.000000000
         40.125   0.000000000   0.000276801  -0.000276801   0.000000000
         40.200   0.000000000   0.000277083  -0.000277083   0.000000000
         40.275   0.000000000   0.000277361  -0.000277361   0.000000000
         40.350   0.000000000   0.000277635  -0.000277635   0.000000000
         40.425   0.000000000   0.000277904  -0.000277904   0.000000000
         40.500   0.000000000   0.000278170  -0.000278170   0.000000000
         40.575   0.000000000   0.000278431  -0.000278431   0.000000000
         40.650   0.000000000   0.000278689  -0.000278689   0.000000000
         40.725   0.000000000   0.000278943  -0.000278943   0.000000000
         40.800   0.000000000   0.000279193  -0.000279193   0.000000000
         40.875   0.000000000   0.000279439  -0.000279439   0.000000000
         40.950   0.000000000   0.000279682  -0.000279682   0.000000000
         41.025   0.000000000   0.000279920  -0.000279920   0.000000000
         41.100   0.000000000   0.000280156  -0.000280156   0.000000000
         41.175   0.000000000   0.000280387  -0.000280387   0.000000000
         41.250   0.000000000   0.000280616  -0.000280616   0.000000000
         41.325   0.000000000   0.000280841  -0.000280841   0.000000000
         41.400   0.000000000   0.000281062  -0.000281062   0.000000000
         41.475   0.000000000   0.000281280  -0.000281280   0.000000000
         41.550   0.000000000   0.000281495  -0.000281495   0.000000000
         41.625   0.000000000   0.000281707  -0.000281707   0.000000000
         41.700   0.000000000   0.000281915  -0.000281915   0.000000000
         41.775   0.000000000   0.000282121  -0.000282121   0.000000000
         41.850   0.000000000   0.000282323  -0.000282323   0.000000000
         41.925   0.000000000   0.000282522  -0.000282522   0.000000000
         42.000   0.000000000   0.000282718  -0.000282718   0.000000000
         42.075   0.000000000   0.000282912  -0.000282912   0.000000000
         42.150   0.000000000   0.000283102  -0.000283102   0.000000000
         42.225   0.000000000   0.000283290  -0.000283290   0.000000000
         42.300   0.000000000   0.000283474  -0.000283474   0.000000000
         42.375   0.000000000   0.000283656  -0.000283656   0.000000000
         42.450   0.000000000   0.000283836  -0.000283836   0.000000000
         42.525   0.000000000   0.000284012  -0.000284012   0.000000000
         42.600   0.000000000   0.000284186  -0.000284186   0.000000000
         42.675   0.000000000   0.000284357  -0.000284357   0.000000000
         42.750   0.000000000   0.000284526  -0.000284526   0.000000000
         42.825   0.000000000   0.000284692  -0.000284692   0.000000000
         42.900   0.000000000   0.000284856  -0.000284856   0.000000000
         42.975   0.000000000   0.000285017  -0.000285017   0.000000000
         43.050   0.000000000   0.000285176  -0.000285176   0.000000000
         43.125   0.000000000   0.000285332  -0.000285332   0.000000000
         43.200   0.000000000   0.000285486  -0.000285486   0.000000000
         43.275   0.000000000   0.000285638  -0.000285638   0.000000000
         43.350   0.000000000   0.000285788  -0.000285788   0.000000000
         43.425   0.000000000   0.000285935  -0.000285935   0.000000000
         43.500   0.000000000   0.000286080  -0.000286080   0.000000000
         43.575   0.000000000   0.000286223  -0.000286223   0.000000000
         43.650   0.000000000   0.000286364  -0.000286364   0.000000000
         43.725   0.000000000   0.000286502  -0.000286502   0.000000000
         43.800   0.000000000   0.000286639  -0.000286639   0.000000000
         43.875   0.000000000   0.000286773  -0.000286773   0.000000000
         43.950   0.000000000   0.000286906  -0.000286906   0.000000000
         44.025   0.000000000   0.000287036  -0.000287036   0.000000000
         44.100   0.000000000   0.000287165  -0.000287165   0.000000000
         44.175   0.000000000   0.000287291  -0.000287291   0.000000000
         44.250   0.000000000   0.000287416  -0.000287416   0.000000000
         44.325   0.000000000   0.000287539  -0.000287539   0.000000000
         44.400   0.000000000   0.000287660  -0.000287660   0.000000000
         44.475   0.000000000   0.000287779  -0.000287779   0.000000000
         44.550   0.000000000   0.000287896  -0.000287896   0.000000000
         44.625   0.000000000   0.000288012  -0.000288012   0.000000000
         44.700   0.000000000   0.000288126  -0.000288126   0.000000000
         44.775   0.000000000   0.000288238  -0.000288238   0.000000000
         44.850   0.000000000   0.000288348  -0.000288348   0.000000000
         44.925   0.000000000   0.000288457  -0.000288457   0.000000000
         45.000   0.000000000   0.000288564  -0.000288564   0.000000000
