          0.075   0.000000000  -0.056766350   0.056766350   0.000000000
          0.150   0.000000000  -0.063555491   0.063555491   0.000000000
          0.225   0.000000000  -0.062048467   0.062048467   0.000000000
          0.300  -0.000000000  -0.060232752   0.060232752   0.000000000
          0.375   0.000000000  -0.058630644   0.058630644  -0.000000000
          0.450   0.000000000  -0.057231201   0.057231201  -0.000000000
          0.525   0.000000000  -0.056002261   0.056002261   0.000000000
          0.600  -0.000000000  -0.054907705   0.054907705   0.000000000
          0.675   0.000000000  -0.053916481   0.053916481  -0.000000000
          0.750  -0.000000000  -0.053004759   0.053004759   0.000000000
          0.825   0.000000000  -0.052155063   0.052155063  -0.000000000
          0.900   0.000000000  -0.051354704   0.051354704  -0.000000000
          0.975  -0.000000000  -0.050594412   0.050594412   0.000000000
          1.050  -0.000000000  -0.049867317   0.049867317   0.000000000
          1.125  -0.000000000  -0.049168247   0.049168247   0.000000000
          1.200  -0.000000000  -0.048493243   0.048493243   0.000000000
          1.275   0.000000000  -0.047839229   0.047839229  -0.000000000
          1.350   0.000000000  -0.047203777   0.047203777  -0.000000000
          1.425  -0.000000000  -0.046584947   0.046584947   0.000000000
          1.500   0.000000000  -0.045981168   0.045981168  -0.000000000
          1.575  -0.000000000  -0.045405628   0.045405628   0.000000000
          1.650   0.000000000  -0.044843240   0.044843240   0.000000000
          1.725   0.000000000  -0.044285915   0.044285915  -0.000000000
          1.800   0.000000000  -0.043733097   0.043733097  -0.000000000
          1.875   0.000000000  -0.043185266   0.043185266   0.000000000
          1.950  -0.000000000  -0.042642933   0.042642933   0.000000000
          2.025   0.000000000  -0.042106479   0.042106479   0.000000000
          2.100   0.000000000  -0.041576155   0.041576155  -0.000000000
          2.175   0.000000000  -0.041052111   0.041052111  -0.000000000
          2.250   0.000000000  -0.040534422   0.040534422  -0.000000000
          2.325   0.000000000  -0.040023115   0.040023115  -0.000000000
          2.400   0.000000000  -0.039518179   0.039518179  -0.000000000
          2.475   0.000000000  -0.039019583   0.039019583  -0.000000000
          2.550  -0.000000000  -0.038527280   0.038527280   0.000000000
          2.625  -0.000000000  -0.038041211   0.038041211  -0.000000000
          2.700   0.000000000  -0.037561315   0.037561315  -0.000000000
          2.775   0.000000000  -0.037087521   0.037087521  -0.000000000
          2.850   0.000000000  -0.036619761   0.036619761  -0.000000000
          2.925  -0.000000000  -0.036157961   0.036157961   0.000000000
          3.000  -0.000000000  -0.035702048   0.035702048   0.000000000
          3.075  -0.000000000  -0.035251948   0.035251948   0.000000000
          3.150  -0.000000000  -0.034807590   0.034807590   0.000000000
          3.225  -0.000000000  -0.034368899   0.034368899   0.000000000
          3.300  -0.000000000  -0.033935802   0.033935802   0.000000000
          3.375  -0.000000000  -0.033508224   0.033508224   0.000000000
          3.450  -0.000000000  -0.033086095   0.033086095   0.000000000
          3.525  -0.000000000  -0.032669343   0.032669343   0.000000000
          3.600  -0.000000000  -0.032257900   0.032257900   0.000000000
          3.675  -0.000000000  -0.031851699   0.031851699   0.000000000
          3.750  -0.000000000  -0.031450671   0.031450671   0.000000000
          3.825  -0.000000000  -0.031054751   0.031054751   0.000000000
          3.900  -0.000000000  -0.030663875   0.030663875   0.000000000
          3.975  -0.000000000  -0.030277977   0.030277977   0.000000000
          4.050  -0.000000000  -0.029896995   0.029896995   0.000000000
          4.125  -0.000000000  -0.029520866   0.029520866   0.000000000
          4.200  -0.000000000  -0.029149527   0.029149527   0.000000000
          4.275  -0.000000000  -0.028782919   0.028782919   0.000000000
          4.350  -0.000000000  -0.028420981   0.028420981   0.000000000
          4.425  -0.000000000  -0.028063653   0.028063653   0.000000000
          4.500  -0.000000000  -0.027710877   0.027710877   0.000000000
          4.575  -0.000000000  -0.027362595   0.027362595   0.000000000
          4.650  -0.000000000  -0.027018749   0.027018749   0.000000000
          4.725  -0.000000000  -0.026679284   0.026679284   0.000000000
          4.800  -0.000000000  -0.026344142   0.026344142   0.000000000
          4.875  -0.000000000  -0.026013270   0.026013270   0.000000000
          4.950  -0.000000000  -0.025686612   0.025686612   0.000000000
          5.025  -0.000000000  -0.025364116   0.025364116   0.000000000
          5.100  -0.000000000  -0.025045727   0.025045727   0.000000000
          5.175  -0.000000000  -0.024731394   0.024731394   0.000000000
          5.250  -0.000000000  -0.024421066   0.024421066   0.000000000
          5.325  -0.000000000  -0.024114690   0.024114690   0.000000000
          5.400  -0.000000000  -0.023812217   0.023812217   0.000000000
          5.475  -0.000000000  -0.023513597   0.023513597   0.000000000
          5.550  -0.000000000  -0.023218781   0.023218781   0.000000000
          5.625  -0.000000000  -0.022927720   0.022927720   0.000000000
          5.700  -0.000000000  -0.022640367   0.022640367   0.000000000
          5.775  -0.000000000  -0.022356675   0.022356675   0.000000000
          5.850  -0.000000000  -0.022076596   0.022076596   0.000000000
          5.925  -0.000000000  -0.021800085   0.021800085   0.000000000
          6.000  -0.000000000  -0.021527096   0.021527096   0.000000000
          6.075  -0.000000000  -0.021257585   0.021257585   0.000000000
          6.150  -0.000000000  -0.020991507   0.020991507   0.000000000
          6.225  -0.000000000  -0.020728818   0.020728818   0.000000000
          6.300  -0.000000000  -0.020469475   0.020469475   0.000000000
          6.375  -0.000000000  -0.020213436   0.020213436   0.000000000
          6.450  -0.000000000  -0.019960658   0.019960658   0.000000000
          6.525  -0.000000000  -0.019711101   0.019711101   0.000000000
          6.600  -0.000000000  -0.019464722   0.019464722   0.000000000
          6.675  -0.000000000  -0.019221482   0.019221482   0.000000000
          6.750  -0.000000000  -0.018981340   0.018981340   0.000000000
          6.825  -0.000000000  -0.018744257   0.018744257   0.000000000
          6.900  -0.000000000  -0.018510195   0.018510195   0.000000000
          6.975  -0.000000000  -0.018279114   0.018279114   0.000000000
          7.050  -0.000000000  -0.018050976   0.018050976   0.000000000
          7.125  -0.000000000  -0.017825745   0.017825745   0.000000000
          7.200  -0.000000000  -0.017603382   0.017603382   0.000000000
          7.275  -0.000000000  -0.017383852   0.017383852   0.000000000
          7.350  -0.000000000  -0.017167119   0.017167119   0.000000000
          7.425  -0.000000000  -0.016953146   0.016953146   0.000000000
          7.500  -0.000000000  -0.016741899   0.016741899   0.000000000
          7.575  -0.000000000  -0.016533343   0.016533343   0.000000000
          7.650  -0.000000000  -0.016327444   0.016327444   0.000000000
          7.725  -0.000000000  -0.016124167   0.016124167   0.000000000
          7.800  -0.000000000  -0.015923480   0.015923480   0.000000000
          7.875  -0.000000000  -0.015725349   0.015725349   0.000000000
          7.950  -0.000000000  -0.015529742   0.015529742   0.000000000
          8.025  -0.000000000  -0.015336627   0.015336627   0.000000000
          8.100  -0.000000000  -0.015145972   0.015145972   0.000000000
          8.175  -0.000000000  -0.014957745   0.014957745   0.000000000
          8.250  -0.000000000  -0.014771916   0.014771916   0.000000000
          8.325  -0.000000000  -0.014588454   0.014588454   0.000000000
          8.400  -0.000000000  -0.014407329   0.014407329   0.000000000
          8.475  -0.000000000  -0.014228512   0.014228512   0.000000000
          8.550  -0.000000000  -0.014051972   0.014051972   0.000000000
          8.625  -0.000000000  -0.013877681   0.013877681   0.000000000
          8.700  -0.000000000  -0.013705610   0.013705610   0.000000000
          8.775  -0.000000000  -0.013535731   0.013535731   0.000000000
          8.850  -0.000000000  -0.013368016   0.013368016   0.000000000
          8.925  -0.000000000  -0.013202438   0.013202438   0.000000000
          9.000  -0.000000000  -0.013038969   0.013038969   0.000000000
          9.075  -0.000000000  -0.012877582   0.012877582   0.000000000
          9.150  -0.000000000  -0.012718250   0.012718250   0.000000000
          9.225  -0.000000000  -0.012560949   0.012560949   0.000000000
          9.300  -0.000000000  -0.012405651   0.012405651   0.000000000
          9.375  -0.000000000  -0.012252331   0.012252331   0.000000000
          9.450  -0.000000000  -0.012100965   0.012100965   0.000000000
          9.525  -0.000000000  -0.011951526   0.011951526   0.000000000
          9.600  -0.000000000  -0.011803992   0.011803992   0.000000000
          9.675  -0.000000000  -0.011658336   0.011658336   0.000000000
          9.750  -0.000000000  -0.011514536   0.011514536   0.000000000
          9.825  -0.000000000  -0.011372568   0.011372568   0.000000000
          9.900  -0.000000000  -0.011232408   0.011232408   0.000000000
          9.975  -0.000000000  -0.011094033   0.011094033   0.000000000
         10.050  -0.000000000  -0.010957421   0.010957421   0.000000000
         10.125  -0.000000000  -0.010822550   0.010822550   0.000000000
         10.200  -0.000000000  -0.010689396   0.010689396   0.000000000
         10.275  -0.000000000  -0.010557939   0.010557939   0.000000000
         10.350  -0.000000000  -0.010428156   0.010428156   0.000000000
         10.425  -0.000000000  -0.010300026   0.010300026   0.000000000
         10.500  -0.000000000  -0.010173529   0.010173529   0.000000000
         10.575  -0.000000000  -0.010048643   0.010048643   0.000000000
         10.650  -0.000000000  -0.009925347   0.009925347   0.000000000
         10.725  -0.000000000  -0.009803623   0.009803623   0.000000000
         10.800  -0.000000000  -0.009683448   0.009683448   0.000000000
         10.875  -0.000000000  -0.009564805   0.009564805   0.000000000
         10.950  -0.000000000  -0.009447673   0.009447673   0.000000000
         11.025  -0.000000000  -0.009332033   0.009332033   0.000000000
         11.100  -0.000000000  -0.009217866   0.009217866   0.000000000
         11.175  -0.000000000  -0.009105153   0.009105153   0.000000000
         11.250  -0.000000000  -0.008993877   0.008993877   0.000000000
         11.325  -0.000000000  -0.008884017   0.008884017   0.000000000
         11.400  -0.000000000  -0.008775557   0.008775557   0.000000000
         11.475  -0.000000000  -0.008668479   0.008668479   0.000000000
         11.550  -0.000000000  -0.008562765   0.008562765   0.000000000
         11.625  -0.000000000  -0.008458397   0.008458397   0.000000000
         11.700  -0.000000000  -0.008355359   0.008355359   0.000000000
         11.775  -0.000000000  -0.008253633   0.008253633   0.000000000
         11.850  -0.000000000  -0.008153203   0.008153203   0.000000000
         11.925  -0.000000000  -0.008054052   0.008054052   0.000000000
         12.000  -0.000000000  -0.007956165   0.007956165   0.000000000
         12.075  -0.000000000  -0.007859524   0.007859524   0.000000000
         12.150  -0.000000000  -0.007764114   0.007764114   0.000000000
         12.225  -0.000000000  -0.007669920   0.007669920   0.000000000
         12.300  -0.000000000  -0.007576926   0.007576926   0.000000000
         12.375  -0.000000000  -0.007485116   0.007485116   0.000000000
         12.450  -0.000000000  -0.007394475   0.007394475   0.000000000
         12.525  -0.000000000  -0.007304990   0.007304990   0.000000000
         12.600  -0.000000000  -0.007216644   0.007216644   0.000000000
         12.675  -0.000000000  -0.007129423   0.007129423   0.000000000
         12.750  -0.000000000  -0.007043314   0.007043314  -0.000000000
         12.825  -0.000000000  -0.006958302   0.006958302  -0.000000000
         12.900  -0.000000000  -0.006874372   0.006874372  -0.000000000
         12.975  -0.000000000  -0.006791511   0.006791511  -0.000000000
         13.050  -0.000000000  -0.006709706   0.006709706  -0.000000000
         13.125  -0.000000000  -0.006628944   0.006628944   0.000000000
         13.200  -0.000000000  -0.006549209   0.006549209   0.000000000
         13.275  -0.000000000  -0.006470491   0.006470491   0.000000000
         13.350  -0.000000000  -0.006392775   0.006392775   0.000000000
         13.425  -0.000000000  -0.006316050   0.006316050  -0.000000000
         13.500  -0.000000000  -0.006240301   0.006240301   0.000000000
         13.575  -0.000000000  -0.006165518   0.006165518   0.000000000
         13.650  -0.000000000  -0.006091687   0.006091687   0.000000000
         13.725  -0.000000000  -0.006018796   0.006018796   0.000000000
         13.800  -0.000000000  -0.005946834   0.005946834   0.000000000
         13.875  -0.000000000  -0.005875789   0.005875789   0.000000000
         13.950  -0.000000000  -0.005805649   0.005805649  -0.000000000
         14.025  -0.000000000  -0.005736402   0.005736402  -0.000000000
         14.100  -0.000000000  -0.005668038   0.005668038  -0.000000000
         14.175  -0.000000000  -0.005600544   0.005600544  -0.000000000
         14.250  -0.000000000  -0.005533910   0.005533910  -0.000000000
         14.325  -0.000000000  -0.005468124   0.005468124  -0.000000000
         14.400  -0.000000000  -0.005403177   0.005403177  -0.000000000
         14.475  -0.000000000  -0.005339057   0.005339057  -0.000000000
         14.550  -0.000000000  -0.005275754   0.005275754  -0.000000000
         14.625  -0.000000000  -0.005213257   0.005213257  -0.000000000
         14.700  -0.000000000  -0.005151557   0.005151557  -0.000000000
         14.775  -0.000000000  -0.005090642   0.005090642  -0.000000000
         14.850  -0.000000000  -0.005030503   0.005030503  -0.000000000
         14.925  -0.000000000  -0.004971130   0.004971130  -0.000000000
         15.000  -0.000000000  -0.004912514   0.004912514  -0.000000000
         15.075  -0.000000000  -0.004854644   0.004854644  -0.000000000
         15.150  -0.000000000  -0.004797512   0.004797512  -0.000000000
         15.225  -0.000000000  -0.004741107   0.004741107  -0.000000000
         15.300  -0.000000000  -0.004685421   0.004685421  -0.000000000
         15.375  -0.000000000  -0.004630444   0.004630444  -0.000000000
         15.450  -0.000000000  -0.004576167   0.004576167  -0.000000000
         15.525  -0.000000000  -0.004522582   0.004522582  -0.000000000
         15.600  -0.000000000  -0.004469679   0.004469679  -0.000000000
         15.675  -0.000000000  -0.004417450   0.004417450  -0.000000000
         15.750  -0.000000000  -0.004365887   0.004365887  -0.000000000
         15.825  -0.000000000  -0.004314980   0.004314980  -0.000000000
         15.900  -0.000000000  -0.004264722   0.004264722  -0.000000000
         15.975  -0.000000000  -0.004215104   0.004215104  -0.000000000
         16.050  -0.000000000  -0.004166118   0.004166118  -0.000000000
         16.125  -0.000000000  -0.004117756   0.004117756  -0.000000000
         16.200  -0.000000000  -0.004070010   0.004070010  -0.000000000
         16.275  -0.000000000  -0.004022873   0.004022873  -0.000000000
         16.350  -0.000000000  -0.003976336   0.003976336  -0.000000000
         16.425  -0.000000000  -0.003930391   0.003930391  -0.000000000
         16.500  -0.000000000  -0.003885032   0.003885032  -0.000000000
         16.575  -0.000000000  -0.003840251   0.003840251  -0.000000000
         16.650  -0.000000000  -0.003796040   0.003796040  -0.000000000
         16.725  -0.000000000  -0.003752392   0.003752392  -0.000000000
         16.800  -0.000000000  -0.003709300   0.003709300  -0.000000000
         16.875  -0.000000000  -0.003666757   0.003666757  -0.000000000
         16.950  -0.000000000  -0.003624757   0.003624757  -0.000000000
         17.025  -0.000000000  -0.003583291   0.003583291  -0.000000000
         17.100  -0.000000000  -0.003542353   0.003542353  -0.000000000
         17.175  -0.000000000  -0.003501937   0.003501937  -0.000000000
         17.250  -0.000000000  -0.003462035   0.003462035  -0.000000000
         17.325  -0.000000000  -0.003422642   0.003422642  -0.000000000
         17.400  -0.000000000  -0.003383751   0.003383751  -0.000000000
         17.475  -0.000000000  -0.003345355   0.003345355  -0.000000000
         17.550  -0.000000000  -0.003307448   0.003307448  -0.000000000
         17.625  -0.000000000  -0.003270024   0.003270024  -0.000000000
         17.700  -0.000000000  -0.003233077   0.003233077  -0.000000000
         17.775  -0.000000000  -0.003196601   0.003196601  -0.000000000
         17.850  -0.000000000  -0.003160589   0.003160589  -0.000000000
         17.925  -0.000000000  -0.003125036   0.003125036  -0.000000000
         18.000  -0.000000000  -0.003089935   0.003089935  -0.000000000
         18.075  -0.000000000  -0.003055282   0.003055282  -0.000000000
         18.150  -0.000000000  -0.003021070   0.003021070  -0.000000000
         18.225  -0.000000000  -0.002987294   0.002987294  -0.000000000
         18.300  -0.000000000  -0.002953949   0.002953949  -0.000000000
         18.375  -0.000000000  -0.002921028   0.002921028  -0.000000000
         18.450  -0.000000000  -0.002888526   0.002888526  -0.000000000
         18.525  -0.000000000  -0.002856439   0.002856439  -0.000000000
         18.600  -0.000000000  -0.002824760   0.002824760  -0.000000000
         18.675  -0.000000000  -0.002793485   0.002793485  -0.000000000
         18.750  -0.000000000  -0.002762608   0.002762608  -0.000000000
         18.825  -0.000000000  -0.002732124   0.002732124  -0.000000000
         18.900  -0.000000000  -0.002702029   0.002702029  -0.000000000
         18.975  -0.000000000  -0.002672317   0.002672317  -0.000000000
         19.050  -0.000000000  -0.002642984   0.002642984  -0.000000000
         19.125  -0.000000000  -0.002614024   0.002614024  -0.000000000
         19.200  -0.000000000  -0.002585433   0.002585433  -0.000000000
         19.275  -0.000000000  -0.002557206   0.002557206  -0.000000000
         19.350  -0.000000000  -0.002529339   0.002529339  -0.000000000
         19.425  -0.000000000  -0.002501827   0.002501827  -0.000000000
         19.500  -0.000000000  -0.002474665   0.002474665  -0.000000000
         19.575  -0.000000000  -0.002447850   0.002447850  -0.000000000
         19.650  -0.000000000  -0.002421376   0.002421376  -0.000000000
         19.725  -0.000000000  -0.002395239   0.002395239  -0.000000000
         19.800  -0.000000000  -0.002369435   0.002369435  -0.000000000
         19.875  -0.000000000  -0.002343960   0.002343960  -0.000000000
         19.950  -0.000000000  -0.002318809   0.002318809  -0.000000000
         20.025  -0.000000000  -0.002293979   0.002293979  -0.000000000
         20.100  -0.000000000  -0.002269465   0.002269465  -0.000000000
         20.175  -0.000000000  -0.002245263   0.002245263  -0.000000000
         20.250  -0.000000000  -0.002221369   0.002221369  -0.000000000
         20.325  -0.000000000  -0.002197780   0.002197780  -0.000000000
         20.400  -0.000000000  -0.002174492   0.002174492  -0.000000000
         20.475  -0.000000000  -0.002151500   0.002151500  -0.000000000
         20.550  -0.000000000  -0.002128801   0.002128801  -0.000000000
         20.625  -0.000000000  -0.002106391   0.002106391  -0.000000000
         20.700  -0.000000000  -0.002084266   0.002084266  -0.000000000
         20.775  -0.000000000  -0.002062424   0.002062424  -0.000000000
         20.850  -0.000000000  -0.002040859   0.002040859  -0.000000000
         20.925  -0.000000000  -0.002019570   0.002019570  -0.000000000
         21.000  -0.000000000  -0.001998551   0.001998551  -0.000000000
         21.075  -0.000000000  -0.001977800   0.001977800  -0.000000000
         21.150  -0.000000000  -0.001957314   0.001957314  -0.000000000
         21.225  -0.000000000  -0.001937088   0.001937088  -0.000000000
         21.300  -0.000000000  -0.001917120   0.001917120  -0.000000000
         21.375  -0.000000000  -0.001897407   0.001897407  -0.000000000
         21.450  -0.000000000  -0.001877945   0.001877945  -0.000000000
         21.525  -0.000000000  -0.001858730   0.001858730  -0.000000000
         21.600  -0.000000000  -0.001839760   0.001839760  -0.000000000
         21.675  -0.000000000  -0.001821032   0.001821032  -0.000000000
         21.750  -0.000000000  -0.001802543   0.001802543  -0.000000000
         21.825  -0.000000000  -0.001784289   0.001784289  -0.000000000
         21.900  -0.000000000  -0.001766267   0.001766267  -0.000000000
         21.975  -0.000000000  -0.001748476   0.001748476  -0.000000000
         22.050  -0.000000000  -0.001730910   0.001730910  -0.000000000
         22.125  -0.000000000  -0.001713569   0.001713569  -0.000000000
         22.200  -0.000000000  -0.001696448   0.001696448  -0.000000000
         22.275  -0.000000000  -0.001679546   0.001679546  -0.000000000
         22.350  -0.000000000  -0.001662859   0.001662859  -0.000000000
         22.425  -0.000000000  -0.001646384   0.001646384  -0.000000000
         22.500  -0.000000000  -0.001630119   0.001630119  -0.000000000
         22.575  -0.000000000  -0.001614062   0.001614062  -0.000000000
         22.650  -0.000000000  -0.001598209   0.001598209  -0.000000000
         22.725  -0.000000000  -0.001582557   0.001582557  -0.000000000
         22.800  -0.000000000  -0.001567106   0.001567106  -0.000000000
         22.875  -0.000000000  -0.001551851   0.001551851  -0.000000000
         22.950  -0.000000000  -0.001536790   0.001536790  -0.000000000
         23.025  -0.000000000  -0.001521922   0.001521922  -0.000000000
         23.100  -0.000000000  -0.001507242   0.001507242  -0.000000000
         23.175  -0.000000000  -0.001492750   0.001492750  -0.000000000
         23.250  -0.000000000  -0.001478442   0.001478442  -0.000000000
         23.325  -0.000000000  -0.001464317   0.001464317  -0.000000000
         23.400  -0.000000000  -0.001450371   0.001450371  -0.000000000
         23.475  -0.000000000  -0.001436603   0.001436603  -0.000000000
         23.550  -0.000000000  -0.001423011   0.001423011  -0.000000000
         23.625  -0.000000000  -0.001409591   0.001409591  -0.000000000
         23.700  -0.000000000  -0.001396343   0.001396343  -0.000000000
         23.775  -0.000000000  -0.001383263   0.001383263  -0.000000000
         23.850  -0.000000000  -0.001370350   0.001370350  -0.000000000
         23.925  -0.000000000  -0.001357602   0.001357602  -0.000000000
         24.000  -0.000000000  -0.001345016   0.001345016  -0.000000000
         24.075  -0.000000000  -0.001332590   0.001332590  -0.000000000
         24.150  -0.000000000  -0.001320322   0.001320322  -0.000000000
         24.225  -0.000000000  -0.001308211   0.001308211  -0.000000000
         24.300  -0.000000000  -0.001296254   0.001296254  -0.000000000
         24.375  -0.000000000  -0.001284449   0.001284449  -0.000000000
         24.450  -0.000000000  -0.001272795   0.001272795  -0.000000000
         24.525  -0.000000000  -0.001261289   0.001261289  -0.000000000
         24.600  -0.000000000  -0.001249930   0.001249930  -0.000000000
         24.675  -0.000000000  -0.001238715   0.001238715  -0.000000000
         24.750  -0.000000000  -0.001227643   0.001227643  -0.000000000
         24.825  -0.000000000  -0.001216713   0.001216713  -0.000000000
         24.900  -0.000000000  -0.001205921   0.001205921  -0.000000000
         24.975  -0.000000000  -0.001195267   0.001195267  -0.000000000
         25.050  -0.000000000  -0.001184749   0.001184749  -0.000000000
         25.125  -0.000000000  -0.001174364   0.001174364  -0.000000000
         25.200  -0.000000000  -0.001164112   0.001164112  -0.000000000
         25.275  -0.000000000  -0.001153991   0.001153991  -0.000000000
         25.350  -0.000000000  -0.001143998   0.001143998  -0.000000000
         25.425  -0.000000000  -0.001134133   0.001134133  -0.000000000
         25.500  -0.000000000  -0.001124394   0.001124394  -0.000000000
         25.575  -0.000000000  -0.001114778   0.001114778  -0.000000000
         25.650  -0.000000000  -0.001105285   0.001105285  -0.000000000
         25.725  -0.000000000  -0.001095913   0.001095913  -0.000000000
         25.800  -0.000000000  -0.001086660   0.001086660  -0.000000000
         25.875  -0.000000000  -0.001077526   0.001077526  -0.000000000
         25.950  -0.000000000  -0.001068507   0.001068507  -0.000000000
         26.025  -0.000000000  -0.001059603   0.001059603  -0.000000000
         26.100  -0.000000000  -0.001050813   0.001050813  -0.000000000
         26.175  -0.000000000  -0.001042135   0.001042135  -0.000000000
         26.250  -0.000000000  -0.001033567   0.001033567  -0.000000000
         26.325  -0.000000000  -0.001025109   0.001025109  -0.000000000
         26.400  -0.000000000  -0.001016758   0.001016758  -0.000000000
         26.475  -0.000000000  -0.001008514   0.001008514  -0.000000000
         26.550  -0.000000000  -0.001000374   0.001000374  -0.000000000
         26.625  -0.000000000  -0.000992339   0.000992339  -0.000000000
         26.700  -0.000000000  -0.000984405   0.000984405  -0.000000000
         26.775  -0.000000000  -0.000976573   0.000976573  -0.000000000
         26.850  -0.000000000  -0.000968841   0.000968841  -0.000000000
         26.925  -0.000000000  -0.000961207   0.000961207  -0.000000000
         27.000  -0.000000000  -0.000953670   0.000953670  -0.000000000
         27.075  -0.000000000  -0.000946229   0.000946229  -0.000000000
         27.150  -0.000000000  -0.000938883   0.000938883  -0.000000000
         27.225  -0.000000000  -0.000931631   0.000931631  -0.000000000
         27.300  -0.000000000  -0.000924471   0.000924471  -0.000000000
         27.375  -0.000000000  -0.000917402   0.000917402  -0.000000000
         27.450  -0.000000000  -0.000910423   0.000910423  -0.000000000
         27.525  -0.000000000  -0.000903533   0.000903533  -0.000000000
         27.600  -0.000000000  -0.000896731   0.000896731  -0.000000000
         27.675  -0.000000000  -0.000890016   0.000890016  -0.000000000
         27.750  -0.000000000  -0.000883386   0.000883386  -0.000000000
         27.825  -0.000000000  -0.000876840   0.000876840  -0.000000000
         27.900  -0.000000000  -0.000870378   0.000870378  -0.000000000
         27.975  -0.000000000  -0.000863998   0.000863998  -0.000000000
         28.050  -0.000000000  -0.000857700   0.000857700  -0.000000000
         28.125  -0.000000000  -0.000851482   0.000851482  -0.000000000
         28.200  -0.000000000  -0.000845343   0.000845343  -0.000000000
         28.275  -0.000000000  -0.000839282   0.000839282  -0.000000000
         28.350  -0.000000000  -0.000833298   0.000833298  -0.000000000
         28.425  -0.000000000  -0.000827391   0.000827391  -0.000000000
         28.500  -0.000000000  -0.000821558   0.000821558  -0.000000000
         28.575  -0.000000000  -0.000815801   0.000815801  -0.000000000
         28.650  -0.000000000  -0.000810116   0.000810116  -0.000000000
         28.725  -0.000000000  -0.000804504   0.000804504  -0.000000000
         28.800  -0.000000000  -0.000798963   0.000798963  -0.000000000
         28.875  -0.000000000  -0.000793493   0.000793493  -0.000000000
         28.950  -0.000000000  -0.000788093   0.000788093  -0.000000000
         29.025  -0.000000000  -0.000782761   0.000782761  -0.000000000
         29.100  -0.000000000  -0.000777498   0.000777498  -0.000000000
         29.175  -0.000000000  -0.000772301   0.000772301  -0.000000000
         29.250  -0.000000000  -0.000767170   0.000767170  -0.000000000
         29.325  -0.000000000  -0.000762105   0.000762105  -0.000000000
         29.400  -0.000000000  -0.000757105   0.000757105  -0.000000000
         29.475  -0.000000000  -0.000752168   0.000752168  -0.000000000
         29.550  -0.000000000  -0.000747294   0.000747294  -0.000000000
         29.625  -0.000000000  -0.000742482   0.000742482  -0.000000000
         29.700  -0.000000000  -0.000737732   0.000737732  -0.000000000
         29.775  -0.000000000  -0.000733041   0.000733041  -0.000000000
         29.850  -0.000000000  -0.000728411   0.000728411  -0.000000000
         29.925  -0.000000000  -0.000723840   0.000723840  -0.000000000
         30.000  -0.000000000  -0.000719327   0.000719327  -0.000000000
         30.075  -0.000000000  -0.000714871   0.000714871  -0.000000000
         30.150  -0.000000000  -0.000710472   0.000710472  -0.000000000
         30.225  -0.000000000  -0.000706129   0.000706129  -0.000000000
         30.300  -0.000000000  -0.000701842   0.000701842  -0.000000000
         30.375  -0.000000000  -0.000697609   0.000697609  -0.000000000
         30.450  -0.000000000  -0.000693430   0.000693430  -0.000000000
         30.525  -0.000000000  -0.000689304   0.000689304  -0.000000000
         30.600  -0.000000000  -0.000685231   0.000685231  -0.000000000
         30.675  -0.000000000  -0.000681210   0.000681210  -0.000000000
         30.750  -0.000000000  -0.000677240   0.000677240  -0.000000000
         30.825  -0.000000000  -0.000673320   0.000673320  -0.000000000
         30.900  -0.000000000  -0.000669451   0.000669451  -0.000000000
         30.975  -0.000000000  -0.000665630   0.000665630  -0.000000000
         31.050  -0.000000000  -0.000661859   0.000661859  -0.000000000
         31.125  -0.000000000  -0.000658135   0.000658135  -0.000000000
         31.200  -0.000000000  -0.000654459   0.000654459  -0.000000000
         31.275  -0.000000000  -0.000650830   0.000650830  -0.000000000
         31.350  -0.000000000  -0.000647247   0.000647247  -0.000000000
         31.425  -0.000000000  -0.000643709   0.000643709  -0.000000000
         31.500  -0.000000000  -0.000640217   0.000640217  -0.000000000
         31.575  -0.000000000  -0.000636769   0.000636769  -0.000000000
         31.650  -0.000000000  -0.000633365   0.000633365  -0.000000000
         31.725  -0.000000000  -0.000630004   0.000630004  -0.000000000
         31.800  -0.000000000  -0.000626686   0.000626686  -0.000000000
         31.875  -0.000000000  -0.000623411   0.000623411  -0.000000000
         31.950  -0.000000000  -0.000620177   0.000620177  -0.000000000
         32.025  -0.000000000  -0.000616984   0.000616984  -0.000000000
         32.100  -0.000000000  -0.000613832   0.000613832  -0.000000000
         32.175  -0.000000000  -0.000610721   0.000610721  -0.000000000
         32.250  -0.000000000  -0.000607648   0.000607648  -0.000000000
         32.325  -0.000000000  -0.000604615   0.000604615  -0.000000000
         32.400  -0.000000000  -0.000601621   0.000601621  -0.000000000
         32.475  -0.000000000  -0.000598665   0.000598665  -0.000000000
         32.550  -0.000000000  -0.000595746   0.000595746  -0.000000000
         32.625  -0.000000000  -0.000592865   0.000592865  -0.000000000
         32.700  -0.000000000  -0.000590020   0.000590020  -0.000000000
         32.775  -0.000000000  -0.000587212   0.000587212  -0.000000000
         32.850  -0.000000000  -0.000584439   0.000584439  -0.000000000
         32.925  -0.000000000  -0.000581701   0.000581701  -0.000000000
         33.000  -0.000000000  -0.000578999   0.000578999  -0.000000000
         33.075  -0.000000000  -0.000576331   0.000576331  -0.000000000
         33.150  -0.000000000  -0.000573697   0.000573697  -0.000000000
         33.225  -0.000000000  -0.000571096   0.000571096  -0.000000000
         33.300  -0.000000000  -0.000568529   0.000568529  -0.000000000
         33.375  -0.000000000  -0.000565994   0.000565994  -0.000000000
         33.450  -0.000000000  -0.000563492   0.000563492  -0.000000000
         33.525  -0.000000000  -0.000561021   0.000561021  -0.000000000
         33.600  -0.000000000  -0.000558582   0.000558582  -0.000000000
         33.675  -0.000000000  -0.000556174   0.000556174  -0.000000000
         33.750  -0.000000000  -0.000553797   0.000553797  -0.000000000
         33.825  -0.000000000  -0.000551450   0.000551450  -0.000000000
         33.900  -0.000000000  -0.000549132   0.000549132  -0.000000000
         33.975  -0.000000000  -0.000546845   0.000546845  -0.000000000
         34.050  -0.000000000  -0.000544586   0.000544586  -0.000000000
         34.125  -0.000000000  -0.000542357   0.000542357  -0.000000000
         34.200  -0.000000000  -0.000540155   0.000540155  -0.000000000
         34.275  -0.000000000  -0.000537982   0.000537982  -0.000000000
         34.350  -0.000000000  -0.000535836   0.000535836  -0.000000000
         34.425  -0.000000000  -0.000533718   0.000533718  -0.000000000
         34.500  -0.000000000  -0.000531627   0.000531627  -0.000000000
         34.575  -0.000000000  -0.000529562   0.000529562  -0.000000000
         34.650  -0.000000000  -0.000527524   0.000527524  -0.000000000
         34.725  -0.000000000  -0.000525511   0.000525511  -0.000000000
         34.800  -0.000000000  -0.000523525   0.000523525  -0.000000000
         34.875  -0.000000000  -0.000521563   0.000521563  -0.000000000
         34.950  -0.000000000  -0.000519627   0.000519627  -0.000000000
         35.025  -0.000000000  -0.000517715   0.000517715  -0.000000000
         35.100  -0.000000000  -0.000515828   0.000515828  -0.000000000
         35.175  -0.000000000  -0.000513964   0.000513964  -0.000000000
         35.250  -0.000000000  -0.000512125   0.000512125  -0.000000000
         35.325  -0.000000000  -0.000510308   0.000510308  -0.000000000
         35.400  -0.000000000  -0.000508515   0.000508515  -0.000000000
         35.475  -0.000000000  -0.000506745   0.000506745  -0.000000000
         35.550  -0.000000000  -0.000504997   0.000504997  -0.000000000
         35.625  -0.000000000  -0.000503272   0.000503272  -0.000000000
         35.700  -0.000000000  -0.000501568   0.000501568  -0.000000000
         35.775  -0.000000000  -0.000499887   0.000499887  -0.000000000
         35.850  -0.000000000  -0.000498226   0.000498226  -0.000000000
         35.925  -0.000000000  -0.000496587   0.000496587  -0.000000000
         36.000  -0.000000000  -0.000494969   0.000494969  -0.000000000
         36.075  -0.000000000  -0.000493371   0.000493371  -0.000000000
         36.150  -0.000000000  -0.000491794   0.000491794  -0.000000000
         36.225  -0.000000000  -0.000490237   0.000490237  -0.000000000
         36.300  -0.000000000  -0.000488699   0.000488699  -0.000000000
         36.375  -0.000000000  -0.000487181   0.000487181  -0.000000000
         36.450  -0.000000000  -0.000485683   0.000485683  -0.000000000
         36.525  -0.000000000  -0.000484203   0.000484203  -0.000000000
         36.600  -0.000000000  -0.000482743   0.000482743  -0.000000000
         36.675  -0.000000000  -0.000481301   0.000481301  -0.000000000
         36.750  -0.000000000  -0.000479877   0.000479877  -0.000000000
         36.825  -0.000000000  -0.000478472   0.000478472  -0.000000000
         36.900  -0.000000000  -0.000477084   0.000477084  -0.000000000
         36.975  -0.000000000  -0.000475715   0.000475715  -0.000000000
         37.050  -0.000000000  -0.000474362   0.000474362  -0.000000000
         37.125  -0.000000000  -0.000473027   0.000473027  -0.000000000
         37.200  -0.000000000  -0.000471709   0.000471709  -0.000000000
         37.275  -0.000000000  -0.000470407   0.000470407  -0.000000000
         37.350  -0.000000000  -0.000469123   0.000469123  -0.000000000
         37.425  -0.000000000  -0.000467854   0.000467854  -0.000000000
         37.500  -0.000000000  -0.000466602   0.000466602  -0.000000000
         37.575  -0.000000000  -0.000465365   0.000465365  -0.000000000
         37.650  -0.000000000  -0.000464145   0.000464145  -0.000000000
         37.725  -0.000000000  -0.000462940   0.000462940  -0.000000000
         37.800  -0.000000000  -0.000461750   0.000461750  -0.000000000
         37.875  -0.000000000  -0.000460576   0.000460576  -0.000000000
         37.950  -0.000000000  -0.000459416   0.000459416  -0.000000000
         38.025  -0.000000000  -0.000458271   0.000458271  -0.000000000
         38.100  -0.000000000  -0.000457141   0.000457141  -0.000000000
         38.175  -0.000000000  -0.000456025   0.000456025  -0.000000000
         38.250  -0.000000000  -0.000454924   0.000454924  -0.000000000
         38.325  -0.000000000  -0.000453836   0.000453836  -0.000000000
         38.400  -0.000000000  -0.000452762   0.000452762  -0.000000000
         38.475  -0.000000000  -0.000451702   0.000451702  -0.000000000
         38.550  -0.000000000  -0.000450656   0.000450656  -0.000000000
         38.625  -0.000000000  -0.000449622   0.000449622  -0.000000000
         38.700  -0.000000000  -0.000448602   0.000448602  -0.000000000
         38.775  -0.000000000  -0.000447595   0.000447595  -0.000000000
         38.850  -0.000000000  -0.000446601   0.000446601  -0.000000000
         38.925  -0.000000000  -0.000445620   0.000445620  -0.000000000
         39.000  -0.000000000  -0.000444650   0.000444650  -0.000000000
         39.075  -0.000000000  -0.000443694   0.000443694  -0.000000000
         39.150  -0.000000000  -0.000442749   0.000442749  -0.000000000
         39.225  -0.000000000  -0.000441817   0.000441817  -0.000000000
         39.300  -0.000000000  -0.000440896   0.000440896  -0.000000000
         39.375  -0.000000000  -0.000439987   0.000439987  -0.000000000
         39.450  -0.000000000  -0.000439090   0.000439090  -0.000000000
         39.525  -0.000000000  -0.000438204   0.000438204  -0.000000000
         39.600  -0.000000000  -0.000437329   0.000437329  -0.000000000
         39.675  -0.000000000  -0.000436466   0.000436466  -0.000000000
         39.750  -0.000000000  -0.000435614   0.000435614  -0.000000000
         39.825  -0.000000000  -0.000434772   0.000434772  -0.000000000
         39.900  -0.000000000  -0.000433941   0.000433941  -0.000000000
         39.975  -0.000000000  -0.000433121   0.000433121  -0.000000000
         40.050  -0.000000000  -0.000432311   0.000432311  -0.000000000
         40.125  -0.000000000  -0.000431511   0.000431511  -0.000000000
         40.200  -0.000000000  -0.000430722   0.000430722  -0.000000000
         40.275  -0.000000000  -0.000429943   0.000429943  -0.000000000
         40.350  -0.000000000  -0.000429173   0.000429173  -0.000000000
         40.425  -0.000000000  -0.000428414   0.000428414  -0.000000000
         40.500  -0.000000000  -0.000427664   0.000427664  -0.000000000
         40.575  -0.000000000  -0.000426924   0.000426924  -0.000000000
         40.650  -0.000000000  -0.000426193   0.000426193  -0.000000000
         40.725  -0.000000000  -0.000425471   0.000425471  -0.000000000
         40.800  -0.000000000  -0.000424759   0.000424759  -0.000000000
         40.875  -0.000000000  -0.000424055   0.000424055  -0.000000000
         40.950  -0.000000000  -0.000423361   0.000423361  -0.000000000
         41.025  -0.000000000  -0.000422675   0.000422675  -0.000000000
         41.100  -0.000000000  -0.000421999   0.000421999  -0.000000000
         41.175  -0.000000000  -0.000421330   0.000421330  -0.000000000
         41.250  -0.000000000  -0.000420671   0.000420671  -0.000000000
         41.325  -0.000000000  -0.000420020   0.000420020  -0.000000000
         41.400  -0.000000000  -0.000419377   0.000419377  -0.000000000
         41.475  -0.000000000  -0.000418742   0.000418742  -0.000000000
         41.550  -0.000000000  -0.000418115   0.000418115  -0.000000000
         41.625  -0.000000000  -0.000417496   0.000417496  -0.000000000
         41.700  -0.000000000  -0.000416886   0.000416886  -0.000000000
         41.775  -0.000000000  -0.000416283   0.000416283  -0.000000000
         41.850  -0.000000000  -0.000415687   0.000415687  -0.000000000
         41.925  -0.000000000  -0.000415099   0.000415099  -0.000000000
         42.000  -0.000000000  -0.000414519   0.000414519  -0.000000000
         42.075  -0.000000000  -0.000413946   0.000413946  -0.000000000
         42.150  -0.000000000  -0.000413381   0.000413381  -0.000000000
         42.225  -0.000000000  -0.000412822   0.000412822  -0.000000000
         42.300  -0.000000000  -0.000412271   0.000412271  -0.000000000
         42.375  -0.000000000  -0.000411727   0.000411727  -0.000000000
         42.450  -0.000000000  -0.000411189   0.000411189  -0.000000000
         42.525  -0.000000000  -0.000410659   0.000410659  -0.000000000
         42.600  -0.000000000  -0.000410135   0.000410135  -0.000000000
         42.675  -0.000000000  -0.000409618   0.000409618  -0.000000000
         42.750  -0.000000000  -0.000409108   0.000409108  -0.000000000
         42.825  -0.000000000  -0.000408604   0.000408604  -0.000000000
         42.900  -0.000000000  -0.000408106   0.000408106  -0.000000000
         42.975  -0.000000000  -0.000407615   0.000407615  -0.000000000
         43.050  -0.000000000  -0.000407130   0.000407130  -0.000000000
         43.125  -0.000000000  -0.000406651   0.000406651  -0.000000000
         43.200  -0.000000000  -0.000406179   0.000406179  -0.000000000
         43.275  -0.000000000  -0.000405712   0.000405712  -0.000000000
         43.350  -0.000000000  -0.000405251   0.000405251  -0.000000000
         43.425  -0.000000000  -0.000404796   0.000404796  -0.000000000
         43.500  -0.000000000  -0.000404347   0.000404347  -0.000000000
         43.575  -0.000000000  -0.000403904   0.000403904  -0.000000000
         43.650  -0.000000000  -0.000403466   0.000403466  -0.000000000
         43.725  -0.000000000  -0.000403034   0.000403034  -0.000000000
         43.800  -0.000000000  -0.000402608   0.000402608  -0.000000000
         43.875  -0.000000000  -0.000402187   0.000402187  -0.000000000
         43.950  -0.000000000  -0.000401771   0.000401771  -0.000000000
         44.025  -0.000000000  -0.000401360   0.000401360  -0.000000000
         44.100  -0.000000000  -0.000400955   0.000400955  -0.000000000
         44.175  -0.000000000  -0.000400555   0.000400555  -0.000000000
         44.250  -0.000000000  -0.000400160   0.000400160  -0.000000000
         44.325  -0.000000000  -0.000399770   0.000399770  -0.000000000
         44.400  -0.000000000  -0.000399385   0.000399385  -0.000000000
         44.475  -0.000000000  -0.000399005   0.000399005  -0.000000000
         44.550  -0.000000000  -0.000398629   0.000398629  -0.000000000
         44.625  -0.000000000  -0.000398259   0.000398259  -0.000000000
         44.700  -0.000000000  -0.000397893   0.000397893  -0.000000000
         44.775  -0.000000000  -0.000397532   0.000397532  -0.000000000
         44.850  -0.000000000  -0.000397176   0.000397176  -0.000000000
         44.925  -0.000000000  -0.000396824   0.000396824  -0.000000000
         45.000  -0.000000000  -0.000396476   0.000396476  -0.000000000
