          0.200   0.000000000  -0.183137504   0.183137504   0.000000000
          0.400   0.000000000  -0.299835557   0.299835557   0.000000000
          0.600  -0.000000000  -0.335812466   0.335812466   0.000000000
          0.800   0.000000000  -0.293929949   0.293929949  -0.000000000
          1.000  -0.000000000  -0.194836400   0.194836400  -0.000000000
          1.200   0.000000000  -0.071535605   0.071535605   0.000000000
          1.400  -0.000000000   0.039996014  -0.039996014  -0.000000000
          1.600   0.000000000   0.110620454  -0.110620454   0.000000000
          1.800  -0.000000000   0.125323586  -0.125323586  -0.000000000
          2.000  -0.000000000   0.086068932  -0.086068932   0.000000000
          2.200   0.000000000   0.009726006  -0.009726006   0.000000000
          2.400   0.000000000  -0.077892937   0.077892937   0.000000000
          2.600   0.000000000  -0.150057599   0.150057599   0.000000000
          2.800   0.000000000  -0.186825002   0.186825002   0.000000000
          3.000   0.000000000  -0.180103870   0.180103870   0.000000000
          3.200   0.000000000  -0.134903303   0.134903303   0.000000000
          3.400   0.000000000  -0.066754782   0.066754782   0.000000000
          3.600   0.000000000   0.003623686  -0.003623686   0.000000000
          3.800   0.000000000   0.056664955  -0.056664955   0.000000000
          4.000   0.000000000   0.079405981  -0.079405981   0.000000000
          4.200   0.000000000   0.068587801  -0.068587801   0.000000000
          4.400   0.000000000   0.030729670  -0.030729670   0.000000000
          4.600   0.000000000  -0.020577906   0.020577906   0.000000000
          4.800   0.000000000  -0.069148974   0.069148974   0.000000000
          5.000   0.000000000  -0.101021397   0.101021397   0.000000000
          5.200   0.000000000  -0.108221879   0.108221879   0.000000000
          5.400   0.000000000  -0.090500999   0.090500999   0.000000000
          5.600   0.000000000  -0.054724219   0.054724219   0.000000000
          5.800   0.000000000  -0.012297590   0.012297590   0.000000000
          6.000   0.000000000   0.024468778  -0.024468778   0.000000000
          6.200   0.000000000   0.045934272  -0.045934272   0.000000000
          6.400   0.000000000   0.047629892  -0.047629892   0.000000000
          6.600   0.000000000   0.031073054  -0.031073054   0.000000000
          6.800   0.000000000   0.002812088  -0.002812088   0.000000000
          7.000   0.000000000  -0.027872932   0.027872932   0.000000000
          7.200   0.000000000  -0.051842597   0.051842597   0.000000000
          7.400   0.000000000  -0.062678395   0.062678395   0.000000000
          7.600   0.000000000  -0.058264273   0.058264273   0.000000000
          7.800   0.000000000  -0.041008479   0.041008479   0.000000000
          8.000   0.000000000  -0.016762150   0.016762150   0.000000000
          8.200   0.000000000   0.007143996  -0.007143996   0.000000000
          8.400   0.000000000   0.024110323  -0.024110323   0.000000000
          8.600   0.000000000   0.030077282  -0.030077282   0.000000000
          8.800   0.000000000   0.024454710  -0.024454710   0.000000000
          9.000   0.000000000   0.009985028  -0.009985028   0.000000000
          9.200   0.000000000  -0.008327222   0.008327222   0.000000000
          9.400   0.000000000  -0.024833713   0.024833713   0.000000000
          9.600   0.000000000  -0.034901227   0.034901227   0.000000000
          9.800   0.000000000  -0.036136812   0.036136812   0.000000000
         10.000   0.000000000  -0.028869655   0.028869655   0.000000000
         10.200   0.000000000  -0.015818228   0.015818228   0.000000000
         10.400   0.000000000  -0.001108721   0.001108721   0.000000000
         10.600   0.000000000   0.011019734  -0.011019734   0.000000000
         10.800   0.000000000   0.017428143  -0.017428143   0.000000000
         11.000   0.000000000   0.016871982  -0.016871982   0.000000000
         11.200   0.000000000   0.010188180  -0.010188180   0.000000000
         11.400   0.000000000  -0.000124964   0.000124964   0.000000000
         11.600   0.000000000  -0.010762395   0.010762395   0.000000000
         11.800   0.000000000  -0.018620784   0.018620784   0.000000000
         12.000   0.000000000  -0.021661199   0.021661199   0.000000000
         12.200   0.000000000  -0.019393981   0.019393981   0.000000000
         12.400   0.000000000  -0.012881421   0.012881421   0.000000000
         12.600   0.000000000  -0.004299852   0.004299852   0.000000000
         12.800   0.000000000   0.003775916  -0.003775916   0.000000000
         13.000   0.000000000   0.009138357  -0.009138357   0.000000000
         13.200   0.000000000   0.010541502  -0.010541502   0.000000000
         13.400   0.000000000   0.007970155  -0.007970155   0.000000000
         13.600   0.000000000   0.002536223  -0.002536223   0.000000000
         13.800   0.000000000  -0.003935688   0.003935688   0.000000000
         14.000   0.000000000  -0.009488500   0.009488500   0.000000000
         14.200   0.000000000  -0.012599535   0.012599535   0.000000000
         14.400   0.000000000  -0.012574322   0.012574322   0.000000000
         14.600   0.000000000  -0.009670821   0.009670821   0.000000000
         14.800   0.000000000  -0.004942477   0.004942477   0.000000000
         15.000   0.000000000   0.000130656  -0.000130656   0.000000000
         15.200   0.000000000   0.004099438  -0.004099438   0.000000000
         15.400   0.000000000   0.005954199  -0.005954199   0.000000000
         15.600   0.000000000   0.005372703  -0.005372703   0.000000000
         15.800   0.000000000   0.002751267  -0.002751267   0.000000000
         16.000   0.000000000  -0.000970755   0.000970755   0.000000000
         16.200   0.000000000  -0.004625158   0.004625158   0.000000000
         16.400   0.000000000  -0.007166423   0.007166423   0.000000000
         16.600   0.000000000  -0.007957557   0.007957557   0.000000000
         16.800   0.000000000  -0.006914913   0.006914913   0.000000000
         17.000   0.000000000  -0.004483275   0.004483275   0.000000000
         17.200   0.000000000  -0.001463186   0.001463186   0.000000000
         17.400   0.000000000   0.001247493  -0.001247493   0.000000000
         17.600   0.000000000   0.002916950  -0.002916950   0.000000000
         17.800   0.000000000   0.003172519  -0.003172519   0.000000000
         18.000   0.000000000   0.002074920  -0.002074920   0.000000000
         18.200   0.000000000   0.000062987  -0.000062987   0.000000000
         18.400   0.000000000  -0.002204035   0.002204035   0.000000000
         18.600   0.000000000  -0.004052884   0.004052884   0.000000000
         18.800   0.000000000  -0.004988534   0.004988534   0.000000000
         19.000   0.000000000  -0.004818970   0.004818970   0.000000000
         19.200   0.000000000  -0.003683046   0.003683046   0.000000000
         19.400   0.000000000  -0.001981987   0.001981987   0.000000000
         19.600   0.000000000  -0.000242481   0.000242481   0.000000000
         19.800   0.000000000   0.001043816  -0.001043816   0.000000000
         20.000   0.000000000   0.001556730  -0.001556730   0.000000000
         20.200   0.000000000   0.001223374  -0.001223374   0.000000000
         20.400   0.000000000   0.000217128  -0.000217128   0.000000000
         20.600   0.000000000  -0.001113180   0.001113180   0.000000000
         20.800   0.000000000  -0.002357646   0.002357646   0.000000000
         21.000   0.000000000  -0.003166959   0.003166959   0.000000000
         21.200   0.000000000  -0.003346180   0.003346180   0.000000000
         21.400   0.000000000  -0.002896487   0.002896487   0.000000000
         21.600   0.000000000  -0.001997603   0.001997603   0.000000000
         21.800   0.000000000  -0.000941103   0.000941103   0.000000000
         22.000   0.000000000  -0.000037844   0.000037844   0.000000000
         22.200   0.000000000   0.000471948  -0.000471948   0.000000000
         22.400   0.000000000   0.000480643  -0.000480643   0.000000000
         22.600   0.000000000   0.000032116  -0.000032116   0.000000000
         22.800   0.000000000  -0.000704009   0.000704009   0.000000000
         23.000   0.000000000  -0.001491524   0.001491524   0.000000000
         23.200   0.000000000  -0.002100507   0.002100507   0.000000000
         23.400   0.000000000  -0.002372001   0.002372001   0.000000000
         23.600   0.000000000  -0.002256884   0.002256884   0.000000000
         23.800   0.000000000  -0.001820149   0.001820149   0.000000000
         24.000   0.000000000  -0.001212434   0.001212434   0.000000000
         24.200   0.000000000  -0.000619751   0.000619751   0.000000000
         24.400   0.000000000  -0.000207590   0.000207590   0.000000000
         24.600   0.000000000  -0.000075760   0.000075760   0.000000000
         24.800   0.000000000  -0.000235829   0.000235829   0.000000000
         25.000   0.000000000  -0.000615592   0.000615592   0.000000000
         25.200   0.000000000  -0.001086914   0.001086914   0.000000000
         25.400   0.000000000  -0.001506995   0.001506995   0.000000000
         25.600   0.000000000  -0.001760177   0.001760177   0.000000000
         25.800   0.000000000  -0.001788375   0.001788375   0.000000000
         26.000   0.000000000  -0.001602498   0.001602498   0.000000000
         26.200   0.000000000  -0.001273291   0.001273291   0.000000000
         26.400   0.000000000  -0.000906001   0.000906001   0.000000000
         26.600   0.000000000  -0.000607481   0.000607481   0.000000000
         26.800   0.000000000  -0.000455722   0.000455722   0.000000000
         27.000   0.000000000  -0.000480263   0.000480263   0.000000000
         27.200   0.000000000  -0.000658056   0.000658056   0.000000000
         27.400   0.000000000  -0.000924627   0.000924627   0.000000000
         27.600   0.000000000  -0.001196005   0.001196005   0.000000000
         27.800   0.000000000  -0.001394262   0.001394262   0.000000000
         28.000   0.000000000  -0.001469094   0.001469094   0.000000000
         28.200   0.000000000  -0.001409663   0.001409663   0.000000000
         28.400   0.000000000  -0.001244206   0.001244206   0.000000000
         28.600   0.000000000  -0.001028592   0.001028592   0.000000000
         28.800   0.000000000  -0.000828034   0.000828034   0.000000000
         29.000   0.000000000  -0.000697769   0.000697769   0.000000000
         29.200   0.000000000  -0.000668254   0.000668254   0.000000000
         29.400   0.000000000  -0.000738702   0.000738702   0.000000000
         29.600   0.000000000  -0.000880048   0.000880048   0.000000000
         29.800   0.000000000  -0.001045681   0.001045681   0.000000000
         30.000   0.000000000  -0.001186205   0.001186205   0.000000000
         30.200   0.000000000  -0.001263706   0.001263706   0.000000000
         30.400   0.000000000  -0.001261495   0.001261495   0.000000000
         30.600   0.000000000  -0.001186984   0.001186984   0.000000000
         30.800   0.000000000  -0.001067459   0.001067459   0.000000000
         31.000   0.000000000  -0.000940595   0.000940595   0.000000000
         31.200   0.000000000  -0.000842852   0.000842852   0.000000000
         31.400   0.000000000  -0.000799234   0.000799234   0.000000000
         31.600   0.000000000  -0.000817201   0.000817201   0.000000000
         31.800   0.000000000  -0.000886091   0.000886091   0.000000000
         32.000   0.000000000  -0.000981738   0.000981738   0.000000000
         32.200   0.000000000  -0.001074516   0.001074516   0.000000000
         32.400   0.000000000  -0.001138221   0.001138221   0.000000000
         32.600   0.000000000  -0.001157209   0.001157209   0.000000000
         32.800   0.000000000  -0.001129906   0.001129906   0.000000000
         33.000   0.000000000  -0.001068017   0.001068017   0.000000000
         33.200   0.000000000  -0.000992041   0.000992041   0.000000000
         33.400   0.000000000  -0.000924676   0.000924676   0.000000000
         33.600   0.000000000  -0.000884193   0.000884193   0.000000000
         33.800   0.000000000  -0.000879631   0.000879631   0.000000000
         34.000   0.000000000  -0.000909050   0.000909050   0.000000000
         34.200   0.000000000  -0.000961041   0.000961041   0.000000000
         34.400   0.000000000  -0.001018798   0.001018798   0.000000000
         34.600   0.000000000  -0.001065358   0.001065358   0.000000000
         34.800   0.000000000  -0.001088429   0.001088429   0.000000000
         35.000   0.000000000  -0.001083469   0.001083469   0.000000000
         35.200   0.000000000  -0.001054291   0.001054291   0.000000000
         35.400   0.000000000  -0.001011249   0.001011249   0.000000000
         35.600   0.000000000  -0.000967723   0.000967723   0.000000000
         35.800   0.000000000  -0.000936060   0.000936060   0.000000000
         36.000   0.000000000  -0.000924158   0.000924158   0.000000000
         36.200   0.000000000  -0.000933616   0.000933616   0.000000000
         36.400   0.000000000  -0.000959835   0.000959835   0.000000000
         36.600   0.000000000  -0.000993866   0.000993866   0.000000000
         36.800   0.000000000  -0.001025331   0.001025331   0.000000000
         37.000   0.000000000  -0.001045493   0.001045493   0.000000000
         37.200   0.000000000  -0.001049594   0.001049594   0.000000000
         37.400   0.000000000  -0.001037851   0.001037851   0.000000000
         37.600   0.000000000  -0.001014960   0.001014960   0.000000000
         37.800   0.000000000  -0.000988370   0.000988370   0.000000000
         38.000   0.000000000  -0.000965926   0.000965926   0.000000000
         38.200   0.000000000  -0.000953610   0.000953610   0.000000000
         38.400   0.000000000  -0.000954004   0.000954004   0.000000000
         38.600   0.000000000  -0.000965859   0.000965859   0.000000000
         38.800   0.000000000  -0.000984787   0.000984787   0.000000000
         39.000   0.000000000  -0.001004775   0.001004775   0.000000000
         39.200   0.000000000  -0.001020043   0.001020043   0.000000000
         39.400   0.000000000  -0.001026655   0.001026655   0.000000000
         39.600   0.000000000  -0.001023481   0.001023481   0.000000000
         39.800   0.000000000  -0.001012267   0.001012267   0.000000000
         40.000   0.000000000  -0.000996887   0.000996887   0.000000000
         40.200   0.000000000  -0.000982058   0.000982058   0.000000000
         40.400   0.000000000  -0.000971928   0.000971928   0.000000000
         40.600   0.000000000  -0.000968946   0.000968946   0.000000000
         40.800   0.000000000  -0.000973321   0.000973321   0.000000000
         41.000   0.000000000  -0.000983155   0.000983155   0.000000000
         41.200   0.000000000  -0.000995167   0.000995167   0.000000000
         41.400   0.000000000  -0.001005750   0.001005750   0.000000000
         41.600   0.000000000  -0.001012017   0.001012017   0.000000000
         41.800   0.000000000  -0.001012561   0.001012561   0.000000000
         42.000   0.000000000  -0.001007723   0.001007723   0.000000000
         42.200   0.000000000  -0.000999341   0.000999341   0.000000000
         42.400   0.000000000  -0.000990098   0.000990098   0.000000000
         42.600   0.000000000  -0.000982687   0.000982687   0.000000000
         42.800   0.000000000  -0.000979043   0.000979043   0.000000000
         43.000   0.000000000  -0.000979864   0.000979864   0.000000000
         43.200   0.000000000  -0.000984519   0.000984519   0.000000000
         43.400   0.000000000  -0.000991346   0.000991346   0.000000000
         43.600   0.000000000  -0.000998212   0.000998212   0.000000000
         43.800   0.000000000  -0.001003161   0.001003161   0.000000000
         44.000   0.000000000  -0.001004952   0.001004952   0.000000000
         44.200   0.000000000  -0.001003352   0.001003352   0.000000000
         44.400   0.000000000  -0.000999108   0.000999108   0.000000000
         44.600   0.000000000  -0.000993653   0.000993653   0.000000000
         44.800   0.000000000  -0.000988638   0.000988638   0.000000000
         45.000   0.000000000  -0.000985445   0.000985445   0.000000000
         45.200   0.000000000  -0.000984816   0.000984816   0.000000000
         45.400   0.000000000  -0.000986702   0.000986702   0.000000000
         45.600   0.000000000  -0.000990344   0.000990344   0.000000000
         45.800   0.000000000  -0.000994553   0.000994553   0.000000000
         46.000   0.000000000  -0.000998081   0.000998081   0.000000000
         46.200   0.000000000  -0.000999985   0.000999985   0.000000000
         46.400   0.000000000  -0.000999866   0.000999866   0.000000000
         46.600   0.000000000  -0.000997933   0.000997933   0.000000000
         46.800   0.000000000  -0.000994892   0.000994892   0.000000000
         47.000   0.000000000  -0.000991701   0.000991701   0.000000000
         47.200   0.000000000  -0.000989278   0.000989278   0.000000000
         47.400   0.000000000  -0.000988241   0.000988241   0.000000000
         47.600   0.000000000  -0.000988761   0.000988761   0.000000000
         47.800   0.000000000  -0.000990553   0.000990553   0.000000000
         48.000   0.000000000  -0.000992994   0.000992994   0.000000000
         48.200   0.000000000  -0.000995335   0.000995335   0.000000000
         48.400   0.000000000  -0.000996918   0.000996918   0.000000000
         48.600   0.000000000  -0.000997360   0.000997360   0.000000000
         48.800   0.000000000  -0.000996634   0.000996634   0.000000000
         49.000   0.000000000  -0.000995049   0.000995049   0.000000000
         49.200   0.000000000  -0.000993128   0.000993128   0.000000000
         49.400   0.000000000  -0.000991446   0.000991446   0.000000000
         49.600   0.000000000  -0.000990457   0.000990457   0.000000000
         49.800   0.000000000  -0.000990381   0.000990381   0.000000000
         50.000   0.000000000  -0.000991159   0.000991159   0.000000000
         50.200   0.000000000  -0.000992493   0.000992493   0.000000000
         50.400   0.000000000  -0.000993957   0.000993957   0.000000000
         50.600   0.000000000  -0.000995122   0.000995122   0.000000000
         50.800   0.000000000  -0.000995684   0.000995684   0.000000000
         51.000   0.000000000  -0.000995535   0.000995535   0.000000000
         51.200   0.000000000  -0.000994781   0.000994781   0.000000000
         51.400   0.000000000  -0.000993687   0.000993687   0.000000000
         51.600   0.000000000  -0.000992593   0.000992593   0.000000000
         51.800   0.000000000  -0.000991810   0.000991810   0.000000000
         52.000   0.000000000  -0.000991531   0.000991531   0.000000000
         52.200   0.000000000  -0.000991792   0.000991792   0.000000000
         52.400   0.000000000  -0.000992471   0.000992471   0.000000000
         52.600   0.000000000  -0.000993337   0.000993337   0.000000000
         52.800   0.000000000  -0.000994128   0.000994128   0.000000000
         53.000   0.000000000  -0.000994627   0.000994627   0.000000000
         53.200   0.000000000  -0.000994717   0.000994717   0.000000000
         53.400   0.000000000  -0.000994407   0.000994407   0.000000000
         53.600   0.000000000  -0.000993822   0.000993822   0.000000000
         53.800   0.000000000  -0.000993150   0.000993150   0.000000000
         54.000   0.000000000  -0.000992591   0.000992591   0.000000000
         54.200   0.000000000  -0.000992291   0.000992291   0.000000000
         54.400   0.000000000  -0.000992315   0.000992315   0.000000000
         54.600   0.000000000  -0.000992625   0.000992625   0.000000000
         54.800   0.000000000  -0.000993110   0.000993110   0.000000000
         55.000   0.000000000  -0.000993615   0.000993615   0.000000000
         55.200   0.000000000  -0.000993996   0.000993996   0.000000000
         55.400   0.000000000  -0.000994155   0.000994155   0.000000000
         55.600   0.000000000  -0.000994066   0.000994066   0.000000000
         55.800   0.000000000  -0.000993777   0.000993777   0.000000000
         56.000   0.000000000  -0.000993387   0.000993387   0.000000000
         56.200   0.000000000  -0.000993015   0.000993015   0.000000000
         56.400   0.000000000  -0.000992765   0.000992765   0.000000000
         56.600   0.000000000  -0.000992697   0.000992697   0.000000000
         56.800   0.000000000  -0.000992815   0.000992815   0.000000000
         57.000   0.000000000  -0.000993068   0.000993068   0.000000000
         57.200   0.000000000  -0.000993373   0.000993373   0.000000000
         57.400   0.000000000  -0.000993639   0.000993639   0.000000000
         57.600   0.000000000  -0.000993793   0.000993793   0.000000000
         57.800   0.000000000  -0.000993802   0.000993802   0.000000000
         58.000   0.000000000  -0.000993675   0.000993675   0.000000000
         58.200   0.000000000  -0.000993461   0.000993461   0.000000000
         58.400   0.000000000  -0.000993228   0.000993228   0.000000000
         58.600   0.000000000  -0.000993043   0.000993043   0.000000000
         58.800   0.000000000  -0.000992955   0.000992955   0.000000000
         59.000   0.000000000  -0.000992981   0.000992981   0.000000000
         59.200   0.000000000  -0.000993102   0.000993102   0.000000000
         59.400   0.000000000  -0.000993276   0.000993276   0.000000000
         59.600   0.000000000  -0.000993449   0.000993449   0.000000000
         59.800   0.000000000  -0.000993572   0.000993572   0.000000000
         60.000   0.000000000  -0.000993615   0.000993615   0.000000000
         60.200   0.000000000  -0.000993571   0.000993571   0.000000000
         60.400   0.000000000  -0.000993462   0.000993462   0.000000000
         60.600   0.000000000  -0.000993324   0.000993324   0.000000000
         60.800   0.000000000  -0.000993198   0.000993198   0.000000000
         61.000   0.000000000  -0.000993120   0.000993120   0.000000000
         61.200   0.000000000  -0.000993106   0.000993106   0.000000000
         61.400   0.000000000  -0.000993156   0.000993156   0.000000000
         61.600   0.000000000  -0.000993250   0.000993250   0.000000000
         61.800   0.000000000  -0.000993357   0.000993357   0.000000000
         62.000   0.000000000  -0.000993445   0.000993445   0.000000000
         62.200   0.000000000  -0.000993491   0.000993491   0.000000000
         62.400   0.000000000  -0.000993487   0.000993487   0.000000000
         62.600   0.000000000  -0.000993436   0.000993436   0.000000000
         62.800   0.000000000  -0.000993359   0.000993359   0.000000000
         63.000   0.000000000  -0.000993278   0.000993278   0.000000000
         63.200   0.000000000  -0.000993218   0.000993218   0.000000000
         63.400   0.000000000  -0.000993194   0.000993194   0.000000000
         63.600   0.000000000  -0.000993208   0.000993208   0.000000000
         63.800   0.000000000  -0.000993255   0.000993255   0.000000000
         64.000   0.000000000  -0.000993317   0.000993317   0.000000000
         64.200   0.000000000  -0.000993376   0.000993376   0.000000000
         64.400   0.000000000  -0.000993415   0.000993415   0.000000000
         64.600   0.000000000  -0.000993425   0.000993425   0.000000000
         64.800   0.000000000  -0.000993406   0.000993406   0.000000000
         65.000   0.000000000  -0.000993365   0.000993365   0.000000000
         65.200   0.000000000  -0.000993316   0.000993316   0.000000000
         65.400   0.000000000  -0.000993274   0.000993274   0.000000000
         65.600   0.000000000  -0.000993250   0.000993250   0.000000000
         65.800   0.000000000  -0.000993249   0.000993249   0.000000000
         66.000   0.000000000  -0.000993269   0.000993269   0.000000000
         66.200   0.000000000  -0.000993304   0.000993304   0.000000000
         66.400   0.000000000  -0.000993341   0.000993341   0.000000000
         66.600   0.000000000  -0.000993370   0.000993370   0.000000000
         66.800   0.000000000  -0.000993383   0.000993383   0.000000000
         67.000   0.000000000  -0.000993379   0.000993379   0.000000000
         67.200   0.000000000  -0.000993359   0.000993359   0.000000000
         67.400   0.000000000  -0.000993332   0.000993332   0.000000000
         67.600   0.000000000  -0.000993304   0.000993304   0.000000000
         67.800   0.000000000  -0.000993285   0.000993285   0.000000000
         68.000   0.000000000  -0.000993278   0.000993278   0.000000000
         68.200   0.000000000  -0.000993285   0.000993285   0.000000000
         68.400   0.000000000  -0.000993303   0.000993303   0.000000000
         68.600   0.000000000  -0.000993325   0.000993325   0.000000000
         68.800   0.000000000  -0.000993345   0.000993345   0.000000000
         69.000   0.000000000  -0.000993357   0.000993357   0.000000000
         69.200   0.000000000  -0.000993359   0.000993359   0.000000000
         69.400   0.000000000  -0.000993351   0.000993351   0.000000000
         69.600   0.000000000  -0.000993336   0.000993336   0.000000000
         69.800   0.000000000  -0.000993319   0.000993319   0.000000000
         70.000   0.000000000  -0.000993305   0.000993305   0.000000000
         70.200   0.000000000  -0.000993297   0.000993297   0.000000000
         70.400   0.000000000  -0.000993298   0.000993298   0.000000000
         70.600   0.000000000  -0.000993306   0.000993306   0.000000000
         70.800   0.000000000  -0.000993319   0.000993319   0.000000000
         71.000   0.000000000  -0.000993332   0.000993332   0.000000000
         71.200   0.000000000  -0.000993341   0.000993341   0.000000000
         71.400   0.000000000  -0.000993345   0.000993345   0.000000000
         71.600   0.000000000  -0.000993342   0.000993342   0.000000000
         71.800   0.000000000  -0.000993335   0.000993335   0.000000000
         72.000   0.000000000  -0.000993325   0.000993325   0.000000000
         72.200   0.000000000  -0.000993316   0.000993316   0.000000000
         72.400   0.000000000  -0.000993309   0.000993309   0.000000000
         72.600   0.000000000  -0.000993308   0.000993308   0.000000000
         72.800   0.000000000  -0.000993311   0.000993311   0.000000000
         73.000   0.000000000  -0.000993318   0.000993318   0.000000000
         73.200   0.000000000  -0.000993325   0.000993325   0.000000000
         73.400   0.000000000  -0.000993332   0.000993332   0.000000000
         73.600   0.000000000  -0.000993336   0.000993336   0.000000000
         73.800   0.000000000  -0.000993336   0.000993336   0.000000000
         74.000   0.000000000  -0.000993333   0.000993333   0.000000000
         74.200   0.000000000  -0.000993327   0.000993327   0.000000000
         74.400   0.000000000  -0.000993321   0.000993321   0.000000000
         74.600   0.000000000  -0.000993317   0.000993317   0.000000000
         74.800   0.000000000  -0.000993314   0.000993314   0.000000000
         75.000   0.000000000  -0.000993315   0.000993315   0.000000000
         75.200   0.000000000  -0.000993318   0.000993318   0.000000000
         75.400   0.000000000  -0.000993323   0.000993323   0.000000000
         75.600   0.000000000  -0.000993327   0.000993327   0.000000000
         75.800   0.000000000  -0.000993330   0.000993330   0.000000000
         76.000   0.000000000  -0.000993331   0.000993331   0.000000000
         76.200   0.000000000  -0.000993330   0.000993330   0.000000000
         76.400   0.000000000  -0.000993327   0.000993327   0.000000000
         76.600   0.000000000  -0.000993324   0.000993324   0.000000000
         76.800   0.000000000  -0.000993321   0.000993321   0.000000000
         77.000   0.000000000  -0.000993319   0.000993319   0.000000000
         77.200   0.000000000  -0.000993318   0.000993318   0.000000000
         77.400   0.000000000  -0.000993320   0.000993320   0.000000000
         77.600   0.000000000  -0.000993322   0.000993322   0.000000000
         77.800   0.000000000  -0.000993325   0.000993325   0.000000000
         78.000   0.000000000  -0.000993327   0.000993327   0.000000000
         78.200   0.000000000  -0.000993328   0.000993328   0.000000000
         78.400   0.000000000  -0.000993328   0.000993328   0.000000000
         78.600   0.000000000  -0.000993327   0.000993327   0.000000000
         78.800   0.000000000  -0.000993325   0.000993325   0.000000000
         79.000   0.000000000  -0.000993323   0.000993323   0.000000000
         79.200   0.000000000  -0.000993321   0.000993321   0.000000000
         79.400   0.000000000  -0.000993321   0.000993321   0.000000000
         79.600   0.000000000  -0.000993321   0.000993321   0.000000000
         79.800   0.000000000  -0.000993322   0.000993322   0.000000000
         80.000   0.000000000  -0.000993324   0.000993324   0.000000000
         80.200   0.000000000  -0.000993325   0.000993325   0.000000000
         80.400   0.000000000  -0.000993326   0.000993326   0.000000000
         80.600   0.000000000  -0.000993326   0.000993326   0.000000000
         80.800   0.000000000  -0.000993326   0.000993326   0.000000000
         81.000   0.000000000  -0.000993325   0.000993325   0.000000000
         81.200   0.000000000  -0.000993324   0.000993324   0.000000000
         81.400   0.000000000  -0.000993323   0.000993323   0.000000000
         81.600   0.000000000  -0.000993322   0.000993322   0.000000000
         81.800   0.000000000  -0.000993322   0.000993322   0.000000000
         82.000   0.000000000  -0.000993322   0.000993322   0.000000000
         82.200   0.000000000  -0.000993323   0.000993323   0.000000000
         82.400   0.000000000  -0.000993324   0.000993324   0.000000000
         82.600   0.000000000  -0.000993325   0.000993325   0.000000000
         82.800   0.000000000  -0.000993325   0.000993325   0.000000000
         83.000   0.000000000  -0.000993325   0.000993325   0.000000000
         83.200   0.000000000  -0.000993325   0.000993325   0.000000000
         83.400   0.000000000  -0.000993324   0.000993324   0.000000000
         83.600   0.000000000  -0.000993323   0.000993323   0.000000000
         83.800   0.000000000  -0.000993323   0.000993323   0.000000000
         84.000   0.000000000  -0.000993323   0.000993323   0.000000000
         84.200   0.000000000  -0.000993323   0.000993323   0.000000000
         84.400   0.000000000  -0.000993323   0.000993323   0.000000000
         84.600   0.000000000  -0.000993324   0.000993324   0.000000000
         84.800   0.000000000  -0.000993324   0.000993324   0.000000000
         85.000   0.000000000  -0.000993325   0.000993325   0.000000000
         85.200   0.000000000  -0.000993325   0.000993325   0.000000000
         85.400   0.000000000  -0.000993325   0.000993325   0.000000000
         85.600   0.000000000  -0.000993324   0.000993324   0.000000000
         85.800   0.000000000  -0.000993324   0.000993324   0.000000000
         86.000   0.000000000  -0.000993323   0.000993323   0.000000000
         86.200   0.000000000  -0.000993323   0.000993323   0.000000000
         86.400   0.000000000  -0.000993323   0.000993323   0.000000000
         86.600   0.000000000  -0.000993323   0.000993323   0.000000000
         86.800   0.000000000  -0.000993324   0.000993324   0.000000000
         87.000   0.000000000  -0.000993324   0.000993324   0.000000000
         87.200   0.000000000  -0.000993324   0.000993324   0.000000000
         87.400   0.000000000  -0.000993324   0.000993324   0.000000000
         87.600   0.000000000  -0.000993324   0.000993324   0.000000000
         87.800   0.000000000  -0.000993324   0.000993324   0.000000000
         88.000   0.000000000  -0.000993324   0.000993324   0.000000000
         88.200   0.000000000  -0.000993324   0.000993324   0.000000000
         88.400   0.000000000  -0.000993323   0.000993323   0.000000000
         88.600   0.000000000  -0.000993323   0.000993323   0.000000000
         88.800   0.000000000  -0.000993324   0.000993324   0.000000000
         89.000   0.000000000  -0.000993324   0.000993324   0.000000000
         89.200   0.000000000  -0.000993324   0.000993324   0.000000000
         89.400   0.000000000  -0.000993324   0.000993324   0.000000000
         89.600   0.000000000  -0.000993324   0.000993324   0.000000000
         89.800   0.000000000  -0.000993324   0.000993324   0.000000000
         90.000   0.000000000  -0.000993324   0.000993324   0.000000000
         90.200   0.000000000  -0.000993324   0.000993324   0.000000000
         90.400   0.000000000  -0.000993324   0.000993324   0.000000000
         90.600   0.000000000  -0.000993324   0.000993324   0.000000000
         90.800   0.000000000  -0.000993324   0.000993324   0.000000000
         91.000   0.000000000  -0.000993324   0.000993324   0.000000000
         91.200   0.000000000  -0.000993324   0.000993324   0.000000000
         91.400   0.000000000  -0.000993324   0.000993324   0.000000000
         91.600   0.000000000  -0.000993324   0.000993324   0.000000000
         91.800   0.000000000  -0.000993324   0.000993324   0.000000000
         92.000   0.000000000  -0.000993324   0.000993324   0.000000000
         92.200   0.000000000  -0.000993324   0.000993324   0.000000000
         92.400   0.000000000  -0.000993324   0.000993324   0.000000000
         92.600   0.000000000  -0.000993324   0.000993324   0.000000000
         92.800   0.000000000  -0.000993324   0.000993324   0.000000000
         93.000   0.000000000  -0.000993324   0.000993324   0.000000000
         93.200   0.000000000  -0.000993324   0.000993324   0.000000000
         93.400   0.000000000  -0.000993324   0.000993324   0.000000000
         93.600   0.000000000  -0.000993324   0.000993324   0.000000000
         93.800   0.000000000  -0.000993324   0.000993324   0.000000000
         94.000   0.000000000  -0.000993324   0.000993324   0.000000000
         94.200   0.000000000  -0.000993324   0.000993324   0.000000000
         94.400   0.000000000  -0.000993324   0.000993324   0.000000000
         94.600   0.000000000  -0.000993324   0.000993324   0.000000000
         94.800   0.000000000  -0.000993324   0.000993324   0.000000000
         95.000   0.000000000  -0.000993324   0.000993324   0.000000000
         95.200   0.000000000  -0.000993324   0.000993324   0.000000000
         95.400   0.000000000  -0.000993324   0.000993324   0.000000000
         95.600   0.000000000  -0.000993324   0.000993324   0.000000000
         95.800   0.000000000  -0.000993324   0.000993324   0.000000000
         96.000   0.000000000  -0.000993324   0.000993324   0.000000000
         96.200   0.000000000  -0.000993324   0.000993324   0.000000000
         96.400   0.000000000  -0.000993324   0.000993324   0.000000000
         96.600   0.000000000  -0.000993324   0.000993324   0.000000000
         96.800   0.000000000  -0.000993324   0.000993324   0.000000000
         97.000   0.000000000  -0.000993324   0.000993324   0.000000000
         97.200   0.000000000  -0.000993324   0.000993324   0.000000000
         97.400   0.000000000  -0.000993324   0.000993324   0.000000000
         97.600   0.000000000  -0.000993324   0.000993324   0.000000000
         97.800   0.000000000  -0.000993324   0.000993324   0.000000000
         98.000   0.000000000  -0.000993324   0.000993324   0.000000000
         98.200   0.000000000  -0.000993324   0.000993324   0.000000000
         98.400   0.000000000  -0.000993324   0.000993324   0.000000000
         98.600   0.000000000  -0.000993324   0.000993324   0.000000000
         98.800   0.000000000  -0.000993324   0.000993324   0.000000000
         99.000   0.000000000  -0.000993324   0.000993324   0.000000000
         99.200   0.000000000  -0.000993324   0.000993324   0.000000000
         99.400   0.000000000  -0.000993324   0.000993324   0.000000000
         99.600   0.000000000  -0.000993324   0.000993324   0.000000000
         99.800   0.000000000  -0.000993324   0.000993324   0.000000000
        100.000   0.000000000  -0.000993324   0.000993324   0.000000000
        100.200   0.000000000  -0.000993324   0.000993324   0.000000000
        100.400   0.000000000  -0.000993324   0.000993324   0.000000000
        100.600   0.000000000  -0.000993324   0.000993324   0.000000000
        100.800   0.000000000  -0.000993324   0.000993324   0.000000000
        101.000   0.000000000  -0.000993324   0.000993324   0.000000000
        101.200   0.000000000  -0.000993324   0.000993324   0.000000000
        101.400   0.000000000  -0.000993324   0.000993324   0.000000000
        101.600   0.000000000  -0.000993324   0.000993324   0.000000000
        101.800   0.000000000  -0.000993324   0.000993324   0.000000000
        102.000   0.000000000  -0.000993324   0.000993324   0.000000000
        102.200   0.000000000  -0.000993324   0.000993324   0.000000000
        102.400   0.000000000  -0.000993324   0.000993324   0.000000000
        102.600   0.000000000  -0.000993324   0.000993324   0.000000000
        102.800   0.000000000  -0.000993324   0.000993324   0.000000000
        103.000   0.000000000  -0.000993324   0.000993324   0.000000000
        103.200   0.000000000  -0.000993324   0.000993324   0.000000000
        103.400   0.000000000  -0.000993324   0.000993324   0.000000000
        103.600   0.000000000  -0.000993324   0.000993324   0.000000000
        103.800   0.000000000  -0.000993324   0.000993324   0.000000000
        104.000   0.000000000  -0.000993324   0.000993324   0.000000000
        104.200   0.000000000  -0.000993324   0.000993324   0.000000000
        104.400   0.000000000  -0.000993324   0.000993324   0.000000000
        104.600   0.000000000  -0.000993324   0.000993324   0.000000000
        104.800   0.000000000  -0.000993324   0.000993324   0.000000000
        105.000   0.000000000  -0.000993324   0.000993324   0.000000000
        105.200   0.000000000  -0.000993324   0.000993324   0.000000000
        105.400   0.000000000  -0.000993324   0.000993324   0.000000000
        105.600   0.000000000  -0.000993324   0.000993324   0.000000000
        105.800   0.000000000  -0.000993324   0.000993324   0.000000000
        106.000   0.000000000  -0.000993324   0.000993324   0.000000000
        106.200   0.000000000  -0.000993324   0.000993324   0.000000000
        106.400   0.000000000  -0.000993324   0.000993324   0.000000000
        106.600   0.000000000  -0.000993324   0.000993324   0.000000000
        106.800   0.000000000  -0.000993324   0.000993324   0.000000000
        107.000   0.000000000  -0.000993324   0.000993324   0.000000000
        107.200   0.000000000  -0.000993324   0.000993324   0.000000000
        107.400   0.000000000  -0.000993324   0.000993324   0.000000000
        107.600   0.000000000  -0.000993324   0.000993324   0.000000000
        107.800   0.000000000  -0.000993324   0.000993324   0.000000000
        108.000   0.000000000  -0.000993324   0.000993324   0.000000000
        108.200   0.000000000  -0.000993324   0.000993324   0.000000000
        108.400   0.000000000  -0.000993324   0.000993324   0.000000000
        108.600   0.000000000  -0.000993324   0.000993324   0.000000000
        108.800   0.000000000  -0.000993324   0.000993324   0.000000000
        109.000   0.000000000  -0.000993324   0.000993324   0.000000000
        109.200   0.000000000  -0.000993324   0.000993324   0.000000000
        109.400   0.000000000  -0.000993324   0.000993324   0.000000000
        109.600   0.000000000  -0.000993324   0.000993324   0.000000000
        109.800   0.000000000  -0.000993324   0.000993324   0.000000000
        110.000   0.000000000  -0.000993324   0.000993324   0.000000000
        110.200   0.000000000  -0.000993324   0.000993324   0.000000000
        110.400   0.000000000  -0.000993324   0.000993324   0.000000000
        110.600   0.000000000  -0.000993324   0.000993324   0.000000000
        110.800   0.000000000  -0.000993324   0.000993324   0.000000000
        111.000   0.000000000  -0.000993324   0.000993324   0.000000000
        111.200   0.000000000  -0.000993324   0.000993324   0.000000000
        111.400   0.000000000  -0.000993324   0.000993324   0.000000000
        111.600   0.000000000  -0.000993324   0.000993324   0.000000000
        111.800   0.000000000  -0.000993324   0.000993324   0.000000000
        112.000   0.000000000  -0.000993324   0.000993324   0.000000000
        112.200   0.000000000  -0.000993324   0.000993324   0.000000000
        112.400   0.000000000  -0.000993324   0.000993324   0.000000000
        112.600   0.000000000  -0.000993324   0.000993324   0.000000000
        112.800   0.000000000  -0.000993324   0.000993324   0.000000000
        113.000   0.000000000  -0.000993324   0.000993324   0.000000000
        113.200   0.000000000  -0.000993324   0.000993324   0.000000000
        113.400   0.000000000  -0.000993324   0.000993324   0.000000000
        113.600   0.000000000  -0.000993324   0.000993324   0.000000000
        113.800   0.000000000  -0.000993324   0.000993324   0.000000000
        114.000   0.000000000  -0.000993324   0.000993324   0.000000000
        114.200   0.000000000  -0.000993324   0.000993324   0.000000000
        114.400   0.000000000  -0.000993324   0.000993324   0.000000000
        114.600   0.000000000  -0.000993324   0.000993324   0.000000000
        114.800   0.000000000  -0.000993324   0.000993324   0.000000000
        115.000   0.000000000  -0.000993324   0.000993324   0.000000000
        115.200   0.000000000  -0.000993324   0.000993324   0.000000000
        115.400   0.000000000  -0.000993324   0.000993324   0.000000000
        115.600   0.000000000  -0.000993324   0.000993324   0.000000000
        115.800   0.000000000  -0.000993324   0.000993324   0.000000000
        116.000   0.000000000  -0.000993324   0.000993324   0.000000000
        116.200   0.000000000  -0.000993324   0.000993324   0.000000000
        116.400   0.000000000  -0.000993324   0.000993324   0.000000000
        116.600   0.000000000  -0.000993324   0.000993324   0.000000000
        116.800   0.000000000  -0.000993324   0.000993324   0.000000000
        117.000   0.000000000  -0.000993324   0.000993324   0.000000000
        117.200   0.000000000  -0.000993324   0.000993324   0.000000000
        117.400   0.000000000  -0.000993324   0.000993324   0.000000000
        117.600   0.000000000  -0.000993324   0.000993324   0.000000000
        117.800   0.000000000  -0.000993324   0.000993324   0.000000000
        118.000   0.000000000  -0.000993324   0.000993324   0.000000000
        118.200   0.000000000  -0.000993324   0.000993324   0.000000000
        118.400   0.000000000  -0.000993324   0.000993324   0.000000000
        118.600   0.000000000  -0.000993324   0.000993324   0.000000000
        118.800   0.000000000  -0.000993324   0.000993324   0.000000000
        119.000   0.000000000  -0.000993324   0.000993324   0.000000000
        119.200   0.000000000  -0.000993324   0.000993324   0.000000000
        119.400   0.000000000  -0.000993324   0.000993324   0.000000000
        119.600   0.000000000  -0.000993324   0.000993324   0.000000000
        119.800   0.000000000  -0.000993324   0.000993324   0.000000000
        120.000   0.000000000  -0.000993324   0.000993324   0.000000000
