          0.200   0.961055354  -0.026152961  -0.026152961   0.038944646
          0.400   0.861827121  -0.089519625  -0.089519625   0.138172879
          0.600   0.732266850  -0.168999373  -0.168999373   0.267733150
          0.800   0.604574666  -0.239353445  -0.239353445   0.395425334
          1.000   0.506174604  -0.277596755  -0.277596755   0.493825396
          1.200   0.453491287  -0.270691573  -0.270691573   0.546508713
          1.400   0.448833014  -0.218843999  -0.218843999   0.551166986
          1.600   0.481224424  -0.134597851  -0.134597851   0.518775576
          1.800   0.530733465  -0.038479550  -0.038479550   0.469266535
          2.000   0.574854586   0.047283525   0.047283525   0.425145414
          2.200   0.595029671   0.105052071   0.105052071   0.404970329
          2.400   0.581483180   0.126268601   0.126268601   0.418516820
          2.600   0.535228023   0.113164491   0.113164491   0.464771977
          2.800   0.466809694   0.077242409   0.077242409   0.533190306
          3.000   0.392453608   0.035205623   0.035205623   0.607546392
          3.200   0.328941234   0.003768816   0.003768816   0.671058766
          3.400   0.288780948  -0.005073730  -0.005073730   0.711219052
          3.600   0.277017647   0.012976908   0.012976908   0.722982353
          3.800   0.290441832   0.053994169   0.053994169   0.709558168
          4.000   0.319211338   0.107675531   0.107675531   0.680788662
          4.200   0.350213403   0.160837722   0.160837722   0.649786597
          4.400   0.371060148   0.201421482   0.201421482   0.628939852
          4.600   0.373528151   0.221825048   0.221825048   0.626471849
          4.800   0.355514905   0.220679487   0.220679487   0.644485095
          5.000   0.321087239   0.202698912   0.202698912   0.678912761
          5.200   0.278775503   0.176817221   0.176817221   0.721224497
          5.400   0.238751623   0.153290606   0.153290606   0.761248377
          5.600   0.209789746   0.140678896   0.140678896   0.790210254
          5.800   0.196891006   0.143572962   0.143572962   0.803108994
          6.000   0.200188008   0.161647545   0.161647545   0.799811992
          6.200   0.215327464   0.190191852   0.190191852   0.784672536
          6.400   0.235092534   0.221837607   0.221837607   0.764907466
          6.600   0.251695613   0.248889022   0.248889022   0.748304387
          6.800   0.259032053   0.265540718   0.265540718   0.740967947
          7.000   0.254258726   0.269364092   0.269364092   0.745741274
          7.200   0.238308793   0.261704664   0.261704664   0.761691207
          7.400   0.215290030   0.246973308   0.246973308   0.784709970
          7.600   0.191035482   0.231129676   0.231129676   0.808964518
          7.800   0.171292163   0.219859112   0.219859112   0.828707837
          8.000   0.160093526   0.216987317   0.216987317   0.839906474
          8.200   0.158761377   0.223561721   0.223561721   0.841238623
          8.400   0.165765135   0.237801699   0.237801699   0.834234865
          8.600   0.177403064   0.255855435   0.255855435   0.822596936
          8.800   0.189039939   0.273077836   0.273077836   0.810960061
          9.000   0.196501082   0.285421113   0.285421113   0.803498918
          9.200   0.197213452   0.290533571   0.290533571   0.802786548
          9.400   0.190792199   0.288280451   0.288280451   0.809207801
          9.600   0.178954954   0.280589809   0.280589809   0.821045046
          9.800   0.164847212   0.270726464   0.270726464   0.835152788
         10.000   0.152021957   0.262250281   0.262250281   0.847978043
         10.200   0.143393423   0.257982114   0.257982114   0.856606577
         10.400   0.140464138   0.259270161   0.259270161   0.859535862
         10.600   0.143020559   0.265738535   0.265738535   0.856979441
         10.800   0.149342512   0.275547029   0.275547029   0.850657488
         11.000   0.156821844   0.286043480   0.286043480   0.843178156
         11.200   0.162778819   0.294589136   0.294589136   0.837221181
         11.400   0.165227197   0.299307633   0.299307633   0.834772803
         11.600   0.163375431   0.299551772   0.299551772   0.836624569
         11.800   0.157744916   0.295980436   0.295980436   0.842255084
         12.000   0.149905381   0.290258073   0.290258073   0.850094619
         12.200   0.141936130   0.284495175   0.284495175   0.858063870
         12.400   0.135790088   0.280611275   0.280611275   0.864209912
         12.600   0.132749629   0.279808023   0.279808023   0.867250371
         12.800   0.133120548   0.282292190   0.282292190   0.866879452
         13.000   0.136230081   0.287305259   0.287305259   0.863769919
         13.200   0.140702823   0.293424266   0.293424266   0.859297177
         13.400   0.144911847   0.299024711   0.299024711   0.855088153
         13.600   0.147461614   0.302759952   0.302759952   0.852538386
         13.800   0.147562859   0.303919599   0.303919599   0.852437141
         14.000   0.145202555   0.302575852   0.302575852   0.854797445
         14.200   0.141078728   0.299494883   0.299494883   0.858921272
         14.400   0.136339280   0.295859049   0.295859049   0.863660720
         14.600   0.132216126   0.292895376   0.292895376   0.867783874
         14.800   0.129667671   0.291523974   0.291523974   0.870332329
         15.000   0.129130337   0.292124389   0.292124389   0.870869663
         15.200   0.130440052   0.294475848   0.294475848   0.869559948
         15.400   0.132931071   0.297873058   0.297873058   0.867068929
         15.600   0.135668488   0.301369302   0.301369302   0.864331512
         15.800   0.137736731   0.304066665   0.304066665   0.862263269
         16.000   0.138497249   0.305366890   0.305366890   0.861502751
         16.200   0.137744993   0.305115155   0.305115155   0.862255007
         16.400   0.135728149   0.303605372   0.303605372   0.864271851
         16.600   0.133037569   0.301457673   0.301457673   0.866962431
         16.800   0.130408684   0.299414073   0.299414073   0.869591316
         17.000   0.128499821   0.298117478   0.298117478   0.871500179
         17.200   0.127711887   0.297938218   0.297938218   0.872288113
         17.400   0.128096948   0.298893143   0.298893143   0.871903052
         17.600   0.129373841   0.300672114   0.300672114   0.870626159
         17.800   0.131036990   0.302754940   0.302754940   0.868963010
         18.000   0.132519348   0.304577635   0.304577635   0.867480652
         18.200   0.133358486   0.305696486   0.305696486   0.866641514
         18.400   0.133318419   0.305903570   0.305903570   0.866681581
         18.600   0.132436489   0.305265209   0.305265209   0.867563511
         18.800   0.130988579   0.304079220   0.304079220   0.869011421
         19.000   0.129389711   0.302770217   0.302770217   0.870610289
         19.200   0.128063897   0.301758132   0.301758132   0.871936103
         19.400   0.127322887   0.301339595   0.301339595   0.872677113
         19.600   0.127287427   0.301614722   0.301614722   0.872712573
         19.800   0.127869641   0.302476084   0.302476084   0.872130359
         20.000   0.128816168   0.303657529   0.303657529   0.871183832
         20.200   0.129794467   0.304823753   0.304823753   0.870205533
         20.400   0.130494027   0.305671615   0.305671615   0.869505973
         20.600   0.130712432   0.306013422   0.306013422   0.869287568
         20.800   0.130403206   0.305820133   0.305820133   0.869596794
         21.000   0.129675206   0.305215748   0.305215748   0.870324794
         21.200   0.128748005   0.304428753   0.304428753   0.871251995
         21.400   0.127879778   0.303718186   0.303718186   0.872120222
         21.600   0.127290572   0.303297514   0.303297514   0.872709428
         21.800   0.127103145   0.303278130   0.303278130   0.872896855
         22.000   0.127316608   0.303646772   0.303646772   0.872683392
         22.200   0.127817471   0.304280295   0.304280295   0.872182529
         22.400   0.128421679   0.304990315   0.304990315   0.871578321
         22.600   0.128932976   0.305582451   0.305582451   0.871067024
         22.800   0.129199609   0.305912055   0.305912055   0.870800391
         23.000   0.129153434   0.305920931   0.305920931   0.870846566
         23.200   0.128821850   0.305646300   0.305646300   0.871178150
         23.400   0.128311597   0.305201898   0.305201898   0.871688403
         23.600   0.127771445   0.304739018   0.304739018   0.872228555
         23.800   0.127346253   0.304400315   0.304400315   0.872653747
         24.000   0.127136171   0.304280126   0.304280126   0.872863829
         24.200   0.127172105   0.304401970   0.304401970   0.872827895
         24.400   0.127413005   0.304718129   0.304718129   0.872586995
         24.600   0.127763795   0.305129474   0.305129474   0.872236205
         24.800   0.128107067   0.305518135   0.305518135   0.871892933
         25.000   0.128338334   0.305782618   0.305782618   0.871661666
         25.200   0.128394509   0.305865190   0.305865190   0.871605491
         25.400   0.128268151   0.305764442   0.305764442   0.871731849
         25.600   0.128004662   0.305530758   0.305530758   0.871995338
         25.800   0.127684738   0.305247492   0.305247492   0.872315262
         26.000   0.127398352   0.305004437   0.305004437   0.872601648
         26.200   0.127218389   0.304871800   0.304871800   0.872781611
         26.400   0.127181442   0.304882014   0.304882014   0.872818558
         26.600   0.127280607   0.305023872   0.305023872   0.872719393
         26.800   0.127471236   0.305249552   0.305249552   0.872528764
         27.000   0.127686913   0.305491420   0.305491420   0.872313087
         27.200   0.127860195   0.305682974   0.305682974   0.872139805
         27.400   0.127941822   0.305777625   0.305777625   0.872058178
         27.600   0.127913091   0.305760182   0.305760182   0.872086909
         27.800   0.127788459   0.305648414   0.305648414   0.872211541
         28.000   0.127608523   0.305485126   0.305485126   0.872391477
         28.200   0.127426186   0.305323818   0.305323818   0.872573814
         28.400   0.127290563   0.305212581   0.305212581   0.872709437
         28.600   0.127233358   0.305180927   0.305180927   0.872766642
         28.800   0.127261393   0.305233062   0.305233062   0.872738607
         29.000   0.127356850   0.305348920   0.305348920   0.872643150
         29.200   0.127484479   0.305491993   0.305491993   0.872515521
         29.400   0.127603127   0.305621148   0.305621148   0.872396873
         29.600   0.127677924   0.305702708   0.305702708   0.872322076
         29.800   0.127689622   0.305719356   0.305719356   0.872310378
         30.000   0.127638675   0.305673625   0.305673625   0.872361325
         30.200   0.127543373   0.305585433   0.305585433   0.872456627
         30.400   0.127433085   0.305484915   0.305484915   0.872566915
         30.600   0.127338938   0.305402978   0.305402978   0.872661062
         30.800   0.127284833   0.305362466   0.305362466   0.872715167
         31.000   0.127281288   0.305372390   0.305372390   0.872718712
         31.200   0.127323627   0.305426596   0.305426596   0.872676373
         31.400   0.127394635   0.305506838   0.305506838   0.872605365
         31.600   0.127470543   0.305589030   0.305589030   0.872529457
         31.800   0.127528340   0.305650590   0.305650590   0.872471660
         32.000   0.127552237   0.305676723   0.305676723   0.872447763
         32.200   0.127537508   0.305663936   0.305663936   0.872462492
         32.400   0.127490853   0.305620042   0.305620042   0.872509147
         32.600   0.127427495   0.305560948   0.305560948   0.872572505
         32.800   0.127366104   0.305505437   0.305505437   0.872633896
         33.000   0.127323200   0.305469586   0.305469586   0.872676800
         33.200   0.127308643   0.305462446   0.305462446   0.872691357
         33.400   0.127323427   0.305484088   0.305484088   0.872676573
         33.600   0.127360169   0.305526381   0.305526381   0.872639831
         33.800   0.127405937   0.305576015   0.305576015   0.872594063
         34.000   0.127446410   0.305618738   0.305618738   0.872553590
         34.200   0.127470055   0.305643483   0.305643483   0.872529945
         34.400   0.127471160   0.305645233   0.305645233   0.872528840
         34.600   0.127450935   0.305625908   0.305625908   0.872549065
         34.800   0.127416565   0.305593221   0.305593221   0.872583435
         35.000   0.127378640   0.305557975   0.305557975   0.872621360
         35.200   0.127347854   0.305530731   0.305530731   0.872652146
         35.400   0.127331955   0.305518831   0.305518831   0.872668045
         35.600   0.127333809   0.305524601   0.305524601   0.872666191
         35.800   0.127351012   0.305545133   0.305545133   0.872648988
         36.000   0.127377032   0.305573567   0.305573567   0.872622968
         36.200   0.127403429   0.305601391   0.305601391   0.872596571
         36.400   0.127422411   0.305620997   0.305620997   0.872577589
         36.600   0.127428993   0.305627764   0.305627764   0.872571007
         36.800   0.127422157   0.305621110   0.305621110   0.872577843
         37.000   0.127404799   0.305604297   0.305604297   0.872595201
         37.200   0.127382556   0.305583174   0.305583174   0.872617444
         37.400   0.127361972   0.305564289   0.305564289   0.872638028
         37.600   0.127348552   0.305552967   0.305552967   0.872651448
         37.800   0.127345300   0.305551912   0.305551912   0.872654700
         38.000   0.127352077   0.305560669   0.305560669   0.872647923
         38.200   0.127365924   0.305576028   0.305576028   0.872634076
         38.400   0.127382141   0.305593181   0.305593181   0.872617859
         38.600   0.127395780   0.305607226   0.305607226   0.872604220
         38.800   0.127403065   0.305614566   0.305614566   0.872596935
         39.000   0.127402362   0.305613817   0.305613817   0.872597638
         39.200   0.127394457   0.305606003   0.305606003   0.872605543
         39.400   0.127382115   0.305594060   0.305594060   0.872617885
         39.600   0.127369123   0.305581830   0.305581830   0.872630877
         39.800   0.127359127   0.305572895   0.305572895   0.872640873
         40.000   0.127354609   0.305569582   0.305569582   0.872645391
         40.200   0.127356282   0.305572413   0.305572413   0.872643718
         40.400   0.127363045   0.305580118   0.305580118   0.872636955
         40.600   0.127372455   0.305590149   0.305590149   0.872627545
         40.800   0.127381537   0.305599521   0.305599521   0.872618463
         41.000   0.127387673   0.305605692   0.305605692   0.872612327
         41.200   0.127389316   0.305607249   0.305607249   0.872610684
         41.400   0.127386335   0.305604209   0.305604209   0.872613665
         41.600   0.127379922   0.305597889   0.305597889   0.872620078
         41.800   0.127372146   0.305590418   0.305590418   0.872627854
         42.000   0.127365280   0.305584063   0.305584063   0.872634720
         42.200   0.127361146   0.305580570   0.305580570   0.872638854
         42.400   0.127360631   0.305580719   0.305580719   0.872639369
         42.600   0.127363520   0.305584186   0.305584186   0.872636480
         42.800   0.127368654   0.305589731   0.305589731   0.872631346
         43.000   0.127374341   0.305595632   0.305595632   0.872625659
         43.200   0.127378883   0.305600213   0.305600213   0.872621117
         43.400   0.127381058   0.305602322   0.305602322   0.872618942
         43.600   0.127380424   0.305601604   0.305601604   0.872619576
         43.800   0.127377379   0.305598539   0.305598539   0.872622621
         44.000   0.127372969   0.305594226   0.305594226   0.872627031
         44.200   0.127368540   0.305590023   0.305590023   0.872631460
         44.400   0.127365324   0.305587135   0.305587135   0.872634676
         44.600   0.127364104   0.305586287   0.305586287   0.872635896
         44.800   0.127365028   0.305587559   0.305587559   0.872634972
         45.000   0.127367625   0.305590424   0.305590424   0.872632375
         45.200   0.127370991   0.305593945   0.305593945   0.872629009
         45.400   0.127374084   0.305597083   0.305597083   0.872625916
         45.600   0.127376034   0.305598995   0.305598995   0.872623966
         45.800   0.127376370   0.305599263   0.305599263   0.872623630
         46.000   0.127375123   0.305597968   0.305597968   0.872624877
         46.200   0.127372772   0.305595627   0.305595627   0.872627228
         46.400   0.127370066   0.305593010   0.305593010   0.872629933
         46.600   0.127367792   0.305590894   0.305590894   0.872632208
         46.800   0.127366544   0.305589847   0.305589847   0.872633456
         47.000   0.127366575   0.305590082   0.305590082   0.872633425
         47.200   0.127367752   0.305591430   0.305591430   0.872632248
         47.400   0.127369631   0.305593419   0.305593419   0.872630369
         47.600   0.127371606   0.305595438   0.305595438   0.872628394
         47.800   0.127373101   0.305596919   0.305596919   0.872626899
         48.000   0.127373723   0.305597496   0.305597496   0.872626277
         48.200   0.127373366   0.305597093   0.305597093   0.872626634
         48.400   0.127372208   0.305595916   0.305595916   0.872627792
         48.600   0.127370641   0.305594375   0.305594375   0.872629359
         48.800   0.127369140   0.305592944   0.305592944   0.872630860
         49.000   0.127368117   0.305592025   0.305592025   0.872631883
         49.200   0.127367815   0.305591840   0.305591840   0.872632185
         49.400   0.127368250   0.305592382   0.305592382   0.872631750
         49.600   0.127369229   0.305593437   0.305593437   0.872630771
         49.800   0.127370422   0.305594666   0.305594666   0.872629578
         50.000   0.127371465   0.305595709   0.305595709   0.872628535
         50.200   0.127372072   0.305596291   0.305596291   0.872627928
         50.400   0.127372104   0.305596290   0.305596290   0.872627896
         50.600   0.127371600   0.305595761   0.305595761   0.872628400
         50.800   0.127370744   0.305594905   0.305594905   0.872629256
         51.000   0.127369808   0.305593996   0.305593996   0.872630192
         51.200   0.127369060   0.305593300   0.305593300   0.872630940
         51.400   0.127368694   0.305592998   0.305592998   0.872631306
         51.600   0.127368776   0.305593144   0.305593144   0.872631224
         51.800   0.127369241   0.305593659   0.305593659   0.872630759
         52.000   0.127369921   0.305594369   0.305594369   0.872630079
         52.200   0.127370601   0.305595055   0.305595055   0.872629399
         52.400   0.127371086   0.305595528   0.305595528   0.872628914
         52.600   0.127371254   0.305595674   0.305595674   0.872628746
         52.800   0.127371082   0.305595482   0.305595482   0.872628918
         53.000   0.127370647   0.305595039   0.305595039   0.872629353
         53.200   0.127370094   0.305594493   0.305594493   0.872629906
         53.400   0.127369588   0.305594010   0.305594010   0.872630412
         53.600   0.127369267   0.305593723   0.305593723   0.872630733
         53.800   0.127369205   0.305593698   0.305593698   0.872630795
         54.000   0.127369394   0.305593920   0.305593920   0.872630606
         54.200   0.127369758   0.305594305   0.305594305   0.872630242
         54.400   0.127370176   0.305594732   0.305594732   0.872629824
         54.600   0.127370525   0.305595076   0.305595076   0.872629475
         54.800   0.127370709   0.305595248   0.305595248   0.872629291
         55.000   0.127370691   0.305595215   0.305595215   0.872629309
         55.200   0.127370491   0.305595006   0.305595006   0.872629509
         55.400   0.127370182   0.305594697   0.305594697   0.872629818
         55.600   0.127369860   0.305594383   0.305594383   0.872630140
         55.800   0.127369617   0.305594157   0.305594157   0.872630383
         56.000   0.127369513   0.305594074   0.305594074   0.872630487
         56.200   0.127369566   0.305594147   0.305594147   0.872630434
         56.400   0.127369745   0.305594342   0.305594342   0.872630255
         56.600   0.127369989   0.305594593   0.305594593   0.872630011
         56.800   0.127370221   0.305594825   0.305594825   0.872629779
         57.000   0.127370377   0.305594974   0.305594974   0.872629623
         57.200   0.127370417   0.305595006   0.305595006   0.872629583
         57.400   0.127370341   0.305594922   0.305594922   0.872629659
         57.600   0.127370180   0.305594757   0.305594757   0.872629820
         57.800   0.127369985   0.305594565   0.305594565   0.872630014
         58.000   0.127369816   0.305594404   0.305594404   0.872630184
         58.200   0.127369717   0.305594316   0.305594316   0.872630283
         58.400   0.127369710   0.305594321   0.305594321   0.872630290
         58.600   0.127369789   0.305594410   0.305594410   0.872630211
         58.800   0.127369922   0.305594550   0.305594550   0.872630078
         59.000   0.127370068   0.305594697   0.305594697   0.872629932
         59.200   0.127370183   0.305594809   0.305594809   0.872629817
         59.400   0.127370238   0.305594858   0.305594858   0.872629762
         59.600   0.127370221   0.305594836   0.305594836   0.872629779
         59.800   0.127370143   0.305594755   0.305594755   0.872629857
         60.000   0.127370033   0.305594644   0.305594644   0.872629967
         60.200   0.127369923   0.305594537   0.305594537   0.872630077
         60.400   0.127369844   0.305594464   0.305594464   0.872630156
         60.600   0.127369817   0.305594444   0.305594444   0.872630183
         60.800   0.127369843   0.305594477   0.305594477   0.872630157
         61.000   0.127369911   0.305594549   0.305594549   0.872630089
         61.200   0.127369998   0.305594638   0.305594638   0.872630002
         61.400   0.127370076   0.305594715   0.305594715   0.872629924
         61.600   0.127370125   0.305594761   0.305594761   0.872629875
         61.800   0.127370133   0.305594766   0.305594766   0.872629867
         62.000   0.127370101   0.305594731   0.305594731   0.872629899
         62.200   0.127370042   0.305594670   0.305594670   0.872629958
         62.400   0.127369974   0.305594604   0.305594604   0.872630026
         62.600   0.127369918   0.305594550   0.305594550   0.872630082
         62.800   0.127369888   0.305594524   0.305594524   0.872630112
         63.000   0.127369891   0.305594531   0.305594531   0.872630109
         63.200   0.127369922   0.305594565   0.305594565   0.872630078
         63.400   0.127369971   0.305594615   0.305594615   0.872630029
         63.600   0.127370021   0.305594666   0.305594666   0.872629979
         63.800   0.127370059   0.305594702   0.305594702   0.872629941
         64.000   0.127370074   0.305594715   0.305594715   0.872629926
         64.200   0.127370064   0.305594704   0.305594704   0.872629936
         64.400   0.127370035   0.305594673   0.305594673   0.872629965
         64.600   0.127369996   0.305594634   0.305594634   0.872630004
         64.800   0.127369958   0.305594597   0.305594597   0.872630042
         65.000   0.127369933   0.305594575   0.305594575   0.872630067
         65.200   0.127369927   0.305594570   0.305594570   0.872630073
         65.400   0.127369939   0.305594584   0.305594584   0.872630061
         65.600   0.127369964   0.305594611   0.305594611   0.872630036
         65.800   0.127369995   0.305594642   0.305594642   0.872630005
         66.000   0.127370021   0.305594668   0.305594668   0.872629979
         66.200   0.127370036   0.305594682   0.305594682   0.872629964
         66.400   0.127370037   0.305594681   0.305594681   0.872629963
         66.600   0.127370024   0.305594667   0.305594667   0.872629976
         66.800   0.127370002   0.305594645   0.305594645   0.872629998
         67.000   0.127369978   0.305594622   0.305594622   0.872630022
         67.200   0.127369960   0.305594604   0.305594604   0.872630040
         67.400   0.127369951   0.305594597   0.305594597   0.872630049
         67.600   0.127369954   0.305594601   0.305594601   0.872630046
         67.800   0.127369966   0.305594614   0.305594614   0.872630034
         68.000   0.127369984   0.305594632   0.305594632   0.872630016
         68.200   0.127370001   0.305594649   0.305594649   0.872629999
         68.400   0.127370013   0.305594661   0.305594661   0.872629987
         68.600   0.127370017   0.305594664   0.305594664   0.872629983
         68.800   0.127370013   0.305594659   0.305594659   0.872629987
         69.000   0.127370001   0.305594647   0.305594647   0.872629999
         69.200   0.127369988   0.305594633   0.305594633   0.872630012
         69.400   0.127369975   0.305594621   0.305594621   0.872630025
         69.600   0.127369967   0.305594614   0.305594614   0.872630033
         69.800   0.127369966   0.305594614   0.305594614   0.872630034
         70.000   0.127369971   0.305594619   0.305594619   0.872630029
         70.200   0.127369980   0.305594629   0.305594629   0.872630020
         70.400   0.127369991   0.305594640   0.305594640   0.872630009
         70.600   0.127370000   0.305594648   0.305594648   0.872630000
         70.800   0.127370004   0.305594653   0.305594653   0.872629996
         71.000   0.127370004   0.305594651   0.305594651   0.872629996
         71.200   0.127369999   0.305594646   0.305594646   0.872630001
         71.400   0.127369991   0.305594638   0.305594638   0.872630009
         71.600   0.127369983   0.305594630   0.305594630   0.872630017
         71.800   0.127369977   0.305594624   0.305594624   0.872630023
         72.000   0.127369974   0.305594622   0.305594622   0.872630026
         72.200   0.127369976   0.305594624   0.305594624   0.872630024
         72.400   0.127369980   0.305594629   0.305594629   0.872630020
         72.600   0.127369987   0.305594636   0.305594636   0.872630013
         72.800   0.127369993   0.305594642   0.305594642   0.872630007
         73.000   0.127369996   0.305594645   0.305594645   0.872630004
         73.200   0.127369997   0.305594646   0.305594646   0.872630003
         73.400   0.127369995   0.305594644   0.305594644   0.872630005
         73.600   0.127369991   0.305594639   0.305594639   0.872630009
         73.800   0.127369986   0.305594634   0.305594634   0.872630014
         74.000   0.127369982   0.305594630   0.305594630   0.872630018
         74.200   0.127369980   0.305594628   0.305594628   0.872630020
         74.400   0.127369980   0.305594628   0.305594628   0.872630020
         74.600   0.127369982   0.305594631   0.305594631   0.872630018
         74.800   0.127369985   0.305594634   0.305594634   0.872630015
         75.000   0.127369989   0.305594638   0.305594638   0.872630011
         75.200   0.127369992   0.305594641   0.305594641   0.872630008
         75.400   0.127369993   0.305594642   0.305594642   0.872630007
         75.600   0.127369993   0.305594641   0.305594641   0.872630007
         75.800   0.127369991   0.305594639   0.305594639   0.872630009
         76.000   0.127369988   0.305594636   0.305594636   0.872630012
         76.200   0.127369985   0.305594634   0.305594634   0.872630015
         76.400   0.127369983   0.305594632   0.305594632   0.872630017
         76.600   0.127369983   0.305594631   0.305594631   0.872630017
         76.800   0.127369983   0.305594632   0.305594632   0.872630017
         77.000   0.127369985   0.305594634   0.305594634   0.872630015
         77.200   0.127369987   0.305594636   0.305594636   0.872630013
         77.400   0.127369989   0.305594638   0.305594638   0.872630011
         77.600   0.127369990   0.305594639   0.305594639   0.872630010
         77.800   0.127369991   0.305594639   0.305594639   0.872630009
         78.000   0.127369990   0.305594639   0.305594639   0.872630010
         78.200   0.127369988   0.305594637   0.305594637   0.872630012
         78.400   0.127369987   0.305594635   0.305594635   0.872630013
         78.600   0.127369985   0.305594634   0.305594634   0.872630015
         78.800   0.127369984   0.305594633   0.305594633   0.872630016
         79.000   0.127369985   0.305594633   0.305594633   0.872630015
         79.200   0.127369985   0.305594634   0.305594634   0.872630015
         79.400   0.127369987   0.305594636   0.305594636   0.872630013
         79.600   0.127369988   0.305594637   0.305594637   0.872630012
         79.800   0.127369989   0.305594638   0.305594638   0.872630011
         80.000   0.127369989   0.305594638   0.305594638   0.872630011
         80.200   0.127369989   0.305594638   0.305594638   0.872630011
         80.400   0.127369988   0.305594637   0.305594637   0.872630012
         80.600   0.127369987   0.305594636   0.305594636   0.872630013
         80.800   0.127369986   0.305594635   0.305594635   0.872630014
         81.000   0.127369986   0.305594635   0.305594635   0.872630014
         81.200   0.127369985   0.305594634   0.305594634   0.872630015
         81.400   0.127369986   0.305594635   0.305594635   0.872630014
         81.600   0.127369986   0.305594635   0.305594635   0.872630014
         81.800   0.127369987   0.305594636   0.305594636   0.872630013
         82.000   0.127369988   0.305594637   0.305594637   0.872630012
         82.200   0.127369988   0.305594637   0.305594637   0.872630012
         82.400   0.127369988   0.305594637   0.305594637   0.872630012
         82.600   0.127369988   0.305594637   0.305594637   0.872630012
         82.800   0.127369987   0.305594636   0.305594636   0.872630013
         83.000   0.127369987   0.305594636   0.305594636   0.872630013
         83.200   0.127369986   0.305594635   0.305594635   0.872630014
         83.400   0.127369986   0.305594635   0.305594635   0.872630014
         83.600   0.127369986   0.305594635   0.305594635   0.872630014
         83.800   0.127369987   0.305594636   0.305594636   0.872630013
         84.000   0.127369987   0.305594636   0.305594636   0.872630013
         84.200   0.127369987   0.305594636   0.305594636   0.872630013
         84.400   0.127369988   0.305594637   0.305594637   0.872630012
         84.600   0.127369988   0.305594637   0.305594637   0.872630012
         84.800   0.127369988   0.305594637   0.305594637   0.872630012
         85.000   0.127369987   0.305594636   0.305594636   0.872630013
         85.200   0.127369987   0.305594636   0.305594636   0.872630013
         85.400   0.127369987   0.305594636   0.305594636   0.872630013
         85.600   0.127369987   0.305594636   0.305594636   0.872630013
         85.800   0.127369986   0.305594635   0.305594635   0.872630014
         86.000   0.127369987   0.305594636   0.305594636   0.872630013
         86.200   0.127369987   0.305594636   0.305594636   0.872630013
         86.400   0.127369987   0.305594636   0.305594636   0.872630013
         86.600   0.127369987   0.305594636   0.305594636   0.872630013
         86.800   0.127369987   0.305594636   0.305594636   0.872630013
         87.000   0.127369987   0.305594636   0.305594636   0.872630013
         87.200   0.127369987   0.305594636   0.305594636   0.872630013
         87.400   0.127369987   0.305594636   0.305594636   0.872630013
         87.600   0.127369987   0.305594636   0.305594636   0.872630013
         87.800   0.127369987   0.305594636   0.305594636   0.872630013
         88.000   0.127369987   0.305594636   0.305594636   0.872630013
         88.200   0.127369987   0.305594636   0.305594636   0.872630013
         88.400   0.127369987   0.305594636   0.305594636   0.872630013
         88.600   0.127369987   0.305594636   0.305594636   0.872630013
         88.800   0.127369987   0.305594636   0.305594636   0.872630013
         89.000   0.127369987   0.305594636   0.305594636   0.872630013
         89.200   0.127369987   0.305594636   0.305594636   0.872630013
         89.400   0.127369987   0.305594636   0.305594636   0.872630013
         89.600   0.127369987   0.305594636   0.305594636   0.872630013
         89.800   0.127369987   0.305594636   0.305594636   0.872630013
         90.000   0.127369987   0.305594636   0.305594636   0.872630013
         90.200   0.127369987   0.305594636   0.305594636   0.872630013
         90.400   0.127369987   0.305594636   0.305594636   0.872630013
         90.600   0.127369987   0.305594636   0.305594636   0.872630013
         90.800   0.127369987   0.305594636   0.305594636   0.872630013
         91.000   0.127369987   0.305594636   0.305594636   0.872630013
         91.200   0.127369987   0.305594636   0.305594636   0.872630013
         91.400   0.127369987   0.305594636   0.305594636   0.872630013
         91.600   0.127369987   0.305594636   0.305594636   0.872630013
         91.800   0.127369987   0.305594636   0.305594636   0.872630013
         92.000   0.127369987   0.305594636   0.305594636   0.872630013
         92.200   0.127369987   0.305594636   0.305594636   0.872630013
         92.400   0.127369987   0.305594636   0.305594636   0.872630013
         92.600   0.127369987   0.305594636   0.305594636   0.872630013
         92.800   0.127369987   0.305594636   0.305594636   0.872630013
         93.000   0.127369987   0.305594636   0.305594636   0.872630013
         93.200   0.127369987   0.305594636   0.305594636   0.872630013
         93.400   0.127369987   0.305594636   0.305594636   0.872630013
         93.600   0.127369987   0.305594636   0.305594636   0.872630013
         93.800   0.127369987   0.305594636   0.305594636   0.872630013
         94.000   0.127369987   0.305594636   0.305594636   0.872630013
         94.200   0.127369987   0.305594636   0.305594636   0.872630013
         94.400   0.127369987   0.305594636   0.305594636   0.872630013
         94.600   0.127369987   0.305594636   0.305594636   0.872630013
         94.800   0.127369987   0.305594636   0.305594636   0.872630013
         95.000   0.127369987   0.305594636   0.305594636   0.872630013
         95.200   0.127369987   0.305594636   0.305594636   0.872630013
         95.400   0.127369987   0.305594636   0.305594636   0.872630013
         95.600   0.127369987   0.305594636   0.305594636   0.872630013
         95.800   0.127369987   0.305594636   0.305594636   0.872630013
         96.000   0.127369987   0.305594636   0.305594636   0.872630013
         96.200   0.127369987   0.305594636   0.305594636   0.872630013
         96.400   0.127369987   0.305594636   0.305594636   0.872630013
         96.600   0.127369987   0.305594636   0.305594636   0.872630013
         96.800   0.127369987   0.305594636   0.305594636   0.872630013
         97.000   0.127369987   0.305594636   0.305594636   0.872630013
         97.200   0.127369987   0.305594636   0.305594636   0.872630013
         97.400   0.127369987   0.305594636   0.305594636   0.872630013
         97.600   0.127369987   0.305594636   0.305594636   0.872630013
         97.800   0.127369987   0.305594636   0.305594636   0.872630013
         98.000   0.127369987   0.305594636   0.305594636   0.872630013
         98.200   0.127369987   0.305594636   0.305594636   0.872630013
         98.400   0.127369987   0.305594636   0.305594636   0.872630013
         98.600   0.127369987   0.305594636   0.305594636   0.872630013
         98.800   0.127369987   0.305594636   0.305594636   0.872630013
         99.000   0.127369987   0.305594636   0.305594636   0.872630013
         99.200   0.127369987   0.305594636   0.305594636   0.872630013
         99.400   0.127369987   0.305594636   0.305594636   0.872630013
         99.600   0.127369987   0.305594636   0.305594636   0.872630013
         99.800   0.127369987   0.305594636   0.305594636   0.872630013
        100.000   0.127369987   0.305594636   0.305594636   0.872630013
        100.200   0.127369987   0.305594636   0.305594636   0.872630013
        100.400   0.127369987   0.305594636   0.305594636   0.872630013
        100.600   0.127369987   0.305594636   0.305594636   0.872630013
        100.800   0.127369987   0.305594636   0.305594636   0.872630013
        101.000   0.127369987   0.305594636   0.305594636   0.872630013
        101.200   0.127369987   0.305594636   0.305594636   0.872630013
        101.400   0.127369987   0.305594636   0.305594636   0.872630013
        101.600   0.127369987   0.305594636   0.305594636   0.872630013
        101.800   0.127369987   0.305594636   0.305594636   0.872630013
        102.000   0.127369987   0.305594636   0.305594636   0.872630013
        102.200   0.127369987   0.305594636   0.305594636   0.872630013
        102.400   0.127369987   0.305594636   0.305594636   0.872630013
        102.600   0.127369987   0.305594636   0.305594636   0.872630013
        102.800   0.127369987   0.305594636   0.305594636   0.872630013
        103.000   0.127369987   0.305594636   0.305594636   0.872630013
        103.200   0.127369987   0.305594636   0.305594636   0.872630013
        103.400   0.127369987   0.305594636   0.305594636   0.872630013
        103.600   0.127369987   0.305594636   0.305594636   0.872630013
        103.800   0.127369987   0.305594636   0.305594636   0.872630013
        104.000   0.127369987   0.305594636   0.305594636   0.872630013
        104.200   0.127369987   0.305594636   0.305594636   0.872630013
        104.400   0.127369987   0.305594636   0.305594636   0.872630013
        104.600   0.127369987   0.305594636   0.305594636   0.872630013
        104.800   0.127369987   0.305594636   0.305594636   0.872630013
        105.000   0.127369987   0.305594636   0.305594636   0.872630013
        105.200   0.127369987   0.305594636   0.305594636   0.872630013
        105.400   0.127369987   0.305594636   0.305594636   0.872630013
        105.600   0.127369987   0.305594636   0.305594636   0.872630013
        105.800   0.127369987   0.305594636   0.305594636   0.872630013
        106.000   0.127369987   0.305594636   0.305594636   0.872630013
        106.200   0.127369987   0.305594636   0.305594636   0.872630013
        106.400   0.127369987   0.305594636   0.305594636   0.872630013
        106.600   0.127369987   0.305594636   0.305594636   0.872630013
        106.800   0.127369987   0.305594636   0.305594636   0.872630013
        107.000   0.127369987   0.305594636   0.305594636   0.872630013
        107.200   0.127369987   0.305594636   0.305594636   0.872630013
        107.400   0.127369987   0.305594636   0.305594636   0.872630013
        107.600   0.127369987   0.305594636   0.305594636   0.872630013
        107.800   0.127369987   0.305594636   0.305594636   0.872630013
        108.000   0.127369987   0.305594636   0.305594636   0.872630013
        108.200   0.127369987   0.305594636   0.305594636   0.872630013
        108.400   0.127369987   0.305594636   0.305594636   0.872630013
        108.600   0.127369987   0.305594636   0.305594636   0.872630013
        108.800   0.127369987   0.305594636   0.305594636   0.872630013
        109.000   0.127369987   0.305594636   0.305594636   0.872630013
        109.200   0.127369987   0.305594636   0.305594636   0.872630013
        109.400   0.127369987   0.305594636   0.305594636   0.872630013
        109.600   0.127369987   0.305594636   0.305594636   0.872630013
        109.800   0.127369987   0.305594636   0.305594636   0.872630013
        110.000   0.127369987   0.305594636   0.305594636   0.872630013
        110.200   0.127369987   0.305594636   0.305594636   0.872630013
        110.400   0.127369987   0.305594636   0.305594636   0.872630013
        110.600   0.127369987   0.305594636   0.305594636   0.872630013
        110.800   0.127369987   0.305594636   0.305594636   0.872630013
        111.000   0.127369987   0.305594636   0.305594636   0.872630013
        111.200   0.127369987   0.305594636   0.305594636   0.872630013
        111.400   0.127369987   0.305594636   0.305594636   0.872630013
        111.600   0.127369987   0.305594636   0.305594636   0.872630013
        111.800   0.127369987   0.305594636   0.305594636   0.872630013
        112.000   0.127369987   0.305594636   0.305594636   0.872630013
        112.200   0.127369987   0.305594636   0.305594636   0.872630013
        112.400   0.127369987   0.305594636   0.305594636   0.872630013
        112.600   0.127369987   0.305594636   0.305594636   0.872630013
        112.800   0.127369987   0.305594636   0.305594636   0.872630013
        113.000   0.127369987   0.305594636   0.305594636   0.872630013
        113.200   0.127369987   0.305594636   0.305594636   0.872630013
        113.400   0.127369987   0.305594636   0.305594636   0.872630013
        113.600   0.127369987   0.305594636   0.305594636   0.872630013
        113.800   0.127369987   0.305594636   0.305594636   0.872630013
        114.000   0.127369987   0.305594636   0.305594636   0.872630013
        114.200   0.127369987   0.305594636   0.305594636   0.872630013
        114.400   0.127369987   0.305594636   0.305594636   0.872630013
        114.600   0.127369987   0.305594636   0.305594636   0.872630013
        114.800   0.127369987   0.305594636   0.305594636   0.872630013
        115.000   0.127369987   0.305594636   0.305594636   0.872630013
        115.200   0.127369987   0.305594636   0.305594636   0.872630013
        115.400   0.127369987   0.305594636   0.305594636   0.872630013
        115.600   0.127369987   0.305594636   0.305594636   0.872630013
        115.800   0.127369987   0.305594636   0.305594636   0.872630013
        116.000   0.127369987   0.305594636   0.305594636   0.872630013
        116.200   0.127369987   0.305594636   0.305594636   0.872630013
        116.400   0.127369987   0.305594636   0.305594636   0.872630013
        116.600   0.127369987   0.305594636   0.305594636   0.872630013
        116.800   0.127369987   0.305594636   0.305594636   0.872630013
        117.000   0.127369987   0.305594636   0.305594636   0.872630013
        117.200   0.127369987   0.305594636   0.305594636   0.872630013
        117.400   0.127369987   0.305594636   0.305594636   0.872630013
        117.600   0.127369987   0.305594636   0.305594636   0.872630013
        117.800   0.127369987   0.305594636   0.305594636   0.872630013
        118.000   0.127369987   0.305594636   0.305594636   0.872630013
        118.200   0.127369987   0.305594636   0.305594636   0.872630013
        118.400   0.127369987   0.305594636   0.305594636   0.872630013
        118.600   0.127369987   0.305594636   0.305594636   0.872630013
        118.800   0.127369987   0.305594636   0.305594636   0.872630013
        119.000   0.127369987   0.305594636   0.305594636   0.872630013
        119.200   0.127369987   0.305594636   0.305594636   0.872630013
        119.400   0.127369987   0.305594636   0.305594636   0.872630013
        119.600   0.127369987   0.305594636   0.305594636   0.872630013
        119.800   0.127369987   0.305594636   0.305594636   0.872630013
        120.000   0.127369987   0.305594636   0.305594636   0.872630013
