          0.200   0.000000000  -0.183137504   0.183137504   0.000000000
          0.400   0.000000000  -0.299835557   0.299835557   0.000000000
          0.600  -0.000000000  -0.335812466   0.335812466   0.000000000
          0.800   0.000000000  -0.293929949   0.293929949  -0.000000000
          1.000   0.000000000  -0.194604678   0.194604678  -0.000000000
          1.200   0.000000000  -0.070671431   0.070671431  -0.000000000
          1.400   0.000000000   0.041513647  -0.041513647  -0.000000000
          1.600   0.000000000   0.112523801  -0.112523801  -0.000000000
          1.800   0.000000000   0.127533775  -0.127533775  -0.000000000
          2.000   0.000000000   0.088954462  -0.088954462  -0.000000000
          2.200  -0.000000000   0.013967961  -0.013967961  -0.000000000
          2.400  -0.000000000  -0.071826644   0.071826644  -0.000000000
          2.600  -0.000000000  -0.142476075   0.142476075  -0.000000000
          2.800  -0.000000000  -0.179002226   0.179002226  -0.000000000
          3.000  -0.000000000  -0.174013646   0.174013646  -0.000000000
          3.200  -0.000000000  -0.132583881   0.132583881  -0.000000000
          3.400  -0.000000000  -0.069535606   0.069535606  -0.000000000
          3.600   0.000000000  -0.004265333   0.004265333  -0.000000000
          3.800   0.000000000   0.045182505  -0.045182505  -0.000000000
          4.000   0.000000000   0.067048953  -0.067048953  -0.000000000
          4.200   0.000000000   0.058517352  -0.058517352  -0.000000000
          4.400   0.000000000   0.025582121  -0.025582121  -0.000000000
          4.600   0.000000000  -0.019545494   0.019545494  -0.000000000
          4.800   0.000000000  -0.062510968   0.062510968  -0.000000000
          5.000   0.000000000  -0.091071527   0.091071527  -0.000000000
          5.200   0.000000000  -0.098317945   0.098317945  -0.000000000
          5.400   0.000000000  -0.084064322   0.084064322  -0.000000000
          5.600   0.000000000  -0.054204579   0.054204579  -0.000000000
          5.800   0.000000000  -0.018426641   0.018426641  -0.000000000
          6.000   0.000000000   0.012903472  -0.012903472  -0.000000000
          6.200   0.000000000   0.031726084  -0.031726084  -0.000000000
          6.400   0.000000000   0.034315593  -0.034315593  -0.000000000
          6.600   0.000000000   0.021880420  -0.021880420  -0.000000000
          6.800   0.000000000  -0.000285868   0.000285868  -0.000000000
          7.000   0.000000000  -0.024713961   0.024713961  -0.000000000
          7.200   0.000000000  -0.044082438   0.044082438  -0.000000000
          7.400   0.000000000  -0.053259718   0.053259718  -0.000000000
          7.600   0.000000000  -0.050519524   0.050519524  -0.000000000
          7.800   0.000000000  -0.037673627   0.037673627  -0.000000000
          8.000   0.000000000  -0.019196468   0.019196468  -0.000000000
          8.200   0.000000000  -0.000691876   0.000691876  -0.000000000
          8.400   0.000000000   0.012799167  -0.012799167  -0.000000000
          8.600   0.000000000   0.018157649  -0.018157649  -0.000000000
          8.800   0.000000000   0.014864963  -0.014864963  -0.000000000
          9.000   0.000000000   0.004880314  -0.004880314  -0.000000000
          9.200   0.000000000  -0.008165655   0.008165655  -0.000000000
          9.400   0.000000000  -0.020163717   0.020163717  -0.000000000
          9.600   0.000000000  -0.027730162   0.027730162  -0.000000000
          9.800   0.000000000  -0.029082559   0.029082559  -0.000000000
         10.000   0.000000000  -0.024374953   0.024374953  -0.000000000
         10.200   0.000000000  -0.015454154   0.015454154  -0.000000000
         10.400   0.000000000  -0.005165445   0.005165445  -0.000000000
         10.600   0.000000000   0.003550588  -0.003550588  -0.000000000
         10.800   0.000000000   0.008494654  -0.008494654  -0.000000000
         11.000   0.000000000   0.008750531  -0.008750531  -0.000000000
         11.200   0.000000000   0.004810208  -0.004810208  -0.000000000
         11.400   0.000000000  -0.001709722   0.001709722  -0.000000000
         11.600   0.000000000  -0.008638467   0.008638467  -0.000000000
         11.800   0.000000000  -0.013918258   0.013918258  -0.000000000
         12.000   0.000000000  -0.016170866   0.016170866  -0.000000000
         12.200   0.000000000  -0.015014583   0.015014583  -0.000000000
         12.400   0.000000000  -0.011068355   0.011068355  -0.000000000
         12.600   0.000000000  -0.005674249   0.005674249  -0.000000000
         12.800   0.000000000  -0.000445360   0.000445360  -0.000000000
         13.000   0.000000000   0.003215726  -0.003215726  -0.000000000
         13.200   0.000000000   0.004489535  -0.004489535  -0.000000000
         13.400   0.000000000   0.003309895  -0.003309895  -0.000000000
         13.600   0.000000000   0.000304800  -0.000304800  -0.000000000
         13.800   0.000000000  -0.003451722   0.003451722  -0.000000000
         14.000   0.000000000  -0.006787477   0.006787477  -0.000000000
         14.200   0.000000000  -0.008771617   0.008771617  -0.000000000
         14.400   0.000000000  -0.008951228   0.008951228  -0.000000000
         14.600   0.000000000  -0.007429150   0.007429150  -0.000000000
         14.800   0.000000000  -0.004777545   0.004777545  -0.000000000
         15.000   0.000000000  -0.001828497   0.001828497  -0.000000000
         15.200   0.000000000   0.000586804  -0.000586804  -0.000000000
         15.400   0.000000000   0.001871666  -0.001871666  -0.000000000
         15.600   0.000000000   0.001807442  -0.001807442  -0.000000000
         15.800   0.000000000   0.000575983  -0.000575983  -0.000000000
         16.000   0.000000000  -0.001332798   0.001332798  -0.000000000
         16.200   0.000000000  -0.003290406   0.003290406  -0.000000000
         16.400   0.000000000  -0.004720675   0.004720675  -0.000000000
         16.600   0.000000000  -0.005256250   0.005256250  -0.000000000
         16.800   0.000000000  -0.004820202   0.004820202  -0.000000000
         17.000   0.000000000  -0.003617593   0.003617593  -0.000000000
         17.200   0.000000000  -0.002048643   0.002048643  -0.000000000
         17.400   0.000000000  -0.000576030   0.000576030  -0.000000000
         17.600   0.000000000   0.000411653  -0.000411653  -0.000000000
         17.800   0.000000000   0.000701504  -0.000701504  -0.000000000
         18.000   0.000000000   0.000298030  -0.000298030  -0.000000000
         18.200   0.000000000  -0.000600546   0.000600546  -0.000000000
         18.400   0.000000000  -0.001677990   0.001677990  -0.000000000
         18.600   0.000000000  -0.002601101   0.002601101  -0.000000000
         18.800   0.000000000  -0.003115085   0.003115085  -0.000000000
         19.000   0.000000000  -0.003107040   0.003107040  -0.000000000
         19.200   0.000000000  -0.002622992   0.002622992  -0.000000000
         19.400   0.000000000  -0.001838512   0.001838512  -0.000000000
         19.600   0.000000000  -0.000995952   0.000995952  -0.000000000
         19.800   0.000000000  -0.000329400   0.000329400  -0.000000000
         20.000   0.000000000   0.000000278  -0.000000278  -0.000000000
         20.200   0.000000000  -0.000056886   0.000056886  -0.000000000
         20.400   0.000000000  -0.000437362   0.000437362  -0.000000000
         20.600   0.000000000  -0.000993687   0.000993687  -0.000000000
         20.800   0.000000000  -0.001544569   0.001544569  -0.000000000
         21.000   0.000000000  -0.001929319   0.001929319  -0.000000000
         21.200   0.000000000  -0.002050870   0.002050870  -0.000000000
         21.400   0.000000000  -0.001896469   0.001896469  -0.000000000
         21.600   0.000000000  -0.001532533   0.001532533  -0.000000000
         21.800   0.000000000  -0.001077783   0.001077783  -0.000000000
         22.000   0.000000000  -0.000664457   0.000664457  -0.000000000
         22.200   0.000000000  -0.000399733   0.000399733  -0.000000000
         22.400   0.000000000  -0.000338180   0.000338180  -0.000000000
         22.600   0.000000000  -0.000471847   0.000471847  -0.000000000
         22.800   0.000000000  -0.000738947   0.000738947  -0.000000000
         23.000   0.000000000  -0.001046777   0.001046777  -0.000000000
         23.200   0.000000000  -0.001300960   0.001300960  -0.000000000
         23.400   0.000000000  -0.001432132   0.001432132  -0.000000000
         23.600   0.000000000  -0.001412845   0.001412845  -0.000000000
         23.800   0.000000000  -0.001260945   0.001260945  -0.000000000
         24.000   0.000000000  -0.001029859   0.001029859  -0.000000000
         24.200   0.000000000  -0.000789902   0.000789902  -0.000000000
         24.400   0.000000000  -0.000606755   0.000606755  -0.000000000
         24.600   0.000000000  -0.000523476   0.000523476  -0.000000000
         24.800   0.000000000  -0.000550734   0.000550734  -0.000000000
         25.000   0.000000000  -0.000667145   0.000667145  -0.000000000
         25.200   0.000000000  -0.000828594   0.000828594  -0.000000000
         25.400   0.000000000  -0.000982974   0.000982974  -0.000000000
         25.600   0.000000000  -0.001085655   0.001085655  -0.000000000
         25.800   0.000000000  -0.001111248   0.001111248  -0.000000000
         26.000   0.000000000  -0.001058749   0.001058749  -0.000000000
         26.200   0.000000000  -0.000949296   0.000949296   0.000000000
         26.400   0.000000000  -0.000817935   0.000817935   0.000000000
         26.600   0.000000000  -0.000702327   0.000702327   0.000000000
         26.800   0.000000000  -0.000631892   0.000631892   0.000000000
         27.000   0.000000000  -0.000620382   0.000620382   0.000000000
         27.200   0.000000000  -0.000663636   0.000663636   0.000000000
         27.400   0.000000000  -0.000742598   0.000742598   0.000000000
         27.600   0.000000000  -0.000830203   0.000830203   0.000000000
         27.800   0.000000000  -0.000899816   0.000899816   0.000000000
         28.000   0.000000000  -0.000932667   0.000932667   0.000000000
         28.200   0.000000000  -0.000922310   0.000922310   0.000000000
         28.400   0.000000000  -0.000875163   0.000875163   0.000000000
         28.600   0.000000000  -0.000807367   0.000807367   0.000000000
         28.800   0.000000000  -0.000739245   0.000739245   0.000000000
         29.000   0.000000000  -0.000689155   0.000689155   0.000000000
         29.200   0.000000000  -0.000668531   0.000668531   0.000000000
         29.400   0.000000000  -0.000679381   0.000679381   0.000000000
         29.600   0.000000000  -0.000714698   0.000714698   0.000000000
         29.800   0.000000000  -0.000761356   0.000761356   0.000000000
         30.000   0.000000000  -0.000804433   0.000804433   0.000000000
         30.200   0.000000000  -0.000831587   0.000831587   0.000000000
         30.400   0.000000000  -0.000836256   0.000836256   0.000000000
         30.600   0.000000000  -0.000818906   0.000818906   0.000000000
         30.800   0.000000000  -0.000786171   0.000786171   0.000000000
         31.000   0.000000000  -0.000748350   0.000748350   0.000000000
         31.200   0.000000000  -0.000716129   0.000716129   0.000000000
         31.400   0.000000000  -0.000697544   0.000697544   0.000000000
         31.600   0.000000000  -0.000695985   0.000695985   0.000000000
         31.800   0.000000000  -0.000709730   0.000709730   0.000000000
         32.000   0.000000000  -0.000732954   0.000732954   0.000000000
         32.200   0.000000000  -0.000757787   0.000757787   0.000000000
         32.400   0.000000000  -0.000776740   0.000776740   0.000000000
         32.600   0.000000000  -0.000784766   0.000784766   0.000000000
         32.800   0.000000000  -0.000780429   0.000780429   0.000000000
         33.000   0.000000000  -0.000765930   0.000765930   0.000000000
         33.200   0.000000000  -0.000746116   0.000746116   0.000000000
         33.400   0.000000000  -0.000726838   0.000726838   0.000000000
         33.600   0.000000000  -0.000713207   0.000713207   0.000000000
         33.800   0.000000000  -0.000708231   0.000708231   0.000000000
         34.000   0.000000000  -0.000712185   0.000712185   0.000000000
         34.200   0.000000000  -0.000722820   0.000722820   0.000000000
         34.400   0.000000000  -0.000736249   0.000736249   0.000000000
         34.600   0.000000000  -0.000748214   0.000748214   0.000000000
         34.800   0.000000000  -0.000755318   0.000755318   0.000000000
         35.000   0.000000000  -0.000755889   0.000755889   0.000000000
         35.200   0.000000000  -0.000750276   0.000750276   0.000000000
         35.400   0.000000000  -0.000740535   0.000740535   0.000000000
         35.600   0.000000000  -0.000729680   0.000729680   0.000000000
         35.800   0.000000000  -0.000720734   0.000720734   0.000000000
         36.000   0.000000000  -0.000715876   0.000715876   0.000000000
         36.200   0.000000000  -0.000715921   0.000715921   0.000000000
         36.400   0.000000000  -0.000720226   0.000720226   0.000000000
         36.600   0.000000000  -0.000727024   0.000727024   0.000000000
         36.800   0.000000000  -0.000734035   0.000734035   0.000000000
         37.000   0.000000000  -0.000739161   0.000739161   0.000000000
         37.200   0.000000000  -0.000741056   0.000741056   0.000000000
         37.400   0.000000000  -0.000739426   0.000739426   0.000000000
         37.600   0.000000000  -0.000735003   0.000735003   0.000000000
         37.800   0.000000000  -0.000729233   0.000729233   0.000000000
         38.000   0.000000000  -0.000723795   0.000723795   0.000000000
         38.200   0.000000000  -0.000720105   0.000720105   0.000000000
         38.400   0.000000000  -0.000718947   0.000718947   0.000000000
         38.600   0.000000000  -0.000720315   0.000720315   0.000000000
         38.800   0.000000000  -0.000723495   0.000723495   0.000000000
         39.000   0.000000000  -0.000727345   0.000727345   0.000000000
         39.200   0.000000000  -0.000730652   0.000730652   0.000000000
         39.400   0.000000000  -0.000732487   0.000732487   0.000000000
         39.600   0.000000000  -0.000732431   0.000732431   0.000000000
         39.800   0.000000000  -0.000730644   0.000730644   0.000000000
         40.000   0.000000000  -0.000727759   0.000727759   0.000000000
         40.200   0.000000000  -0.000724653   0.000724653   0.000000000
         40.400   0.000000000  -0.000722179   0.000722179   0.000000000
         40.600   0.000000000  -0.000720924   0.000720924   0.000000000
         40.800   0.000000000  -0.000721075   0.000721075   0.000000000
         41.000   0.000000000  -0.000722407   0.000722407   0.000000000
         41.200   0.000000000  -0.000724388   0.000724388   0.000000000
         41.400   0.000000000  -0.000726359   0.000726359   0.000000000
         41.600   0.000000000  -0.000727735   0.000727735   0.000000000
         41.800   0.000000000  -0.000728160   0.000728160   0.000000000
         42.000   0.000000000  -0.000727584   0.000727584   0.000000000
         42.200   0.000000000  -0.000726244   0.000726244   0.000000000
         42.400   0.000000000  -0.000724570   0.000724570   0.000000000
         42.600   0.000000000  -0.000723041   0.000723041   0.000000000
         42.800   0.000000000  -0.000722048   0.000722048   0.000000000
         43.000   0.000000000  -0.000721793   0.000721793   0.000000000
         43.200   0.000000000  -0.000722249   0.000722249   0.000000000
         43.400   0.000000000  -0.000723194   0.000723194   0.000000000
         43.600   0.000000000  -0.000724293   0.000724293   0.000000000
         43.800   0.000000000  -0.000725203   0.000725203   0.000000000
         44.000   0.000000000  -0.000725669   0.000725669   0.000000000
         44.200   0.000000000  -0.000725590   0.000725590   0.000000000
         44.400   0.000000000  -0.000725029   0.000725029   0.000000000
         44.600   0.000000000  -0.000724178   0.000724178   0.000000000
         44.800   0.000000000  -0.000723292   0.000723292   0.000000000
         45.000   0.000000000  -0.000722611   0.000722611   0.000000000
         45.200   0.000000000  -0.000722291   0.000722291   0.000000000
         45.400   0.000000000  -0.000722373   0.000722373   0.000000000
         45.600   0.000000000  -0.000722781   0.000722781   0.000000000
         45.800   0.000000000  -0.000723355   0.000723355   0.000000000
         46.000   0.000000000  -0.000723907   0.000723907   0.000000000
         46.200   0.000000000  -0.000724274   0.000724274   0.000000000
         46.400   0.000000000  -0.000724361   0.000724361   0.000000000
         46.600   0.000000000  -0.000724166   0.000724166   0.000000000
         46.800   0.000000000  -0.000723762   0.000723762   0.000000000
         47.000   0.000000000  -0.000723278   0.000723278   0.000000000
         47.200   0.000000000  -0.000722849   0.000722849   0.000000000
         47.400   0.000000000  -0.000722584   0.000722584   0.000000000
         47.600   0.000000000  -0.000722533   0.000722533   0.000000000
         47.800   0.000000000  -0.000722681   0.000722681   0.000000000
         48.000   0.000000000  -0.000722961   0.000722961   0.000000000
         48.200   0.000000000  -0.000723273   0.000723273   0.000000000
         48.400   0.000000000  -0.000723522   0.000723522   0.000000000
         48.600   0.000000000  -0.000723638   0.000723638   0.000000000
         48.800   0.000000000  -0.000723597   0.000723597   0.000000000
         49.000   0.000000000  -0.000723423   0.000723423   0.000000000
         49.200   0.000000000  -0.000723173   0.000723173   0.000000000
         49.400   0.000000000  -0.000722921   0.000722921   0.000000000
         49.600   0.000000000  -0.000722734   0.000722734   0.000000000
         49.800   0.000000000  -0.000722654   0.000722654   0.000000000
         50.000   0.000000000  -0.000722688   0.000722688   0.000000000
         50.200   0.000000000  -0.000722812   0.000722812   0.000000000
         50.400   0.000000000  -0.000722978   0.000722978   0.000000000
         50.600   0.000000000  -0.000723132   0.000723132   0.000000000
         50.800   0.000000000  -0.000723228   0.000723228   0.000000000
         51.000   0.000000000  -0.000723244   0.000723244   0.000000000
         51.200   0.000000000  -0.000723179   0.000723179   0.000000000
         51.400   0.000000000  -0.000723058   0.000723058   0.000000000
         51.600   0.000000000  -0.000722919   0.000722919   0.000000000
         51.800   0.000000000  -0.000722799   0.000722799   0.000000000
         52.000   0.000000000  -0.000722729   0.000722729   0.000000000
         52.200   0.000000000  -0.000722720   0.000722720   0.000000000
         52.400   0.000000000  -0.000722767   0.000722767   0.000000000
         52.600   0.000000000  -0.000722849   0.000722849   0.000000000
         52.800   0.000000000  -0.000722938   0.000722938   0.000000000
         53.000   0.000000000  -0.000723006   0.000723006   0.000000000
         53.200   0.000000000  -0.000723034   0.000723034   0.000000000
         53.400   0.000000000  -0.000723017   0.000723017   0.000000000
         53.600   0.000000000  -0.000722963   0.000722963   0.000000000
         53.800   0.000000000  -0.000722890   0.000722890   0.000000000
         54.000   0.000000000  -0.000722819   0.000722819   0.000000000
         54.200   0.000000000  -0.000722768   0.000722768   0.000000000
         54.400   0.000000000  -0.000722748   0.000722748   0.000000000
         54.600   0.000000000  -0.000722761   0.000722761   0.000000000
         54.800   0.000000000  -0.000722798   0.000722798   0.000000000
         55.000   0.000000000  -0.000722846   0.000722846   0.000000000
         55.200   0.000000000  -0.000722889   0.000722889   0.000000000
         55.400   0.000000000  -0.000722914   0.000722914   0.000000000
         55.600   0.000000000  -0.000722915   0.000722915   0.000000000
         55.800   0.000000000  -0.000722894   0.000722894   0.000000000
         56.000   0.000000000  -0.000722858   0.000722858   0.000000000
         56.200   0.000000000  -0.000722818   0.000722818   0.000000000
         56.400   0.000000000  -0.000722785   0.000722785   0.000000000
         56.600   0.000000000  -0.000722766   0.000722766   0.000000000
         56.800   0.000000000  -0.000722766   0.000722766   0.000000000
         57.000   0.000000000  -0.000722781   0.000722781   0.000000000
         57.200   0.000000000  -0.000722805   0.000722805   0.000000000
         57.400   0.000000000  -0.000722829   0.000722829   0.000000000
         57.600   0.000000000  -0.000722848   0.000722848   0.000000000
         57.800   0.000000000  -0.000722854   0.000722854   0.000000000
         58.000   0.000000000  -0.000722848   0.000722848   0.000000000
         58.200   0.000000000  -0.000722832   0.000722832   0.000000000
         58.400   0.000000000  -0.000722810   0.000722810   0.000000000
         58.600   0.000000000  -0.000722790   0.000722790   0.000000000
         58.800   0.000000000  -0.000722776   0.000722776   0.000000000
         59.000   0.000000000  -0.000722772   0.000722772   0.000000000
         59.200   0.000000000  -0.000722776   0.000722776   0.000000000
         59.400   0.000000000  -0.000722787   0.000722787   0.000000000
         59.600   0.000000000  -0.000722801   0.000722801   0.000000000
         59.800   0.000000000  -0.000722813   0.000722813   0.000000000
         60.000   0.000000000  -0.000722819   0.000722819   0.000000000
         60.200   0.000000000  -0.000722819   0.000722819   0.000000000
         60.400   0.000000000  -0.000722812   0.000722812   0.000000000
         60.600   0.000000000  -0.000722801   0.000722801   0.000000000
         60.800   0.000000000  -0.000722790   0.000722790   0.000000000
         61.000   0.000000000  -0.000722781   0.000722781   0.000000000
         61.200   0.000000000  -0.000722776   0.000722776   0.000000000
         61.400   0.000000000  -0.000722776   0.000722776   0.000000000
         61.600   0.000000000  -0.000722781   0.000722781   0.000000000
         61.800   0.000000000  -0.000722788   0.000722788   0.000000000
         62.000   0.000000000  -0.000722795   0.000722795   0.000000000
         62.200   0.000000000  -0.000722800   0.000722800   0.000000000
         62.400   0.000000000  -0.000722801   0.000722801   0.000000000
         62.600   0.000000000  -0.000722799   0.000722799   0.000000000
         62.800   0.000000000  -0.000722794   0.000722794   0.000000000
         63.000   0.000000000  -0.000722788   0.000722788   0.000000000
         63.200   0.000000000  -0.000722782   0.000722782   0.000000000
         63.400   0.000000000  -0.000722778   0.000722778   0.000000000
         63.600   0.000000000  -0.000722777   0.000722777   0.000000000
         63.800   0.000000000  -0.000722779   0.000722779   0.000000000
         64.000   0.000000000  -0.000722782   0.000722782   0.000000000
         64.200   0.000000000  -0.000722786   0.000722786   0.000000000
         64.400   0.000000000  -0.000722789   0.000722789   0.000000000
         64.600   0.000000000  -0.000722791   0.000722791   0.000000000
         64.800   0.000000000  -0.000722790   0.000722790   0.000000000
         65.000   0.000000000  -0.000722788   0.000722788   0.000000000
         65.200   0.000000000  -0.000722785   0.000722785   0.000000000
         65.400   0.000000000  -0.000722782   0.000722782   0.000000000
         65.600   0.000000000  -0.000722779   0.000722779   0.000000000
         65.800   0.000000000  -0.000722778   0.000722778   0.000000000
         66.000   0.000000000  -0.000722778   0.000722778   0.000000000
         66.200   0.000000000  -0.000722780   0.000722780   0.000000000
         66.400   0.000000000  -0.000722782   0.000722782   0.000000000
         66.600   0.000000000  -0.000722784   0.000722784   0.000000000
         66.800   0.000000000  -0.000722785   0.000722785   0.000000000
         67.000   0.000000000  -0.000722785   0.000722785   0.000000000
         67.200   0.000000000  -0.000722785   0.000722785   0.000000000
         67.400   0.000000000  -0.000722783   0.000722783   0.000000000
         67.600   0.000000000  -0.000722781   0.000722781   0.000000000
         67.800   0.000000000  -0.000722780   0.000722780   0.000000000
         68.000   0.000000000  -0.000722779   0.000722779   0.000000000
         68.200   0.000000000  -0.000722778   0.000722778   0.000000000
         68.400   0.000000000  -0.000722779   0.000722779   0.000000000
         68.600   0.000000000  -0.000722780   0.000722780   0.000000000
         68.800   0.000000000  -0.000722781   0.000722781   0.000000000
         69.000   0.000000000  -0.000722782   0.000722782   0.000000000
         69.200   0.000000000  -0.000722782   0.000722782   0.000000000
         69.400   0.000000000  -0.000722782   0.000722782   0.000000000
         69.600   0.000000000  -0.000722782   0.000722782   0.000000000
         69.800   0.000000000  -0.000722781   0.000722781   0.000000000
         70.000   0.000000000  -0.000722780   0.000722780   0.000000000
         70.200   0.000000000  -0.000722779   0.000722779   0.000000000
         70.400   0.000000000  -0.000722779   0.000722779   0.000000000
         70.600   0.000000000  -0.000722779   0.000722779   0.000000000
         70.800   0.000000000  -0.000722779   0.000722779   0.000000000
         71.000   0.000000000  -0.000722780   0.000722780   0.000000000
         71.200   0.000000000  -0.000722780   0.000722780   0.000000000
         71.400   0.000000000  -0.000722781   0.000722781   0.000000000
         71.600   0.000000000  -0.000722781   0.000722781   0.000000000
         71.800   0.000000000  -0.000722780   0.000722780   0.000000000
         72.000   0.000000000  -0.000722780   0.000722780   0.000000000
         72.200   0.000000000  -0.000722779   0.000722779   0.000000000
         72.400   0.000000000  -0.000722779   0.000722779   0.000000000
         72.600   0.000000000  -0.000722779   0.000722779   0.000000000
         72.800   0.000000000  -0.000722779   0.000722779   0.000000000
         73.000   0.000000000  -0.000722779   0.000722779   0.000000000
         73.200   0.000000000  -0.000722779   0.000722779   0.000000000
         73.400   0.000000000  -0.000722779   0.000722779   0.000000000
         73.600   0.000000000  -0.000722780   0.000722780   0.000000000
         73.800   0.000000000  -0.000722780   0.000722780   0.000000000
         74.000   0.000000000  -0.000722780   0.000722780   0.000000000
         74.200   0.000000000  -0.000722780   0.000722780   0.000000000
         74.400   0.000000000  -0.000722779   0.000722779   0.000000000
         74.600   0.000000000  -0.000722779   0.000722779   0.000000000
         74.800   0.000000000  -0.000722779   0.000722779   0.000000000
         75.000   0.000000000  -0.000722779   0.000722779   0.000000000
         75.200   0.000000000  -0.000722779   0.000722779   0.000000000
         75.400   0.000000000  -0.000722779   0.000722779   0.000000000
         75.600   0.000000000  -0.000722779   0.000722779   0.000000000
         75.800   0.000000000  -0.000722779   0.000722779   0.000000000
         76.000   0.000000000  -0.000722779   0.000722779   0.000000000
         76.200   0.000000000  -0.000722779   0.000722779   0.000000000
         76.400   0.000000000  -0.000722779   0.000722779   0.000000000
         76.600   0.000000000  -0.000722779   0.000722779   0.000000000
         76.800   0.000000000  -0.000722779   0.000722779   0.000000000
         77.000   0.000000000  -0.000722779   0.000722779   0.000000000
         77.200   0.000000000  -0.000722779   0.000722779   0.000000000
         77.400   0.000000000  -0.000722779   0.000722779   0.000000000
         77.600   0.000000000  -0.000722779   0.000722779   0.000000000
         77.800   0.000000000  -0.000722779   0.000722779   0.000000000
         78.000   0.000000000  -0.000722779   0.000722779   0.000000000
         78.200   0.000000000  -0.000722779   0.000722779   0.000000000
         78.400   0.000000000  -0.000722779   0.000722779   0.000000000
         78.600   0.000000000  -0.000722779   0.000722779   0.000000000
         78.800   0.000000000  -0.000722779   0.000722779   0.000000000
         79.000   0.000000000  -0.000722779   0.000722779   0.000000000
         79.200   0.000000000  -0.000722779   0.000722779   0.000000000
         79.400   0.000000000  -0.000722779   0.000722779   0.000000000
         79.600   0.000000000  -0.000722779   0.000722779   0.000000000
         79.800   0.000000000  -0.000722779   0.000722779   0.000000000
         80.000   0.000000000  -0.000722779   0.000722779   0.000000000
         80.200   0.000000000  -0.000722779   0.000722779   0.000000000
         80.400   0.000000000  -0.000722779   0.000722779   0.000000000
         80.600   0.000000000  -0.000722779   0.000722779   0.000000000
         80.800   0.000000000  -0.000722779   0.000722779   0.000000000
         81.000   0.000000000  -0.000722779   0.000722779   0.000000000
         81.200   0.000000000  -0.000722779   0.000722779   0.000000000
         81.400   0.000000000  -0.000722779   0.000722779   0.000000000
         81.600   0.000000000  -0.000722779   0.000722779   0.000000000
         81.800   0.000000000  -0.000722779   0.000722779   0.000000000
         82.000   0.000000000  -0.000722779   0.000722779   0.000000000
         82.200   0.000000000  -0.000722779   0.000722779   0.000000000
         82.400   0.000000000  -0.000722779   0.000722779   0.000000000
         82.600   0.000000000  -0.000722779   0.000722779   0.000000000
         82.800   0.000000000  -0.000722779   0.000722779   0.000000000
         83.000   0.000000000  -0.000722779   0.000722779   0.000000000
         83.200   0.000000000  -0.000722779   0.000722779   0.000000000
         83.400   0.000000000  -0.000722779   0.000722779   0.000000000
         83.600   0.000000000  -0.000722779   0.000722779   0.000000000
         83.800   0.000000000  -0.000722779   0.000722779   0.000000000
         84.000   0.000000000  -0.000722779   0.000722779   0.000000000
         84.200   0.000000000  -0.000722779   0.000722779   0.000000000
         84.400   0.000000000  -0.000722779   0.000722779   0.000000000
         84.600   0.000000000  -0.000722779   0.000722779   0.000000000
         84.800   0.000000000  -0.000722779   0.000722779   0.000000000
         85.000   0.000000000  -0.000722779   0.000722779   0.000000000
         85.200   0.000000000  -0.000722779   0.000722779   0.000000000
         85.400   0.000000000  -0.000722779   0.000722779   0.000000000
         85.600   0.000000000  -0.000722779   0.000722779   0.000000000
         85.800   0.000000000  -0.000722779   0.000722779   0.000000000
         86.000   0.000000000  -0.000722779   0.000722779   0.000000000
         86.200   0.000000000  -0.000722779   0.000722779   0.000000000
         86.400   0.000000000  -0.000722779   0.000722779   0.000000000
         86.600   0.000000000  -0.000722779   0.000722779   0.000000000
         86.800   0.000000000  -0.000722779   0.000722779   0.000000000
         87.000   0.000000000  -0.000722779   0.000722779   0.000000000
         87.200   0.000000000  -0.000722779   0.000722779   0.000000000
         87.400   0.000000000  -0.000722779   0.000722779   0.000000000
         87.600   0.000000000  -0.000722779   0.000722779   0.000000000
         87.800   0.000000000  -0.000722779   0.000722779   0.000000000
         88.000   0.000000000  -0.000722779   0.000722779   0.000000000
         88.200   0.000000000  -0.000722779   0.000722779   0.000000000
         88.400   0.000000000  -0.000722779   0.000722779   0.000000000
         88.600   0.000000000  -0.000722779   0.000722779   0.000000000
         88.800   0.000000000  -0.000722779   0.000722779   0.000000000
         89.000   0.000000000  -0.000722779   0.000722779   0.000000000
         89.200   0.000000000  -0.000722779   0.000722779   0.000000000
         89.400   0.000000000  -0.000722779   0.000722779   0.000000000
         89.600   0.000000000  -0.000722779   0.000722779   0.000000000
         89.800   0.000000000  -0.000722779   0.000722779   0.000000000
         90.000   0.000000000  -0.000722779   0.000722779   0.000000000
         90.200   0.000000000  -0.000722779   0.000722779   0.000000000
         90.400   0.000000000  -0.000722779   0.000722779   0.000000000
         90.600   0.000000000  -0.000722779   0.000722779   0.000000000
         90.800   0.000000000  -0.000722779   0.000722779   0.000000000
         91.000   0.000000000  -0.000722779   0.000722779   0.000000000
         91.200   0.000000000  -0.000722779   0.000722779   0.000000000
         91.400   0.000000000  -0.000722779   0.000722779   0.000000000
         91.600   0.000000000  -0.000722779   0.000722779   0.000000000
         91.800   0.000000000  -0.000722779   0.000722779   0.000000000
         92.000   0.000000000  -0.000722779   0.000722779   0.000000000
         92.200   0.000000000  -0.000722779   0.000722779   0.000000000
         92.400   0.000000000  -0.000722779   0.000722779   0.000000000
         92.600   0.000000000  -0.000722779   0.000722779   0.000000000
         92.800   0.000000000  -0.000722779   0.000722779   0.000000000
         93.000   0.000000000  -0.000722779   0.000722779   0.000000000
         93.200   0.000000000  -0.000722779   0.000722779   0.000000000
         93.400   0.000000000  -0.000722779   0.000722779   0.000000000
         93.600   0.000000000  -0.000722779   0.000722779   0.000000000
         93.800   0.000000000  -0.000722779   0.000722779   0.000000000
         94.000   0.000000000  -0.000722779   0.000722779   0.000000000
         94.200   0.000000000  -0.000722779   0.000722779   0.000000000
         94.400   0.000000000  -0.000722779   0.000722779   0.000000000
         94.600   0.000000000  -0.000722779   0.000722779   0.000000000
         94.800   0.000000000  -0.000722779   0.000722779   0.000000000
         95.000   0.000000000  -0.000722779   0.000722779   0.000000000
         95.200   0.000000000  -0.000722779   0.000722779   0.000000000
         95.400   0.000000000  -0.000722779   0.000722779   0.000000000
         95.600   0.000000000  -0.000722779   0.000722779   0.000000000
         95.800   0.000000000  -0.000722779   0.000722779   0.000000000
         96.000   0.000000000  -0.000722779   0.000722779   0.000000000
         96.200   0.000000000  -0.000722779   0.000722779   0.000000000
         96.400   0.000000000  -0.000722779   0.000722779   0.000000000
         96.600   0.000000000  -0.000722779   0.000722779   0.000000000
         96.800   0.000000000  -0.000722779   0.000722779   0.000000000
         97.000   0.000000000  -0.000722779   0.000722779   0.000000000
         97.200   0.000000000  -0.000722779   0.000722779   0.000000000
         97.400   0.000000000  -0.000722779   0.000722779   0.000000000
         97.600   0.000000000  -0.000722779   0.000722779   0.000000000
         97.800   0.000000000  -0.000722779   0.000722779   0.000000000
         98.000   0.000000000  -0.000722779   0.000722779   0.000000000
         98.200   0.000000000  -0.000722779   0.000722779   0.000000000
         98.400   0.000000000  -0.000722779   0.000722779   0.000000000
         98.600   0.000000000  -0.000722779   0.000722779   0.000000000
         98.800   0.000000000  -0.000722779   0.000722779   0.000000000
         99.000   0.000000000  -0.000722779   0.000722779   0.000000000
         99.200   0.000000000  -0.000722779   0.000722779   0.000000000
         99.400   0.000000000  -0.000722779   0.000722779   0.000000000
         99.600   0.000000000  -0.000722779   0.000722779   0.000000000
         99.800   0.000000000  -0.000722779   0.000722779   0.000000000
        100.000   0.000000000  -0.000722779   0.000722779   0.000000000
        100.200   0.000000000  -0.000722779   0.000722779   0.000000000
        100.400   0.000000000  -0.000722779   0.000722779   0.000000000
        100.600   0.000000000  -0.000722779   0.000722779   0.000000000
        100.800   0.000000000  -0.000722779   0.000722779   0.000000000
        101.000   0.000000000  -0.000722779   0.000722779   0.000000000
        101.200   0.000000000  -0.000722779   0.000722779   0.000000000
        101.400   0.000000000  -0.000722779   0.000722779   0.000000000
        101.600   0.000000000  -0.000722779   0.000722779   0.000000000
        101.800   0.000000000  -0.000722779   0.000722779   0.000000000
        102.000   0.000000000  -0.000722779   0.000722779   0.000000000
        102.200   0.000000000  -0.000722779   0.000722779   0.000000000
        102.400   0.000000000  -0.000722779   0.000722779   0.000000000
        102.600   0.000000000  -0.000722779   0.000722779   0.000000000
        102.800   0.000000000  -0.000722779   0.000722779   0.000000000
        103.000   0.000000000  -0.000722779   0.000722779   0.000000000
        103.200   0.000000000  -0.000722779   0.000722779   0.000000000
        103.400   0.000000000  -0.000722779   0.000722779   0.000000000
        103.600   0.000000000  -0.000722779   0.000722779   0.000000000
        103.800   0.000000000  -0.000722779   0.000722779   0.000000000
        104.000   0.000000000  -0.000722779   0.000722779   0.000000000
        104.200   0.000000000  -0.000722779   0.000722779   0.000000000
        104.400   0.000000000  -0.000722779   0.000722779   0.000000000
        104.600   0.000000000  -0.000722779   0.000722779   0.000000000
        104.800   0.000000000  -0.000722779   0.000722779   0.000000000
        105.000   0.000000000  -0.000722779   0.000722779   0.000000000
        105.200   0.000000000  -0.000722779   0.000722779   0.000000000
        105.400   0.000000000  -0.000722779   0.000722779   0.000000000
        105.600   0.000000000  -0.000722779   0.000722779   0.000000000
        105.800   0.000000000  -0.000722779   0.000722779   0.000000000
        106.000   0.000000000  -0.000722779   0.000722779   0.000000000
        106.200   0.000000000  -0.000722779   0.000722779   0.000000000
        106.400   0.000000000  -0.000722779   0.000722779   0.000000000
        106.600   0.000000000  -0.000722779   0.000722779   0.000000000
        106.800   0.000000000  -0.000722779   0.000722779   0.000000000
        107.000   0.000000000  -0.000722779   0.000722779   0.000000000
        107.200   0.000000000  -0.000722779   0.000722779   0.000000000
        107.400   0.000000000  -0.000722779   0.000722779   0.000000000
        107.600   0.000000000  -0.000722779   0.000722779   0.000000000
        107.800   0.000000000  -0.000722779   0.000722779   0.000000000
        108.000   0.000000000  -0.000722779   0.000722779   0.000000000
        108.200   0.000000000  -0.000722779   0.000722779   0.000000000
        108.400   0.000000000  -0.000722779   0.000722779   0.000000000
        108.600   0.000000000  -0.000722779   0.000722779   0.000000000
        108.800   0.000000000  -0.000722779   0.000722779   0.000000000
        109.000   0.000000000  -0.000722779   0.000722779   0.000000000
        109.200   0.000000000  -0.000722779   0.000722779   0.000000000
        109.400   0.000000000  -0.000722779   0.000722779   0.000000000
        109.600   0.000000000  -0.000722779   0.000722779   0.000000000
        109.800   0.000000000  -0.000722779   0.000722779   0.000000000
        110.000   0.000000000  -0.000722779   0.000722779   0.000000000
        110.200   0.000000000  -0.000722779   0.000722779   0.000000000
        110.400   0.000000000  -0.000722779   0.000722779   0.000000000
        110.600   0.000000000  -0.000722779   0.000722779   0.000000000
        110.800   0.000000000  -0.000722779   0.000722779   0.000000000
        111.000   0.000000000  -0.000722779   0.000722779   0.000000000
        111.200   0.000000000  -0.000722779   0.000722779   0.000000000
        111.400   0.000000000  -0.000722779   0.000722779   0.000000000
        111.600   0.000000000  -0.000722779   0.000722779   0.000000000
        111.800   0.000000000  -0.000722779   0.000722779   0.000000000
        112.000   0.000000000  -0.000722779   0.000722779   0.000000000
        112.200   0.000000000  -0.000722779   0.000722779   0.000000000
        112.400   0.000000000  -0.000722779   0.000722779   0.000000000
        112.600   0.000000000  -0.000722779   0.000722779   0.000000000
        112.800   0.000000000  -0.000722779   0.000722779   0.000000000
        113.000   0.000000000  -0.000722779   0.000722779   0.000000000
        113.200   0.000000000  -0.000722779   0.000722779   0.000000000
        113.400   0.000000000  -0.000722779   0.000722779   0.000000000
        113.600   0.000000000  -0.000722779   0.000722779   0.000000000
        113.800   0.000000000  -0.000722779   0.000722779   0.000000000
        114.000   0.000000000  -0.000722779   0.000722779   0.000000000
        114.200   0.000000000  -0.000722779   0.000722779   0.000000000
        114.400   0.000000000  -0.000722779   0.000722779   0.000000000
        114.600   0.000000000  -0.000722779   0.000722779   0.000000000
        114.800   0.000000000  -0.000722779   0.000722779   0.000000000
        115.000   0.000000000  -0.000722779   0.000722779   0.000000000
        115.200   0.000000000  -0.000722779   0.000722779   0.000000000
        115.400   0.000000000  -0.000722779   0.000722779   0.000000000
        115.600   0.000000000  -0.000722779   0.000722779   0.000000000
        115.800   0.000000000  -0.000722779   0.000722779   0.000000000
        116.000   0.000000000  -0.000722779   0.000722779   0.000000000
        116.200   0.000000000  -0.000722779   0.000722779   0.000000000
        116.400   0.000000000  -0.000722779   0.000722779   0.000000000
        116.600   0.000000000  -0.000722779   0.000722779   0.000000000
        116.800   0.000000000  -0.000722779   0.000722779   0.000000000
        117.000   0.000000000  -0.000722779   0.000722779   0.000000000
        117.200   0.000000000  -0.000722779   0.000722779   0.000000000
        117.400   0.000000000  -0.000722779   0.000722779   0.000000000
        117.600   0.000000000  -0.000722779   0.000722779   0.000000000
        117.800   0.000000000  -0.000722779   0.000722779   0.000000000
        118.000   0.000000000  -0.000722779   0.000722779   0.000000000
        118.200   0.000000000  -0.000722779   0.000722779   0.000000000
        118.400   0.000000000  -0.000722779   0.000722779   0.000000000
        118.600   0.000000000  -0.000722779   0.000722779   0.000000000
        118.800   0.000000000  -0.000722779   0.000722779   0.000000000
        119.000   0.000000000  -0.000722779   0.000722779   0.000000000
        119.200   0.000000000  -0.000722779   0.000722779   0.000000000
        119.400   0.000000000  -0.000722779   0.000722779   0.000000000
        119.600   0.000000000  -0.000722779   0.000722779   0.000000000
        119.800   0.000000000  -0.000722779   0.000722779   0.000000000
        120.000   0.000000000  -0.000722779   0.000722779   0.000000000
