          0.200   0.961055354  -0.026152961  -0.026152961   0.038944646
          0.400   0.861827121  -0.089519625  -0.089519625   0.138172879
          0.600   0.732266850  -0.168999373  -0.168999373   0.267733150
          0.800   0.604574666  -0.239353445  -0.239353445   0.395425334
          1.000   0.506174604  -0.277753309  -0.277753309   0.493825396
          1.200   0.453654487  -0.270988623  -0.270988623   0.546345513
          1.400   0.449443832  -0.219123586  -0.219123586   0.550556168
          1.600   0.482497316  -0.135074962  -0.135074962   0.517502684
          1.800   0.532792211  -0.039794329  -0.039794329   0.467207789
          2.000   0.577872971   0.044478676   0.044478676   0.422127029
          2.200   0.599397666   0.100611864   0.100611864   0.400602334
          2.400   0.587851619   0.120881404   0.120881404   0.412148381
          2.600   0.544293856   0.108184324   0.108184324   0.455706144
          2.800   0.478951910   0.074139537   0.074139537   0.521048090
          3.000   0.407385607   0.034932982   0.034932982   0.592614393
          3.200   0.345549269   0.006307902   0.006307902   0.654450731
          3.400   0.305254016  -0.000803299  -0.000803299   0.694745984
          3.600   0.291264181   0.017155873   0.017155873   0.708735819
          3.800   0.300675043   0.056138622   0.056138622   0.699324957
          4.000   0.324510966   0.106427545   0.106427545   0.675489034
          4.200   0.350865268   0.155960923   0.155960923   0.649134732
          4.400   0.368539939   0.193973723   0.193973723   0.631460061
          4.600   0.370110504   0.213897424   0.213897424   0.629889496
          4.800   0.353613988   0.214780237   0.214780237   0.646386012
          5.000   0.322527817   0.200981478   0.200981478   0.677472183
          5.200   0.284222191   0.180404373   0.180404373   0.715777809
          5.400   0.247478668   0.161915062   0.161915062   0.752521332
          5.600   0.219868876   0.152757373   0.152757373   0.780131124
          5.800   0.205744570   0.156690431   0.156690431   0.794255430
          6.000   0.205340751   0.173297887   0.173297887   0.794659249
          6.200   0.215128901   0.198541849   0.198541849   0.784871099
          6.400   0.229191822   0.226277193   0.226277193   0.770808178
          6.600   0.241128069   0.250201409   0.250201409   0.758871931
          6.800   0.245895952   0.265646914   0.265646914   0.754104048
          7.000   0.241085044   0.270728388   0.270728388   0.758914956
          7.200   0.227316972   0.266589303   0.266589303   0.772683028
          7.400   0.207752801   0.256771471   0.256771471   0.792247199
          7.600   0.186937810   0.245975443   0.245975443   0.813062190
          7.800   0.169376804   0.238623154   0.238623154   0.830623196
          8.000   0.158268250   0.237647237   0.237647237   0.841731750
          8.200   0.154736597   0.243823888   0.243823888   0.845263403
          8.400   0.157727064   0.255780623   0.255780623   0.842272936
          8.600   0.164523990   0.270607010   0.270607010   0.835476010
          8.800   0.171682601   0.284834405   0.284834405   0.828317399
          9.000   0.176069575   0.295471190   0.295471190   0.823930425
          9.200   0.175708672   0.300796822   0.300796822   0.824291328
          9.400   0.170213901   0.300716427   0.300716427   0.829786099
          9.600   0.160731084   0.296621707   0.296621707   0.839268916
          9.800   0.149455041   0.290848280   0.290848280   0.850544959
         10.000   0.138901958   0.285923692   0.285923692   0.861098042
         10.200   0.131166739   0.283839089   0.283839089   0.868833261
         10.400   0.127375639   0.285546841   0.285546841   0.872624361
         10.600   0.127467811   0.290801952   0.290801952   0.872532189
         10.800   0.130333207   0.298356316   0.298356316   0.869666793
         11.000   0.134231199   0.306414764   0.306414764   0.865768801
         11.200   0.137343284   0.313197656   0.313197656   0.862656716
         11.400   0.138290624   0.317440895   0.317440895   0.861709376
         11.600   0.136474619   0.318699292   0.318699292   0.863525381
         11.800   0.132163048   0.317388342   0.317388342   0.867836952
         12.000   0.126323881   0.314579707   0.314579707   0.873676119
         12.200   0.120279521   0.311633344   0.311633344   0.879720479
         12.400   0.115297234   0.309786568   0.309786568   0.884702766
         12.600   0.112237464   0.309819996   0.309819996   0.887762536
         12.800   0.111352899   0.311886325   0.311886325   0.888647101
         13.000   0.112279179   0.315533253   0.315533253   0.887720821
         13.200   0.114200056   0.319894018   0.319894018   0.885799944
         13.400   0.116122542   0.323974702   0.323974702   0.883877458
         13.600   0.117173350   0.326947538   0.326947538   0.882826650
         13.800   0.116831100   0.328367162   0.328367162   0.883168900
         14.000   0.115035662   0.328256998   0.328256998   0.884964338
         14.200   0.112156592   0.327054919   0.327054919   0.887843408
         14.400   0.108844108   0.325447994   0.325447994   0.891155892
         14.600   0.105816610   0.324154248   0.324154248   0.894183390
         14.800   0.103651035   0.323718239   0.323718239   0.896348965
         15.000   0.102634675   0.324376488   0.324376488   0.897365325
         15.200   0.102713749   0.326023370   0.326023370   0.897286251
         15.400   0.103543184   0.328276671   0.328276671   0.896456816
         15.600   0.104613160   0.330614080   0.330614080   0.895386840
         15.800   0.105408901   0.332534932   0.332534932   0.894591099
         16.000   0.105555379   0.333699130   0.333699130   0.894444621
         16.200   0.104907806   0.334006552   0.334006552   0.895092194
         16.400   0.103568083   0.333600782   0.333600782   0.896431917
         16.600   0.101830239   0.332803946   0.332803946   0.898169761
         16.800   0.100077525   0.332008069   0.332008069   0.899922475
         17.000   0.098665086   0.331558004   0.331558004   0.901334914
         17.200   0.097822684   0.331659700   0.331659700   0.902177316
         17.400   0.097602723   0.332336973   0.332336973   0.902397277
         17.600   0.097883521   0.333443925   0.333443925   0.902116479
         17.800   0.098421189   0.334723766   0.334723766   0.901578811
         18.000   0.098930510   0.335892707   0.335892707   0.901069490
         18.200   0.099169095   0.336722765   0.336722765   0.900830905
         18.400   0.099000811   0.337100309   0.337100309   0.900999189
         18.600   0.098422811   0.337046400   0.337046400   0.901577189
         18.800   0.097552314   0.336697170   0.336697170   0.902447686
         19.000   0.096581019   0.336253861   0.336253861   0.903418981
         19.200   0.095713311   0.335919732   0.335919732   0.904286689
         19.400   0.095107290   0.335842895   0.335842895   0.904892710
         19.600   0.094834923   0.336080564   0.336080564   0.905165077
         19.800   0.094870529   0.336592528   0.336592528   0.905129471
         20.000   0.095107910   0.337262678   0.337262678   0.904892090
         20.200   0.095398353   0.337939636   0.337939636   0.904601647
         20.400   0.095596657   0.338483083   0.338483083   0.904403343
         20.600   0.095601434   0.338802194   0.338802194   0.904398566
         20.800   0.095378929   0.338876177   0.338876177   0.904621071
         21.000   0.094965379   0.338752996   0.338752996   0.905034621
         21.200   0.094449466   0.338528905   0.338528905   0.905550534
         21.400   0.093941846   0.338316505   0.338316505   0.906058154
         21.600   0.093541654   0.338211515   0.338211515   0.906458346
         21.800   0.093309724   0.338267708   0.338267708   0.906690276
         22.000   0.093255336   0.338486228   0.338486228   0.906744664
         22.200   0.093338841   0.338820792   0.338820792   0.906661159
         22.400   0.093487757   0.339195688   0.339195688   0.906512243
         22.600   0.093620450   0.339530176   0.339530176   0.906379550
         22.800   0.093669934   0.339761775   0.339761775   0.906330066
         23.000   0.093601104   0.339862012   0.339862012   0.906398896
         23.200   0.093417227   0.339840977   0.339840977   0.906582773
         23.400   0.093154986   0.339740569   0.339740569   0.906845014
         23.600   0.092870644   0.339619490   0.339619490   0.907129356
         23.800   0.092622140   0.339535072   0.339535072   0.907377860
         24.000   0.092452567   0.339527359   0.339527359   0.907547433
         24.200   0.092379531   0.339609689   0.339609689   0.907620469
         24.400   0.092392784   0.339767760   0.339767760   0.907607216
         24.600   0.092459921   0.339966549   0.339966549   0.907540079
         24.800   0.092537734   0.340162347   0.340162347   0.907462266
         25.000   0.092585415   0.340315984   0.340315984   0.907414585
         25.200   0.092575738   0.340403409   0.340403409   0.907424262
         25.400   0.092501260   0.340420926   0.340420926   0.907498740
         25.600   0.092374323   0.340384171   0.340384171   0.907625677
         25.800   0.092221507   0.340321748   0.340321748   0.907778493
         26.000   0.092074642   0.340265887   0.340265887   0.907925358
         26.200   0.091961290   0.340243039   0.340243039   0.908038710
         26.400   0.091897397   0.340267073   0.340267073   0.908102603
         26.600   0.091883985   0.340336702   0.340336702   0.908116015
         26.800   0.091908374   0.340437441   0.340437441   0.908091626
         27.000   0.091949129   0.340547069   0.340547069   0.908050871
         27.200   0.091982968   0.340642695   0.340642695   0.908017032
         27.400   0.091991464   0.340707288   0.340707288   0.908008536
         27.600   0.091965700   0.340733880   0.340733880   0.908034300
         27.800   0.091907768   0.340726502   0.340726502   0.908092232
         28.000   0.091829020   0.340697941   0.340697941   0.908170980
         28.200   0.091745898   0.340665252   0.340665252   0.908254102
         28.400   0.091674769   0.340644547   0.340644547   0.908325231
         28.600   0.091627307   0.340646581   0.340646581   0.908372693
         28.800   0.091607684   0.340674295   0.340674295   0.908392316
         29.000   0.091612153   0.340722815   0.340722815   0.908387847
         29.200   0.091630900   0.340781646   0.340781646   0.908369100
         29.400   0.091651418   0.340838212   0.340838212   0.908348582
         29.600   0.091662282   0.340881624   0.340881624   0.908337718
         29.800   0.091656235   0.340905576   0.340905576   0.908343765
         30.000   0.091631785   0.340909655   0.340909655   0.908368215
         30.200   0.091593012   0.340898862   0.340898862   0.908406988
         30.400   0.091547836   0.340881656   0.340881656   0.908452164
         30.600   0.091505382   0.340867231   0.340867231   0.908494618
         30.800   0.091473276   0.340862861   0.340862861   0.908526724
         31.000   0.091455653   0.340872070   0.340872070   0.908544347
         31.200   0.091452337   0.340894032   0.340894032   0.908547663
         31.400   0.091459334   0.340924265   0.340924265   0.908540666
         31.600   0.091470334   0.340956274   0.340956274   0.908529666
         31.800   0.091478720   0.340983593   0.340983593   0.908521280
         32.000   0.091479448   0.341001607   0.341001607   0.908520552
         32.200   0.091470297   0.341008665   0.341008665   0.908529703
         32.400   0.091452191   0.341006241   0.341006241   0.908547809
         32.600   0.091428611   0.340998208   0.340998208   0.908571389
         32.800   0.091404341   0.340989503   0.340989503   0.908595659
         33.000   0.091383989   0.340984638   0.340984638   0.908616011
         33.200   0.091370695   0.340986477   0.340986477   0.908629305
         33.400   0.091365405   0.340995612   0.340995612   0.908634595
         33.600   0.091366815   0.341010430   0.341010430   0.908633185
         33.800   0.091371976   0.341027805   0.341027805   0.908628024
         34.000   0.091377279   0.341044131   0.341044131   0.908622721
         34.200   0.091379539   0.341056395   0.341056395   0.908620461
         34.400   0.091376838   0.341062961   0.341062961   0.908623162
         34.600   0.091368931   0.341063896   0.341063896   0.908631069
         34.800   0.091357138   0.341060776   0.341060776   0.908642862
         35.000   0.091343806   0.341056091   0.341056091   0.908656194
         35.200   0.091331541   0.341052453   0.341052453   0.908668459
         35.400   0.091322446   0.341051854   0.341051854   0.908677554
         35.600   0.091317575   0.341055172   0.341055172   0.908682425
         35.800   0.091316746   0.341062041   0.341062041   0.908683254
         36.000   0.091318716   0.341071088   0.341071088   0.908681284
         36.200   0.091321636   0.341080421   0.341080421   0.908678364
         36.400   0.091323631   0.341088222   0.341088222   0.908676369
         36.600   0.091323329   0.341093248   0.341093248   0.908676671
         36.800   0.091320189   0.341095125   0.341095125   0.908679811
         37.000   0.091314569   0.341094365   0.341094365   0.908685431
         37.200   0.091307525   0.341092134   0.341092134   0.908692475
         37.400   0.091300447   0.341089854   0.341089854   0.908699553
         37.600   0.091294624   0.341088785   0.341088785   0.908705376
         37.800   0.091290896   0.341089684   0.341089684   0.908709104
         38.000   0.091289462   0.341092646   0.341092646   0.908710538
         38.200   0.091289884   0.341097153   0.341097153   0.908710116
         38.400   0.091291282   0.341102275   0.341102275   0.908708718
         38.600   0.091292617   0.341106983   0.341106983   0.908707383
         38.800   0.091293005   0.341110448   0.341110448   0.908706995
         39.000   0.091291945   0.341112250   0.341112250   0.908708055
         39.200   0.091289419   0.341112463   0.341112463   0.908710581
         39.400   0.091285845   0.341111575   0.341111575   0.908714155
         39.600   0.091281916   0.341110317   0.341110317   0.908718084
         39.800   0.091278375   0.341109429   0.341109429   0.908721625
         40.000   0.091275796   0.341109452   0.341109452   0.908724204
         40.200   0.091274446   0.341110601   0.341110601   0.908725554
         40.400   0.091274234   0.341112735   0.341112735   0.908725766
         40.600   0.091274778   0.341115435   0.341115435   0.908725222
         40.800   0.091275537   0.341118154   0.341118154   0.908724463
         41.000   0.091275982   0.341120381   0.341120381   0.908724018
         41.200   0.091275743   0.341121784   0.341121784   0.908724257
         41.400   0.091274692   0.341122285   0.341122285   0.908725308
         41.600   0.091272958   0.341122056   0.341122056   0.908727042
         41.800   0.091270858   0.341121445   0.341121445   0.908729142
         42.000   0.091268795   0.341120860   0.341120860   0.908731205
         42.200   0.091267129   0.341120653   0.341120653   0.908732871
         42.400   0.091266082   0.341121020   0.341121020   0.908733918
         42.600   0.091265690   0.341121969   0.341121969   0.908734310
         42.800   0.091265811   0.341123334   0.341123334   0.908734189
         43.000   0.091266182   0.341124841   0.341124841   0.908733818
         43.200   0.091266506   0.341126198   0.341126198   0.908733494
         43.400   0.091266539   0.341127177   0.341127177   0.908733461
         43.600   0.091266150   0.341127674   0.341127674   0.908733850
         43.800   0.091265351   0.341127722   0.341127722   0.908734649
         44.000   0.091264271   0.341127474   0.341127474   0.908735729
         44.200   0.091263115   0.341127142   0.341127142   0.908736885
         44.400   0.091262093   0.341126935   0.341126935   0.908737907
         44.600   0.091261361   0.341127000   0.341127000   0.908738639
         44.800   0.091260985   0.341127387   0.341127387   0.908739015
         45.000   0.091260929   0.341128046   0.341128046   0.908739071
         45.200   0.091261076   0.341128850   0.341128850   0.908738924
         45.400   0.091261268   0.341129641   0.341129641   0.908738732
         45.600   0.091261356   0.341130277   0.341130277   0.908738644
         45.800   0.091261242   0.341130669   0.341130669   0.908738758
         46.000   0.091260897   0.341130804   0.341130804   0.908739103
         46.200   0.091260364   0.341130737   0.341130737   0.908739636
         46.400   0.091259740   0.341130572   0.341130572   0.908740260
         46.600   0.091259139   0.341130427   0.341130427   0.908740861
         46.800   0.091258662   0.341130397   0.341130397   0.908741338
         47.000   0.091258367   0.341130535   0.341130535   0.908741633
         47.200   0.091258259   0.341130835   0.341130835   0.908741741
         47.400   0.091258292   0.341131247   0.341131247   0.908741708
         47.600   0.091258388   0.341131690   0.341131690   0.908741612
         47.800   0.091258462   0.341132082   0.341132082   0.908741538
         48.000   0.091258448   0.341132358   0.341132358   0.908741552
         48.200   0.091258312   0.341132495   0.341132495   0.908741688
         48.400   0.091258061   0.341132507   0.341132507   0.908741939
         48.600   0.091257736   0.341132439   0.341132439   0.908742264
         48.800   0.091257396   0.341132353   0.341132353   0.908742604
         49.000   0.091257101   0.341132308   0.341132308   0.908742899
         49.200   0.091256893   0.341132344   0.341132344   0.908743107
         49.400   0.091256788   0.341132472   0.341132472   0.908743212
         49.600   0.091256772   0.341132674   0.341132674   0.908743228
         49.800   0.091256810   0.341132913   0.341132913   0.908743190
         50.000   0.091256857   0.341133143   0.341133143   0.908743143
         50.200   0.091256871   0.341133325   0.341133325   0.908743129
         50.400   0.091256824   0.341133435   0.341133435   0.908743176
         50.600   0.091256713   0.341133471   0.341133471   0.908743287
         50.800   0.091256550   0.341133453   0.341133453   0.908743450
         51.000   0.091256364   0.341133409   0.341133409   0.908743636
         51.200   0.091256189   0.341133374   0.341133374   0.908743811
         51.400   0.091256053   0.341133375   0.341133375   0.908743947
         51.600   0.091255969   0.341133424   0.341133424   0.908744031
         51.800   0.091255939   0.341133518   0.341133518   0.908744061
         52.000   0.091255947   0.341133642   0.341133642   0.908744053
         52.200   0.091255971   0.341133772   0.341133772   0.908744029
         52.400   0.091255987   0.341133885   0.341133885   0.908744013
         52.600   0.091255976   0.341133963   0.341133963   0.908744024
         52.800   0.091255929   0.341134001   0.341134001   0.908744071
         53.000   0.091255851   0.341134004   0.341134004   0.908744149
         53.200   0.091255753   0.341133986   0.341133986   0.908744247
         53.400   0.091255654   0.341133965   0.341133965   0.908744346
         53.600   0.091255568   0.341133956   0.341133956   0.908744432
         53.800   0.091255509   0.341133972   0.341133972   0.908744491
         54.000   0.091255480   0.341134013   0.341134013   0.908744520
         54.200   0.091255475   0.341134075   0.341134075   0.908744525
         54.400   0.091255485   0.341134146   0.341134146   0.908744515
         54.600   0.091255495   0.341134213   0.341134213   0.908744505
         54.800   0.091255496   0.341134265   0.341134265   0.908744504
         55.000   0.091255478   0.341134296   0.341134296   0.908744522
         55.200   0.091255443   0.341134306   0.341134306   0.908744557
         55.400   0.091255393   0.341134301   0.341134301   0.908744607
         55.600   0.091255338   0.341134289   0.341134289   0.908744662
         55.800   0.091255287   0.341134282   0.341134282   0.908744713
         56.000   0.091255248   0.341134284   0.341134284   0.908744752
         56.200   0.091255224   0.341134301   0.341134301   0.908744776
         56.400   0.091255216   0.341134331   0.341134331   0.908744784
         56.600   0.091255218   0.341134368   0.341134368   0.908744782
         56.800   0.091255223   0.341134406   0.341134406   0.908744777
         57.000   0.091255226   0.341134439   0.341134439   0.908744774
         57.200   0.091255221   0.341134461   0.341134461   0.908744779
         57.400   0.091255205   0.341134471   0.341134471   0.908744795
         57.600   0.091255181   0.341134472   0.341134472   0.908744819
         57.800   0.091255152   0.341134467   0.341134467   0.908744848
         58.000   0.091255122   0.341134462   0.341134462   0.908744878
         58.200   0.091255098   0.341134461   0.341134461   0.908744902
         58.400   0.091255081   0.341134467   0.341134467   0.908744919
         58.600   0.091255072   0.341134481   0.341134481   0.908744928
         58.800   0.091255071   0.341134499   0.341134499   0.908744929
         59.000   0.091255073   0.341134520   0.341134520   0.908744927
         59.200   0.091255076   0.341134540   0.341134540   0.908744924
         59.400   0.091255075   0.341134555   0.341134555   0.908744925
         59.600   0.091255068   0.341134563   0.341134563   0.908744932
         59.800   0.091255057   0.341134566   0.341134566   0.908744943
         60.000   0.091255042   0.341134565   0.341134565   0.908744958
         60.200   0.091255026   0.341134562   0.341134562   0.908744974
         60.400   0.091255011   0.341134561   0.341134561   0.908744989
         60.600   0.091255000   0.341134562   0.341134562   0.908745000
         60.800   0.091254993   0.341134568   0.341134568   0.908745007
         61.000   0.091254990   0.341134577   0.341134577   0.908745010
         61.200   0.091254991   0.341134588   0.341134588   0.908745009
         61.400   0.091254992   0.341134599   0.341134599   0.908745008
         61.600   0.091254992   0.341134609   0.341134609   0.908745008
         61.800   0.091254990   0.341134615   0.341134615   0.908745010
         62.000   0.091254985   0.341134618   0.341134618   0.908745015
         62.200   0.091254978   0.341134618   0.341134618   0.908745022
         62.400   0.091254969   0.341134617   0.341134617   0.908745031
         62.600   0.091254960   0.341134616   0.341134616   0.908745040
         62.800   0.091254953   0.341134616   0.341134616   0.908745047
         63.000   0.091254948   0.341134618   0.341134618   0.908745052
         63.200   0.091254946   0.341134622   0.341134622   0.908745054
         63.400   0.091254945   0.341134628   0.341134628   0.908745055
         63.600   0.091254946   0.341134634   0.341134634   0.908745054
         63.800   0.091254946   0.341134640   0.341134640   0.908745054
         64.000   0.091254946   0.341134644   0.341134644   0.908745054
         64.200   0.091254943   0.341134647   0.341134647   0.908745057
         64.400   0.091254940   0.341134647   0.341134647   0.908745060
         64.600   0.091254935   0.341134647   0.341134647   0.908745065
         64.800   0.091254930   0.341134647   0.341134647   0.908745070
         65.000   0.091254926   0.341134646   0.341134646   0.908745074
         65.200   0.091254923   0.341134647   0.341134647   0.908745077
         65.400   0.091254921   0.341134649   0.341134649   0.908745079
         65.600   0.091254920   0.341134652   0.341134652   0.908745080
         65.800   0.091254920   0.341134655   0.341134655   0.908745080
         66.000   0.091254921   0.341134658   0.341134658   0.908745079
         66.200   0.091254920   0.341134661   0.341134661   0.908745080
         66.400   0.091254920   0.341134663   0.341134663   0.908745080
         66.600   0.091254918   0.341134664   0.341134664   0.908745082
         66.800   0.091254916   0.341134664   0.341134664   0.908745084
         67.000   0.091254913   0.341134663   0.341134663   0.908745087
         67.200   0.091254911   0.341134663   0.341134663   0.908745089
         67.400   0.091254909   0.341134663   0.341134663   0.908745091
         67.600   0.091254907   0.341134664   0.341134664   0.908745093
         67.800   0.091254906   0.341134665   0.341134665   0.908745094
         68.000   0.091254906   0.341134667   0.341134667   0.908745094
         68.200   0.091254906   0.341134669   0.341134669   0.908745094
         68.400   0.091254906   0.341134671   0.341134671   0.908745094
         68.600   0.091254906   0.341134672   0.341134672   0.908745094
         68.800   0.091254905   0.341134673   0.341134673   0.908745095
         69.000   0.091254904   0.341134673   0.341134673   0.908745096
         69.200   0.091254903   0.341134673   0.341134673   0.908745097
         69.400   0.091254901   0.341134673   0.341134673   0.908745099
         69.600   0.091254900   0.341134673   0.341134673   0.908745100
         69.800   0.091254899   0.341134673   0.341134673   0.908745101
         70.000   0.091254899   0.341134673   0.341134673   0.908745101
         70.200   0.091254899   0.341134674   0.341134674   0.908745101
         70.400   0.091254899   0.341134675   0.341134675   0.908745101
         70.600   0.091254899   0.341134676   0.341134676   0.908745101
         70.800   0.091254898   0.341134677   0.341134677   0.908745102
         71.000   0.091254898   0.341134678   0.341134678   0.908745102
         71.200   0.091254898   0.341134678   0.341134678   0.908745102
         71.400   0.091254897   0.341134678   0.341134678   0.908745103
         71.600   0.091254896   0.341134678   0.341134678   0.908745104
         71.800   0.091254895   0.341134678   0.341134678   0.908745105
         72.000   0.091254895   0.341134678   0.341134678   0.908745105
         72.200   0.091254894   0.341134678   0.341134678   0.908745106
         72.400   0.091254894   0.341134679   0.341134679   0.908745106
         72.600   0.091254894   0.341134679   0.341134679   0.908745106
         72.800   0.091254894   0.341134680   0.341134680   0.908745106
         73.000   0.091254894   0.341134680   0.341134680   0.908745106
         73.200   0.091254894   0.341134680   0.341134680   0.908745106
         73.400   0.091254894   0.341134681   0.341134681   0.908745106
         73.600   0.091254893   0.341134681   0.341134681   0.908745107
         73.800   0.091254893   0.341134681   0.341134681   0.908745107
         74.000   0.091254893   0.341134681   0.341134681   0.908745107
         74.200   0.091254892   0.341134681   0.341134681   0.908745108
         74.400   0.091254892   0.341134681   0.341134681   0.908745108
         74.600   0.091254892   0.341134681   0.341134681   0.908745108
         74.800   0.091254892   0.341134681   0.341134681   0.908745108
         75.000   0.091254892   0.341134682   0.341134682   0.908745108
         75.200   0.091254892   0.341134682   0.341134682   0.908745108
         75.400   0.091254892   0.341134682   0.341134682   0.908745108
         75.600   0.091254892   0.341134682   0.341134682   0.908745108
         75.800   0.091254891   0.341134682   0.341134682   0.908745109
         76.000   0.091254891   0.341134682   0.341134682   0.908745109
         76.200   0.091254891   0.341134682   0.341134682   0.908745109
         76.400   0.091254891   0.341134682   0.341134682   0.908745109
         76.600   0.091254891   0.341134682   0.341134682   0.908745109
         76.800   0.091254890   0.341134682   0.341134682   0.908745110
         77.000   0.091254890   0.341134682   0.341134682   0.908745110
         77.200   0.091254890   0.341134683   0.341134683   0.908745110
         77.400   0.091254890   0.341134683   0.341134683   0.908745110
         77.600   0.091254890   0.341134683   0.341134683   0.908745110
         77.800   0.091254890   0.341134683   0.341134683   0.908745110
         78.000   0.091254890   0.341134683   0.341134683   0.908745110
         78.200   0.091254890   0.341134683   0.341134683   0.908745110
         78.400   0.091254890   0.341134683   0.341134683   0.908745110
         78.600   0.091254890   0.341134683   0.341134683   0.908745110
         78.800   0.091254890   0.341134683   0.341134683   0.908745110
         79.000   0.091254890   0.341134683   0.341134683   0.908745110
         79.200   0.091254890   0.341134683   0.341134683   0.908745110
         79.400   0.091254890   0.341134683   0.341134683   0.908745110
         79.600   0.091254890   0.341134683   0.341134683   0.908745110
         79.800   0.091254890   0.341134683   0.341134683   0.908745110
         80.000   0.091254890   0.341134684   0.341134684   0.908745110
         80.200   0.091254890   0.341134684   0.341134684   0.908745110
         80.400   0.091254890   0.341134684   0.341134684   0.908745110
         80.600   0.091254889   0.341134684   0.341134684   0.908745111
         80.800   0.091254889   0.341134684   0.341134684   0.908745111
         81.000   0.091254889   0.341134684   0.341134684   0.908745111
         81.200   0.091254889   0.341134684   0.341134684   0.908745111
         81.400   0.091254889   0.341134684   0.341134684   0.908745111
         81.600   0.091254889   0.341134684   0.341134684   0.908745111
         81.800   0.091254889   0.341134684   0.341134684   0.908745111
         82.000   0.091254889   0.341134684   0.341134684   0.908745111
         82.200   0.091254889   0.341134684   0.341134684   0.908745111
         82.400   0.091254889   0.341134684   0.341134684   0.908745111
         82.600   0.091254889   0.341134684   0.341134684   0.908745111
         82.800   0.091254889   0.341134684   0.341134684   0.908745111
         83.000   0.091254889   0.341134684   0.341134684   0.908745111
         83.200   0.091254889   0.341134684   0.341134684   0.908745111
         83.400   0.091254889   0.341134684   0.341134684   0.908745111
         83.600   0.091254889   0.341134684   0.341134684   0.908745111
         83.800   0.091254889   0.341134684   0.341134684   0.908745111
         84.000   0.091254889   0.341134684   0.341134684   0.908745111
         84.200   0.091254889   0.341134684   0.341134684   0.908745111
         84.400   0.091254889   0.341134684   0.341134684   0.908745111
         84.600   0.091254889   0.341134684   0.341134684   0.908745111
         84.800   0.091254889   0.341134684   0.341134684   0.908745111
         85.000   0.091254889   0.341134684   0.341134684   0.908745111
         85.200   0.091254889   0.341134684   0.341134684   0.908745111
         85.400   0.091254889   0.341134684   0.341134684   0.908745111
         85.600   0.091254889   0.341134684   0.341134684   0.908745111
         85.800   0.091254889   0.341134684   0.341134684   0.908745111
         86.000   0.091254889   0.341134684   0.341134684   0.908745111
         86.200   0.091254889   0.341134684   0.341134684   0.908745111
         86.400   0.091254889   0.341134684   0.341134684   0.908745111
         86.600   0.091254889   0.341134684   0.341134684   0.908745111
         86.800   0.091254889   0.341134684   0.341134684   0.908745111
         87.000   0.091254889   0.341134684   0.341134684   0.908745111
         87.200   0.091254889   0.341134684   0.341134684   0.908745111
         87.400   0.091254889   0.341134684   0.341134684   0.908745111
         87.600   0.091254889   0.341134684   0.341134684   0.908745111
         87.800   0.091254889   0.341134684   0.341134684   0.908745111
         88.000   0.091254889   0.341134684   0.341134684   0.908745111
         88.200   0.091254889   0.341134684   0.341134684   0.908745111
         88.400   0.091254889   0.341134684   0.341134684   0.908745111
         88.600   0.091254889   0.341134684   0.341134684   0.908745111
         88.800   0.091254889   0.341134684   0.341134684   0.908745111
         89.000   0.091254889   0.341134684   0.341134684   0.908745111
         89.200   0.091254889   0.341134684   0.341134684   0.908745111
         89.400   0.091254889   0.341134684   0.341134684   0.908745111
         89.600   0.091254889   0.341134684   0.341134684   0.908745111
         89.800   0.091254889   0.341134684   0.341134684   0.908745111
         90.000   0.091254889   0.341134684   0.341134684   0.908745111
         90.200   0.091254889   0.341134684   0.341134684   0.908745111
         90.400   0.091254889   0.341134684   0.341134684   0.908745111
         90.600   0.091254889   0.341134684   0.341134684   0.908745111
         90.800   0.091254889   0.341134684   0.341134684   0.908745111
         91.000   0.091254889   0.341134684   0.341134684   0.908745111
         91.200   0.091254889   0.341134684   0.341134684   0.908745111
         91.400   0.091254889   0.341134684   0.341134684   0.908745111
         91.600   0.091254889   0.341134684   0.341134684   0.908745111
         91.800   0.091254889   0.341134684   0.341134684   0.908745111
         92.000   0.091254889   0.341134684   0.341134684   0.908745111
         92.200   0.091254889   0.341134684   0.341134684   0.908745111
         92.400   0.091254889   0.341134684   0.341134684   0.908745111
         92.600   0.091254889   0.341134684   0.341134684   0.908745111
         92.800   0.091254889   0.341134684   0.341134684   0.908745111
         93.000   0.091254889   0.341134684   0.341134684   0.908745111
         93.200   0.091254889   0.341134684   0.341134684   0.908745111
         93.400   0.091254889   0.341134684   0.341134684   0.908745111
         93.600   0.091254889   0.341134684   0.341134684   0.908745111
         93.800   0.091254889   0.341134684   0.341134684   0.908745111
         94.000   0.091254889   0.341134684   0.341134684   0.908745111
         94.200   0.091254889   0.341134684   0.341134684   0.908745111
         94.400   0.091254889   0.341134684   0.341134684   0.908745111
         94.600   0.091254889   0.341134684   0.341134684   0.908745111
         94.800   0.091254889   0.341134684   0.341134684   0.908745111
         95.000   0.091254889   0.341134684   0.341134684   0.908745111
         95.200   0.091254889   0.341134684   0.341134684   0.908745111
         95.400   0.091254889   0.341134684   0.341134684   0.908745111
         95.600   0.091254889   0.341134684   0.341134684   0.908745111
         95.800   0.091254889   0.341134684   0.341134684   0.908745111
         96.000   0.091254889   0.341134684   0.341134684   0.908745111
         96.200   0.091254889   0.341134684   0.341134684   0.908745111
         96.400   0.091254889   0.341134684   0.341134684   0.908745111
         96.600   0.091254889   0.341134684   0.341134684   0.908745111
         96.800   0.091254889   0.341134684   0.341134684   0.908745111
         97.000   0.091254889   0.341134684   0.341134684   0.908745111
         97.200   0.091254889   0.341134684   0.341134684   0.908745111
         97.400   0.091254889   0.341134684   0.341134684   0.908745111
         97.600   0.091254889   0.341134684   0.341134684   0.908745111
         97.800   0.091254889   0.341134684   0.341134684   0.908745111
         98.000   0.091254889   0.341134684   0.341134684   0.908745111
         98.200   0.091254889   0.341134684   0.341134684   0.908745111
         98.400   0.091254889   0.341134684   0.341134684   0.908745111
         98.600   0.091254889   0.341134684   0.341134684   0.908745111
         98.800   0.091254889   0.341134684   0.341134684   0.908745111
         99.000   0.091254889   0.341134684   0.341134684   0.908745111
         99.200   0.091254889   0.341134684   0.341134684   0.908745111
         99.400   0.091254889   0.341134684   0.341134684   0.908745111
         99.600   0.091254889   0.341134684   0.341134684   0.908745111
         99.800   0.091254889   0.341134684   0.341134684   0.908745111
        100.000   0.091254889   0.341134684   0.341134684   0.908745111
        100.200   0.091254889   0.341134684   0.341134684   0.908745111
        100.400   0.091254889   0.341134684   0.341134684   0.908745111
        100.600   0.091254889   0.341134684   0.341134684   0.908745111
        100.800   0.091254889   0.341134684   0.341134684   0.908745111
        101.000   0.091254889   0.341134684   0.341134684   0.908745111
        101.200   0.091254889   0.341134684   0.341134684   0.908745111
        101.400   0.091254889   0.341134684   0.341134684   0.908745111
        101.600   0.091254889   0.341134684   0.341134684   0.908745111
        101.800   0.091254889   0.341134684   0.341134684   0.908745111
        102.000   0.091254889   0.341134684   0.341134684   0.908745111
        102.200   0.091254889   0.341134684   0.341134684   0.908745111
        102.400   0.091254889   0.341134684   0.341134684   0.908745111
        102.600   0.091254889   0.341134684   0.341134684   0.908745111
        102.800   0.091254889   0.341134684   0.341134684   0.908745111
        103.000   0.091254889   0.341134684   0.341134684   0.908745111
        103.200   0.091254889   0.341134684   0.341134684   0.908745111
        103.400   0.091254889   0.341134684   0.341134684   0.908745111
        103.600   0.091254889   0.341134684   0.341134684   0.908745111
        103.800   0.091254889   0.341134684   0.341134684   0.908745111
        104.000   0.091254889   0.341134684   0.341134684   0.908745111
        104.200   0.091254889   0.341134684   0.341134684   0.908745111
        104.400   0.091254889   0.341134684   0.341134684   0.908745111
        104.600   0.091254889   0.341134684   0.341134684   0.908745111
        104.800   0.091254889   0.341134684   0.341134684   0.908745111
        105.000   0.091254889   0.341134684   0.341134684   0.908745111
        105.200   0.091254889   0.341134684   0.341134684   0.908745111
        105.400   0.091254889   0.341134684   0.341134684   0.908745111
        105.600   0.091254889   0.341134684   0.341134684   0.908745111
        105.800   0.091254889   0.341134684   0.341134684   0.908745111
        106.000   0.091254889   0.341134684   0.341134684   0.908745111
        106.200   0.091254889   0.341134684   0.341134684   0.908745111
        106.400   0.091254889   0.341134684   0.341134684   0.908745111
        106.600   0.091254889   0.341134684   0.341134684   0.908745111
        106.800   0.091254889   0.341134684   0.341134684   0.908745111
        107.000   0.091254889   0.341134684   0.341134684   0.908745111
        107.200   0.091254889   0.341134684   0.341134684   0.908745111
        107.400   0.091254889   0.341134684   0.341134684   0.908745111
        107.600   0.091254889   0.341134684   0.341134684   0.908745111
        107.800   0.091254889   0.341134684   0.341134684   0.908745111
        108.000   0.091254889   0.341134684   0.341134684   0.908745111
        108.200   0.091254889   0.341134684   0.341134684   0.908745111
        108.400   0.091254889   0.341134684   0.341134684   0.908745111
        108.600   0.091254889   0.341134684   0.341134684   0.908745111
        108.800   0.091254889   0.341134684   0.341134684   0.908745111
        109.000   0.091254889   0.341134684   0.341134684   0.908745111
        109.200   0.091254889   0.341134684   0.341134684   0.908745111
        109.400   0.091254889   0.341134684   0.341134684   0.908745111
        109.600   0.091254889   0.341134684   0.341134684   0.908745111
        109.800   0.091254889   0.341134684   0.341134684   0.908745111
        110.000   0.091254889   0.341134684   0.341134684   0.908745111
        110.200   0.091254889   0.341134684   0.341134684   0.908745111
        110.400   0.091254889   0.341134684   0.341134684   0.908745111
        110.600   0.091254889   0.341134684   0.341134684   0.908745111
        110.800   0.091254889   0.341134684   0.341134684   0.908745111
        111.000   0.091254889   0.341134684   0.341134684   0.908745111
        111.200   0.091254889   0.341134684   0.341134684   0.908745111
        111.400   0.091254889   0.341134684   0.341134684   0.908745111
        111.600   0.091254889   0.341134684   0.341134684   0.908745111
        111.800   0.091254889   0.341134684   0.341134684   0.908745111
        112.000   0.091254889   0.341134684   0.341134684   0.908745111
        112.200   0.091254889   0.341134684   0.341134684   0.908745111
        112.400   0.091254889   0.341134684   0.341134684   0.908745111
        112.600   0.091254889   0.341134684   0.341134684   0.908745111
        112.800   0.091254889   0.341134684   0.341134684   0.908745111
        113.000   0.091254889   0.341134684   0.341134684   0.908745111
        113.200   0.091254889   0.341134684   0.341134684   0.908745111
        113.400   0.091254889   0.341134684   0.341134684   0.908745111
        113.600   0.091254889   0.341134684   0.341134684   0.908745111
        113.800   0.091254889   0.341134684   0.341134684   0.908745111
        114.000   0.091254889   0.341134684   0.341134684   0.908745111
        114.200   0.091254889   0.341134684   0.341134684   0.908745111
        114.400   0.091254889   0.341134684   0.341134684   0.908745111
        114.600   0.091254889   0.341134684   0.341134684   0.908745111
        114.800   0.091254889   0.341134684   0.341134684   0.908745111
        115.000   0.091254889   0.341134684   0.341134684   0.908745111
        115.200   0.091254889   0.341134684   0.341134684   0.908745111
        115.400   0.091254889   0.341134684   0.341134684   0.908745111
        115.600   0.091254889   0.341134684   0.341134684   0.908745111
        115.800   0.091254889   0.341134684   0.341134684   0.908745111
        116.000   0.091254889   0.341134684   0.341134684   0.908745111
        116.200   0.091254889   0.341134684   0.341134684   0.908745111
        116.400   0.091254889   0.341134684   0.341134684   0.908745111
        116.600   0.091254889   0.341134684   0.341134684   0.908745111
        116.800   0.091254889   0.341134684   0.341134684   0.908745111
        117.000   0.091254889   0.341134684   0.341134684   0.908745111
        117.200   0.091254889   0.341134684   0.341134684   0.908745111
        117.400   0.091254889   0.341134684   0.341134684   0.908745111
        117.600   0.091254889   0.341134684   0.341134684   0.908745111
        117.800   0.091254889   0.341134684   0.341134684   0.908745111
        118.000   0.091254889   0.341134684   0.341134684   0.908745111
        118.200   0.091254889   0.341134684   0.341134684   0.908745111
        118.400   0.091254889   0.341134684   0.341134684   0.908745111
        118.600   0.091254889   0.341134684   0.341134684   0.908745111
        118.800   0.091254889   0.341134684   0.341134684   0.908745111
        119.000   0.091254889   0.341134684   0.341134684   0.908745111
        119.200   0.091254889   0.341134684   0.341134684   0.908745111
        119.400   0.091254889   0.341134684   0.341134684   0.908745111
        119.600   0.091254889   0.341134684   0.341134684   0.908745111
        119.800   0.091254889   0.341134684   0.341134684   0.908745111
        120.000   0.091254889   0.341134684   0.341134684   0.908745111
