          0.200   0.000000000  -0.183137504   0.183137504   0.000000000
          0.400   0.000000000  -0.299835557   0.299835557   0.000000000
          0.600  -0.000000000  -0.335812466   0.335812466   0.000000000
          0.800   0.000000000  -0.293929949   0.293929949  -0.000000000
          1.000  -0.000000000  -0.194836400   0.194836400  -0.000000000
          1.200   0.000000000  -0.071535605   0.071535605   0.000000000
          1.400  -0.000000000   0.039996014  -0.039996014  -0.000000000
          1.600   0.000000000   0.110620454  -0.110620454   0.000000000
          1.800   0.000000000   0.125329047  -0.125329047  -0.000000000
          2.000   0.000000000   0.086120627  -0.086120627  -0.000000000
          2.200   0.000000000   0.009995801  -0.009995801  -0.000000000
          2.400   0.000000000  -0.077204996   0.077204996  -0.000000000
          2.600   0.000000000  -0.148920751   0.148920751  -0.000000000
          2.800   0.000000000  -0.185457132   0.185457132  -0.000000000
          3.000  -0.000000000  -0.178930155   0.178930155  -0.000000000
          3.200  -0.000000000  -0.134412661   0.134412661  -0.000000000
          3.400  -0.000000000  -0.067308449   0.067308449  -0.000000000
          3.600  -0.000000000   0.001956873  -0.001956873  -0.000000000
          3.800  -0.000000000   0.054180156  -0.054180156  -0.000000000
          4.000  -0.000000000   0.076706987  -0.076706987  -0.000000000
          4.200  -0.000000000   0.066416080  -0.066416080  -0.000000000
          4.400  -0.000000000   0.029731466  -0.029731466  -0.000000000
          4.600  -0.000000000  -0.020068704   0.020068704  -0.000000000
          4.800  -0.000000000  -0.067237218   0.067237218  -0.000000000
          5.000  -0.000000000  -0.098240221   0.098240221  -0.000000000
          5.200  -0.000000000  -0.105384209   0.105384209  -0.000000000
          5.400  -0.000000000  -0.088457535   0.088457535  -0.000000000
          5.600  -0.000000000  -0.054103611   0.054103611  -0.000000000
          5.800  -0.000000000  -0.013311040   0.013311040  -0.000000000
          6.000  -0.000000000   0.022096320  -0.022096320  -0.000000000
          6.200  -0.000000000   0.042884149  -0.042884149  -0.000000000
          6.400  -0.000000000   0.044785585  -0.044785585  -0.000000000
          6.600  -0.000000000   0.029255049  -0.029255049  -0.000000000
          6.800  -0.000000000   0.002533334  -0.002533334  -0.000000000
          7.000  -0.000000000  -0.026556662   0.026556662  -0.000000000
          7.200  -0.000000000  -0.049343293   0.049343293  -0.000000000
          7.400  -0.000000000  -0.059746349   0.059746349  -0.000000000
          7.600  -0.000000000  -0.055760158   0.055760158  -0.000000000
          7.800  -0.000000000  -0.039647417   0.039647417  -0.000000000
          8.000  -0.000000000  -0.016906999   0.016906999  -0.000000000
          8.200  -0.000000000   0.005579766  -0.005579766  -0.000000000
          8.400  -0.000000000   0.021624318  -0.021624318  -0.000000000
          8.600  -0.000000000   0.027419836  -0.027419836  -0.000000000
          8.800  -0.000000000   0.022401227  -0.022401227  -0.000000000
          9.000  -0.000000000   0.009108613  -0.009108613  -0.000000000
          9.200  -0.000000000  -0.007815749   0.007815749  -0.000000000
          9.400  -0.000000000  -0.023133759   0.023133759  -0.000000000
          9.600  -0.000000000  -0.032548491   0.032548491  -0.000000000
          9.800  -0.000000000  -0.033833989   0.033833989  -0.000000000
         10.000  -0.000000000  -0.027275335   0.027275335  -0.000000000
         10.200  -0.000000000  -0.015357580   0.015357580  -0.000000000
         10.400  -0.000000000  -0.001860410   0.001860410  -0.000000000
         10.600  -0.000000000   0.009330724  -0.009330724  -0.000000000
         10.800  -0.000000000   0.015334492  -0.015334492  -0.000000000
         11.000  -0.000000000   0.014997633  -0.014997633  -0.000000000
         11.200  -0.000000000   0.009063374  -0.009063374  -0.000000000
         11.400  -0.000000000  -0.000212463   0.000212463  -0.000000000
         11.600  -0.000000000  -0.009838390   0.009838390  -0.000000000
         11.800  -0.000000000  -0.017001285   0.017001285  -0.000000000
         12.000  -0.000000000  -0.019846210   0.019846210  -0.000000000
         12.200  -0.000000000  -0.017913551   0.017913551  -0.000000000
         12.400  -0.000000000  -0.012141138   0.012141138  -0.000000000
         12.600  -0.000000000  -0.004470571   0.004470571  -0.000000000
         12.800  -0.000000000   0.002794520  -0.002794520  -0.000000000
         13.000  -0.000000000   0.007673916  -0.007673916  -0.000000000
         13.200  -0.000000000   0.009041892  -0.009041892  -0.000000000
         13.400  -0.000000000   0.006867744  -0.006867744  -0.000000000
         13.600  -0.000000000   0.002124296  -0.002124296  -0.000000000
         13.800  -0.000000000  -0.003579307   0.003579307  -0.000000000
         14.000  -0.000000000  -0.008511308   0.008511308  -0.000000000
         14.200  -0.000000000  -0.011318704   0.011318704  -0.000000000
         14.400  -0.000000000  -0.011375465   0.011375465  -0.000000000
         14.600  -0.000000000  -0.008893071   0.008893071  -0.000000000
         14.800  -0.000000000  -0.004783833   0.004783833  -0.000000000
         15.000  -0.000000000  -0.000338354   0.000338354  -0.000000000
         15.200  -0.000000000   0.003174555  -0.003174555  -0.000000000
         15.400  -0.000000000   0.004865135  -0.004865135  -0.000000000
         15.600  -0.000000000   0.004439899  -0.004439899  -0.000000000
         15.800  -0.000000000   0.002230156  -0.002230156  -0.000000000
         16.000  -0.000000000  -0.000958953   0.000958953  -0.000000000
         16.200  -0.000000000  -0.004119727   0.004119727  -0.000000000
         16.400  -0.000000000  -0.006345675   0.006345675  -0.000000000
         16.600  -0.000000000  -0.007078808   0.007078808  -0.000000000
         16.800  -0.000000000  -0.006235622   0.006235622  -0.000000000
         17.000  -0.000000000  -0.004187232   0.004187232  -0.000000000
         17.200  -0.000000000  -0.001612623   0.001612623  -0.000000000
         17.400  -0.000000000   0.000721807  -0.000721807  -0.000000000
         17.600  -0.000000000   0.002187240  -0.002187240  -0.000000000
         17.800  -0.000000000   0.002457890  -0.002457890  -0.000000000
         18.000  -0.000000000   0.001575492  -0.001575492  -0.000000000
         18.200  -0.000000000  -0.000096142   0.000096142  -0.000000000
         18.400  -0.000000000  -0.002003589   0.002003589  -0.000000000
         18.600  -0.000000000  -0.003577826   0.003577826  -0.000000000
         18.800  -0.000000000  -0.004396710   0.004396710  -0.000000000
         19.000  -0.000000000  -0.004291005   0.004291005  -0.000000000
         19.200  -0.000000000  -0.003369098   0.003369098  -0.000000000
         19.400  -0.000000000  -0.001960861   0.001960861  -0.000000000
         19.600  -0.000000000  -0.000503959   0.000503959  -0.000000000
         19.800  -0.000000000   0.000589941  -0.000589941  -0.000000000
         20.000  -0.000000000   0.001049341  -0.001049341  -0.000000000
         20.200  -0.000000000   0.000806951  -0.000806951  -0.000000000
         20.400  -0.000000000   0.000000043  -0.000000043  -0.000000000
         20.600  -0.000000000  -0.001087130   0.001087130  -0.000000000
         20.800  -0.000000000  -0.002117252   0.002117252  -0.000000000
         21.000  -0.000000000  -0.002800283   0.002800283  -0.000000000
         21.200  -0.000000000  -0.002971217   0.002971217  -0.000000000
         21.400  -0.000000000  -0.002625332   0.002625332  -0.000000000
         21.600  -0.000000000  -0.001904830   0.001904830  -0.000000000
         21.800  -0.000000000  -0.001045108   0.001045108  -0.000000000
         22.000  -0.000000000  -0.000299580   0.000299580  -0.000000000
         22.200  -0.000000000   0.000133727  -0.000133727  -0.000000000
         22.400  -0.000000000   0.000163162  -0.000163162  -0.000000000
         22.600  -0.000000000  -0.000180337   0.000180337  -0.000000000
         22.800  -0.000000000  -0.000763225   0.000763225  -0.000000000
         23.000  -0.000000000  -0.001396547   0.001396547  -0.000000000
         23.200  -0.000000000  -0.001894496   0.001894496  -0.000000000
         23.400  -0.000000000  -0.002126719   0.002126719  -0.000000000
         23.600  -0.000000000  -0.002050130   0.002050130  -0.000000000
         23.800  -0.000000000  -0.001713108   0.001713108  -0.000000000
         24.000  -0.000000000  -0.001233416   0.001233416  -0.000000000
         24.200  -0.000000000  -0.000758505   0.000758505  -0.000000000
         24.400  -0.000000000  -0.000421044   0.000421044  -0.000000000
         24.600  -0.000000000  -0.000302718   0.000302718  -0.000000000
         24.800  -0.000000000  -0.000415766   0.000415766  -0.000000000
         25.000  -0.000000000  -0.000705876   0.000705876  -0.000000000
         25.200  -0.000000000  -0.001073651   0.001073651  -0.000000000
         25.400  -0.000000000  -0.001406874   0.001406874  -0.000000000
         25.600  -0.000000000  -0.001613448   0.001613448  -0.000000000
         25.800  -0.000000000  -0.001645617   0.001645617  -0.000000000
         26.000  -0.000000000  -0.001509423   0.001509423  -0.000000000
         26.200  -0.000000000  -0.001258062   0.001258062  -0.000000000
         26.400  -0.000000000  -0.000972507   0.000972507  -0.000000000
         26.600  -0.000000000  -0.000736032   0.000736032  -0.000000000
         26.800  -0.000000000  -0.000610431   0.000610431  -0.000000000
         27.000  -0.000000000  -0.000620487   0.000620487  -0.000000000
         27.200  -0.000000000  -0.000750347   0.000750347  -0.000000000
         27.400  -0.000000000  -0.000951727   0.000951727  -0.000000000
         27.600  -0.000000000  -0.001160553   0.001160553  -0.000000000
         27.800  -0.000000000  -0.001316541   0.001316541  -0.000000000
         28.000  -0.000000000  -0.001379917   0.001379917  -0.000000000
         28.200  -0.000000000  -0.001340791   0.001340791  -0.000000000
         28.400  -0.000000000  -0.001219224   0.001219224  -0.000000000
         28.600  -0.000000000  -0.001056799   0.001056799  -0.000000000
         28.800  -0.000000000  -0.000902878   0.000902878  -0.000000000
         29.000  -0.000000000  -0.000799915   0.000799915  -0.000000000
         29.200  -0.000000000  -0.000772068   0.000772068  -0.000000000
         29.400  -0.000000000  -0.000820039   0.000820039  -0.000000000
         29.600  -0.000000000  -0.000923016   0.000923016  -0.000000000
         29.800  -0.000000000  -0.001046542   0.001046542  -0.000000000
         30.000  -0.000000000  -0.001153513   0.001153513  -0.000000000
         30.200  -0.000000000  -0.001214925   0.001214925  -0.000000000
         30.400  -0.000000000  -0.001217343   0.001217343  -0.000000000
         30.600  -0.000000000  -0.001165275   0.001165275  -0.000000000
         30.800  -0.000000000  -0.001078253   0.001078253  -0.000000000
         31.000  -0.000000000  -0.000983925   0.000983925  -0.000000000
         31.200  -0.000000000  -0.000909487   0.000909487  -0.000000000
         31.400  -0.000000000  -0.000874023   0.000874023  -0.000000000
         31.600  -0.000000000  -0.000883844   0.000883844  -0.000000000
         31.800  -0.000000000  -0.000931873   0.000931873  -0.000000000
         32.000  -0.000000000  -0.001000875   0.001000875  -0.000000000
         32.200  -0.000000000  -0.001069264   0.001069264  -0.000000000
         32.400  -0.000000000  -0.001117611   0.001117611  -0.000000000
         32.600  -0.000000000  -0.001133950   0.001133950  -0.000000000
         32.800  -0.000000000  -0.001116477   0.001116477  -0.000000000
         33.000  -0.000000000  -0.001073132   0.001073132  -0.000000000
         33.200  -0.000000000  -0.001018459   0.001018459  -0.000000000
         33.400  -0.000000000  -0.000968879   0.000968879  -0.000000000
         33.600  -0.000000000  -0.000937875   0.000937875  -0.000000000
         33.800  -0.000000000  -0.000932440   0.000932440  -0.000000000
         34.000  -0.000000000  -0.000951694   0.000951694  -0.000000000
         34.200  -0.000000000  -0.000987851   0.000987851  -0.000000000
         34.400  -0.000000000  -0.001029059   0.001029059  -0.000000000
         34.600  -0.000000000  -0.001063126   0.001063126  -0.000000000
         34.800  -0.000000000  -0.001081001   0.001081001  -0.000000000
         35.000  -0.000000000  -0.001079050   0.001079050  -0.000000000
         35.200  -0.000000000  -0.001059587   0.001059587  -0.000000000
         35.400  -0.000000000  -0.001029676   0.001029676  -0.000000000
         35.600  -0.000000000  -0.000998693   0.000998693  -0.000000000
         35.800  -0.000000000  -0.000975461   0.000975461  -0.000000000
         36.000  -0.000000000  -0.000965806   0.000965806  -0.000000000
         36.200  -0.000000000  -0.000971176   0.000971176  -0.000000000
         36.400  -0.000000000  -0.000988637   0.000988637  -0.000000000
         36.600  -0.000000000  -0.001012102   0.001012102  -0.000000000
         36.800  -0.000000000  -0.001034346   0.001034346  -0.000000000
         37.000  -0.000000000  -0.001049152   0.001049152  -0.000000000
         37.200  -0.000000000  -0.001052980   0.001052980  -0.000000000
         37.400  -0.000000000  -0.001045723   0.001045723  -0.000000000
         37.600  -0.000000000  -0.001030426   0.001030426  -0.000000000
         37.800  -0.000000000  -0.001012130   0.001012130  -0.000000000
         38.000  -0.000000000  -0.000996266   0.000996266  -0.000000000
         38.200  -0.000000000  -0.000987079   0.000987079  -0.000000000
         38.400  -0.000000000  -0.000986538   0.000986538  -0.000000000
         38.600  -0.000000000  -0.000993985   0.000993985  -0.000000000
         38.800  -0.000000000  -0.001006560   0.001006560  -0.000000000
         39.000  -0.000000000  -0.001020217   0.001020217  -0.000000000
         39.200  -0.000000000  -0.001030974   0.001030974  -0.000000000
         39.400  -0.000000000  -0.001036036   0.001036036  -0.000000000
         39.600  -0.000000000  -0.001034478   0.001034478  -0.000000000
         39.800  -0.000000000  -0.001027332   0.001027332  -0.000000000
         40.000  -0.000000000  -0.001017121   0.001017121  -0.000000000
         40.200  -0.000000000  -0.001007004   0.001007004  -0.000000000
         40.400  -0.000000000  -0.000999825   0.000999825  -0.000000000
         40.600  -0.000000000  -0.000997335   0.000997335  -0.000000000
         40.800  -0.000000000  -0.000999801   0.000999801  -0.000000000
         41.000  -0.000000000  -0.001006060   0.001006060  -0.000000000
         41.200  -0.000000000  -0.001013984   0.001013984  -0.000000000
         41.400  -0.000000000  -0.001021169   0.001021169  -0.000000000
         41.600  -0.000000000  -0.001025640   0.001025640  -0.000000000
         41.800  -0.000000000  -0.001026373   0.001026373  -0.000000000
         42.000  -0.000000000  -0.001023495   0.001023495  -0.000000000
         42.200  -0.000000000  -0.001018146   0.001018146  -0.000000000
         42.400  -0.000000000  -0.001012059   0.001012059  -0.000000000
         42.600  -0.000000000  -0.001007019   0.001007019  -0.000000000
         42.800  -0.000000000  -0.001004352   0.001004352  -0.000000000
         43.000  -0.000000000  -0.001004589   0.001004589  -0.000000000
         43.200  -0.000000000  -0.001007393   0.001007393  -0.000000000
         43.400  -0.000000000  -0.001011730   0.001011730  -0.000000000
         43.600  -0.000000000  -0.001016227   0.001016227  -0.000000000
         43.800  -0.000000000  -0.001019592   0.001019592  -0.000000000
         44.000  -0.000000000  -0.001020973   0.001020973  -0.000000000
         44.200  -0.000000000  -0.001020156   0.001020156  -0.000000000
         44.400  -0.000000000  -0.001017571   0.001017571  -0.000000000
         44.600  -0.000000000  -0.001014108   0.001014108  -0.000000000
         44.800  -0.000000000  -0.001010825   0.001010825  -0.000000000
         45.000  -0.000000000  -0.001008631   0.001008631  -0.000000000
         45.200  -0.000000000  -0.001008045   0.001008045  -0.000000000
         45.400  -0.000000000  -0.001009084   0.001009084  -0.000000000
         45.600  -0.000000000  -0.001011301   0.001011301  -0.000000000
         45.800  -0.000000000  -0.001013959   0.001013959  -0.000000000
         46.000  -0.000000000  -0.001016263   0.001016263  -0.000000000
         46.200  -0.000000000  -0.001017591   0.001017591  -0.000000000
         46.400  -0.000000000  -0.001017654   0.001017654  -0.000000000
         46.600  -0.000000000  -0.001016549   0.001016549  -0.000000000
         46.800  -0.000000000  -0.001014694   0.001014694  -0.000000000
         47.000  -0.000000000  -0.001012681   0.001012681  -0.000000000
         47.200  -0.000000000  -0.001011092   0.001011092  -0.000000000
         47.400  -0.000000000  -0.001010338   0.001010338  -0.000000000
         47.600  -0.000000000  -0.001010554   0.001010554  -0.000000000
         47.800  -0.000000000  -0.001011588   0.001011588  -0.000000000
         48.000  -0.000000000  -0.001013072   0.001013072  -0.000000000
         48.200  -0.000000000  -0.001014544   0.001014544  -0.000000000
         48.400  -0.000000000  -0.001015586   0.001015586  -0.000000000
         48.600  -0.000000000  -0.001015942   0.001015942  -0.000000000
         48.800  -0.000000000  -0.001015573   0.001015573  -0.000000000
         49.000  -0.000000000  -0.001014650   0.001014650  -0.000000000
         49.200  -0.000000000  -0.001013483   0.001013483  -0.000000000
         49.400  -0.000000000  -0.001012424   0.001012424  -0.000000000
         49.600  -0.000000000  -0.001011763   0.001011763  -0.000000000
         49.800  -0.000000000  -0.001011649   0.001011649  -0.000000000
         50.000  -0.000000000  -0.001012064   0.001012064  -0.000000000
         50.200  -0.000000000  -0.001012841   0.001012841  -0.000000000
         50.400  -0.000000000  -0.001013727   0.001013727  -0.000000000
         50.600  -0.000000000  -0.001014460   0.001014460  -0.000000000
         50.800  -0.000000000  -0.001014846   0.001014846  -0.000000000
         51.000  -0.000000000  -0.001014808   0.001014808  -0.000000000
         51.200  -0.000000000  -0.001014393   0.001014393  -0.000000000
         51.400  -0.000000000  -0.001013755   0.001013755  -0.000000000
         51.600  -0.000000000  -0.001013093   0.001013093  -0.000000000
         51.800  -0.000000000  -0.001012597   0.001012597  -0.000000000
         52.000  -0.000000000  -0.001012391   0.001012391  -0.000000000
         52.200  -0.000000000  -0.001012508   0.001012508  -0.000000000
         52.400  -0.000000000  -0.001012883   0.001012883  -0.000000000
         52.600  -0.000000000  -0.001013387   0.001013387  -0.000000000
         52.800  -0.000000000  -0.001013865   0.001013865  -0.000000000
         53.000  -0.000000000  -0.001014184   0.001014184  -0.000000000
         53.200  -0.000000000  -0.001014268   0.001014268  -0.000000000
         53.400  -0.000000000  -0.001014114   0.001014114  -0.000000000
         53.600  -0.000000000  -0.001013788   0.001013788  -0.000000000
         53.800  -0.000000000  -0.001013397   0.001013397  -0.000000000
         54.000  -0.000000000  -0.001013058   0.001013058  -0.000000000
         54.200  -0.000000000  -0.001012862   0.001012862  -0.000000000
         54.400  -0.000000000  -0.001012851   0.001012851  -0.000000000
         54.600  -0.000000000  -0.001013011   0.001013011  -0.000000000
         54.800  -0.000000000  -0.001013281   0.001013281  -0.000000000
         55.000  -0.000000000  -0.001013574   0.001013574  -0.000000000
         55.200  -0.000000000  -0.001013806   0.001013806  -0.000000000
         55.400  -0.000000000  -0.001013915   0.001013915  -0.000000000
         55.600  -0.000000000  -0.001013882   0.001013882  -0.000000000
         55.800  -0.000000000  -0.001013730   0.001013730  -0.000000000
         56.000  -0.000000000  -0.001013512   0.001013512  -0.000000000
         56.200  -0.000000000  -0.001013296   0.001013295  -0.000000000
         56.400  -0.000000000  -0.001013142   0.001013142  -0.000000000
         56.600  -0.000000000  -0.001013089   0.001013089  -0.000000000
         56.800  -0.000000000  -0.001013142   0.001013142  -0.000000000
         57.000  -0.000000000  -0.001013277   0.001013277  -0.000000000
         57.200  -0.000000000  -0.001013447   0.001013447  -0.000000000
         57.400  -0.000000000  -0.001013601   0.001013601  -0.000000000
         57.600  -0.000000000  -0.001013697   0.001013697  -0.000000000
         57.800  -0.000000000  -0.001013713   0.001013713  -0.000000000
         58.000  -0.000000000  -0.001013652   0.001013652  -0.000000000
         58.200  -0.000000000  -0.001013538   0.001013538  -0.000000000
         58.400  -0.000000000  -0.001013408   0.001013408  -0.000000000
         58.600  -0.000000000  -0.001013300   0.001013300  -0.000000000
         58.800  -0.000000000  -0.001013243   0.001013243  -0.000000000
         59.000  -0.000000000  -0.001013248   0.001013248  -0.000000000
         59.200  -0.000000000  -0.001013308   0.001013308  -0.000000000
         59.400  -0.000000000  -0.001013402   0.001013402  -0.000000000
         59.600  -0.000000000  -0.001013498   0.001013498  -0.000000000
         59.800  -0.000000000  -0.001013570   0.001013570  -0.000000000
         60.000  -0.000000000  -0.001013600   0.001013600  -0.000000000
         60.200  -0.000000000  -0.001013583   0.001013583  -0.000000000
         60.400  -0.000000000  -0.001013528   0.001013528  -0.000000000
         60.600  -0.000000000  -0.001013454   0.001013454  -0.000000000
         60.800  -0.000000000  -0.001013384   0.001013384  -0.000000000
         61.000  -0.000000000  -0.001013337   0.001013337  -0.000000000
         61.200  -0.000000000  -0.001013324   0.001013324  -0.000000000
         61.400  -0.000000000  -0.001013346   0.001013346  -0.000000000
         61.600  -0.000000000  -0.001013394   0.001013394  -0.000000000
         61.800  -0.000000000  -0.001013451   0.001013451  -0.000000000
         62.000  -0.000000000  -0.001013501   0.001013501  -0.000000000
         62.200  -0.000000000  -0.001013529   0.001013529  -0.000000000
         62.400  -0.000000000  -0.001013531   0.001013531  -0.000000000
         62.600  -0.000000000  -0.001013507   0.001013507  -0.000000000
         62.800  -0.000000000  -0.001013467   0.001013467  -0.000000000
         63.000  -0.000000000  -0.001013424   0.001013424  -0.000000000
         63.200  -0.000000000  -0.001013390   0.001013390  -0.000000000
         63.400  -0.000000000  -0.001013374   0.001013374  -0.000000000
         63.600  -0.000000000  -0.001013379   0.001013379  -0.000000000
         63.800  -0.000000000  -0.001013401   0.001013401  -0.000000000
         64.000  -0.000000000  -0.001013433   0.001013433  -0.000000000
         64.200  -0.000000000  -0.001013464   0.001013464  -0.000000000
         64.400  -0.000000000  -0.001013487   0.001013487  -0.000000000
         64.600  -0.000000000  -0.001013495   0.001013495  -0.000000000
         64.800  -0.000000000  -0.001013487   0.001013487  -0.000000000
         65.000  -0.000000000  -0.001013467   0.001013467  -0.000000000
         65.200  -0.000000000  -0.001013442   0.001013442  -0.000000000
         65.400  -0.000000000  -0.001013419   0.001013419  -0.000000000
         65.600  -0.000000000  -0.001013405   0.001013405  -0.000000000
         65.800  -0.000000000  -0.001013403   0.001013403  -0.000000000
         66.000  -0.000000000  -0.001013412   0.001013412  -0.000000000
         66.200  -0.000000000  -0.001013428   0.001013428  -0.000000000
         66.400  -0.000000000  -0.001013447   0.001013447  -0.000000000
         66.600  -0.000000000  -0.001013463   0.001013463  -0.000000000
         66.800  -0.000000000  -0.001013471   0.001013471  -0.000000000
         67.000  -0.000000000  -0.001013471   0.001013471  -0.000000000
         67.200  -0.000000000  -0.001013462   0.001013462  -0.000000000
         67.400  -0.000000000  -0.001013448   0.001013448  -0.000000000
         67.600  -0.000000000  -0.001013434   0.001013434  -0.000000000
         67.800  -0.000000000  -0.001013423   0.001013423  -0.000000000
         68.000  -0.000000000  -0.001013419   0.001013419  -0.000000000
         68.200  -0.000000000  -0.001013421   0.001013421  -0.000000000
         68.400  -0.000000000  -0.001013429   0.001013429  -0.000000000
         68.600  -0.000000000  -0.001013440   0.001013440  -0.000000000
         68.800  -0.000000000  -0.001013451   0.001013451  -0.000000000
         69.000  -0.000000000  -0.001013457   0.001013457  -0.000000000
         69.200  -0.000000000  -0.001013459   0.001013459  -0.000000000
         69.400  -0.000000000  -0.001013456   0.001013456  -0.000000000
         69.600  -0.000000000  -0.001013449   0.001013449  -0.000000000
         69.800  -0.000000000  -0.001013441   0.001013441  -0.000000000
         70.000  -0.000000000  -0.001013433   0.001013433  -0.000000000
         70.200  -0.000000000  -0.001013429   0.001013429  -0.000000000
         70.400  -0.000000000  -0.001013429   0.001013429  -0.000000000
         70.600  -0.000000000  -0.001013432   0.001013432  -0.000000000
         70.800  -0.000000000  -0.001013438   0.001013438  -0.000000000
         71.000  -0.000000000  -0.001013444   0.001013444  -0.000000000
         71.200  -0.000000000  -0.001013449   0.001013449  -0.000000000
         71.400  -0.000000000  -0.001013452   0.001013452  -0.000000000
         71.600  -0.000000000  -0.001013451   0.001013451  -0.000000000
         71.800  -0.000000000  -0.001013448   0.001013448  -0.000000000
         72.000  -0.000000000  -0.001013443   0.001013443  -0.000000000
         72.200  -0.000000000  -0.001013439   0.001013439  -0.000000000
         72.400  -0.000000000  -0.001013435   0.001013435  -0.000000000
         72.600  -0.000000000  -0.001013434   0.001013434  -0.000000000
         72.800  -0.000000000  -0.001013435   0.001013435  -0.000000000
         73.000  -0.000000000  -0.001013438   0.001013438  -0.000000000
         73.200  -0.000000000  -0.001013442   0.001013442  -0.000000000
         73.400  -0.000000000  -0.001013445   0.001013445  -0.000000000
         73.600  -0.000000000  -0.001013447   0.001013447  -0.000000000
         73.800  -0.000000000  -0.001013447   0.001013447  -0.000000000
         74.000  -0.000000000  -0.001013446   0.001013446  -0.000000000
         74.200  -0.000000000  -0.001013444   0.001013444  -0.000000000
         74.400  -0.000000000  -0.001013441   0.001013441  -0.000000000
         74.600  -0.000000000  -0.001013439   0.001013439  -0.000000000
         74.800  -0.000000000  -0.001013437   0.001013437  -0.000000000
         75.000  -0.000000000  -0.001013438   0.001013438  -0.000000000
         75.200  -0.000000000  -0.001013439   0.001013439  -0.000000000
         75.400  -0.000000000  -0.001013441   0.001013441  -0.000000000
         75.600  -0.000000000  -0.001013443   0.001013443  -0.000000000
         75.800  -0.000000000  -0.001013444   0.001013444  -0.000000000
         76.000  -0.000000000  -0.001013445   0.001013445  -0.000000000
         76.200  -0.000000000  -0.001013445   0.001013445  -0.000000000
         76.400  -0.000000000  -0.001013444   0.001013444  -0.000000000
         76.600  -0.000000000  -0.001013442   0.001013442  -0.000000000
         76.800  -0.000000000  -0.001013440   0.001013440  -0.000000000
         77.000  -0.000000000  -0.001013439   0.001013439  -0.000000000
         77.200  -0.000000000  -0.001013439   0.001013439  -0.000000000
         77.400  -0.000000000  -0.001013440   0.001013440  -0.000000000
         77.600  -0.000000000  -0.001013441   0.001013441  -0.000000000
         77.800  -0.000000000  -0.001013442   0.001013442  -0.000000000
         78.000  -0.000000000  -0.001013443   0.001013443  -0.000000000
         78.200  -0.000000000  -0.001013444   0.001013444  -0.000000000
         78.400  -0.000000000  -0.001013444   0.001013444  -0.000000000
         78.600  -0.000000000  -0.001013443   0.001013443  -0.000000000
         78.800  -0.000000000  -0.001013442   0.001013442  -0.000000000
         79.000  -0.000000000  -0.001013441   0.001013441  -0.000000000
         79.200  -0.000000000  -0.001013441   0.001013441  -0.000000000
         79.400  -0.000000000  -0.001013440   0.001013440  -0.000000000
         79.600  -0.000000000  -0.001013440   0.001013440  -0.000000000
         79.800  -0.000000000  -0.001013441   0.001013441  -0.000000000
         80.000  -0.000000000  -0.001013442   0.001013442  -0.000000000
         80.200  -0.000000000  -0.001013442   0.001013442  -0.000000000
         80.400  -0.000000000  -0.001013443   0.001013443  -0.000000000
         80.600  -0.000000000  -0.001013443   0.001013443  -0.000000000
         80.800  -0.000000000  -0.001013443   0.001013443  -0.000000000
         81.000  -0.000000000  -0.001013442   0.001013442  -0.000000000
         81.200  -0.000000000  -0.001013442   0.001013442  -0.000000000
         81.400  -0.000000000  -0.001013441   0.001013441  -0.000000000
         81.600  -0.000000000  -0.001013441   0.001013441  -0.000000000
         81.800  -0.000000000  -0.001013441   0.001013441  -0.000000000
         82.000  -0.000000000  -0.001013441   0.001013441  -0.000000000
         82.200  -0.000000000  -0.001013441   0.001013441  -0.000000000
         82.400  -0.000000000  -0.001013442   0.001013442  -0.000000000
         82.600  -0.000000000  -0.001013442   0.001013442  -0.000000000
         82.800  -0.000000000  -0.001013442   0.001013442  -0.000000000
         83.000  -0.000000000  -0.001013442   0.001013442  -0.000000000
         83.200  -0.000000000  -0.001013442   0.001013442  -0.000000000
         83.400  -0.000000000  -0.001013442   0.001013442  -0.000000000
         83.600  -0.000000000  -0.001013442   0.001013442  -0.000000000
         83.800  -0.000000000  -0.001013441   0.001013441  -0.000000000
         84.000  -0.000000000  -0.001013441   0.001013441  -0.000000000
         84.200  -0.000000000  -0.001013441   0.001013441  -0.000000000
         84.400  -0.000000000  -0.001013441   0.001013441  -0.000000000
         84.600  -0.000000000  -0.001013442   0.001013442  -0.000000000
         84.800  -0.000000000  -0.001013442   0.001013442  -0.000000000
         85.000  -0.000000000  -0.001013442   0.001013442  -0.000000000
         85.200  -0.000000000  -0.001013442   0.001013442  -0.000000000
         85.400  -0.000000000  -0.001013442   0.001013442  -0.000000000
         85.600  -0.000000000  -0.001013442   0.001013442  -0.000000000
         85.800  -0.000000000  -0.001013442   0.001013442  -0.000000000
         86.000  -0.000000000  -0.001013442   0.001013442  -0.000000000
         86.200  -0.000000000  -0.001013441   0.001013441  -0.000000000
         86.400  -0.000000000  -0.001013441   0.001013441  -0.000000000
         86.600  -0.000000000  -0.001013441   0.001013441  -0.000000000
         86.800  -0.000000000  -0.001013442   0.001013442  -0.000000000
         87.000  -0.000000000  -0.001013442   0.001013442  -0.000000000
         87.200  -0.000000000  -0.001013442   0.001013442  -0.000000000
         87.400  -0.000000000  -0.001013442   0.001013442  -0.000000000
         87.600  -0.000000000  -0.001013442   0.001013442  -0.000000000
         87.800  -0.000000000  -0.001013442   0.001013442  -0.000000000
         88.000  -0.000000000  -0.001013442   0.001013442  -0.000000000
         88.200  -0.000000000  -0.001013442   0.001013442  -0.000000000
         88.400  -0.000000000  -0.001013442   0.001013442  -0.000000000
         88.600  -0.000000000  -0.001013442   0.001013442  -0.000000000
         88.800  -0.000000000  -0.001013442   0.001013442  -0.000000000
         89.000  -0.000000000  -0.001013442   0.001013442  -0.000000000
         89.200  -0.000000000  -0.001013442   0.001013442  -0.000000000
         89.400  -0.000000000  -0.001013442   0.001013442  -0.000000000
         89.600  -0.000000000  -0.001013442   0.001013442  -0.000000000
         89.800  -0.000000000  -0.001013442   0.001013442  -0.000000000
         90.000  -0.000000000  -0.001013442   0.001013442  -0.000000000
         90.200  -0.000000000  -0.001013442   0.001013442  -0.000000000
         90.400  -0.000000000  -0.001013442   0.001013442  -0.000000000
         90.600  -0.000000000  -0.001013442   0.001013442  -0.000000000
         90.800  -0.000000000  -0.001013442   0.001013442  -0.000000000
         91.000  -0.000000000  -0.001013442   0.001013442  -0.000000000
         91.200  -0.000000000  -0.001013442   0.001013442  -0.000000000
         91.400  -0.000000000  -0.001013442   0.001013442  -0.000000000
         91.600  -0.000000000  -0.001013442   0.001013442  -0.000000000
         91.800  -0.000000000  -0.001013442   0.001013442  -0.000000000
         92.000  -0.000000000  -0.001013442   0.001013442  -0.000000000
         92.200  -0.000000000  -0.001013442   0.001013442  -0.000000000
         92.400  -0.000000000  -0.001013442   0.001013442  -0.000000000
         92.600  -0.000000000  -0.001013442   0.001013442  -0.000000000
         92.800  -0.000000000  -0.001013442   0.001013442  -0.000000000
         93.000  -0.000000000  -0.001013442   0.001013442  -0.000000000
         93.200  -0.000000000  -0.001013442   0.001013442  -0.000000000
         93.400  -0.000000000  -0.001013442   0.001013442  -0.000000000
         93.600  -0.000000000  -0.001013442   0.001013442  -0.000000000
         93.800  -0.000000000  -0.001013442   0.001013442  -0.000000000
         94.000  -0.000000000  -0.001013442   0.001013442  -0.000000000
         94.200  -0.000000000  -0.001013442   0.001013442  -0.000000000
         94.400  -0.000000000  -0.001013442   0.001013442  -0.000000000
         94.600  -0.000000000  -0.001013442   0.001013442  -0.000000000
         94.800  -0.000000000  -0.001013442   0.001013442  -0.000000000
         95.000  -0.000000000  -0.001013442   0.001013442  -0.000000000
         95.200  -0.000000000  -0.001013442   0.001013442  -0.000000000
         95.400  -0.000000000  -0.001013442   0.001013442  -0.000000000
         95.600  -0.000000000  -0.001013442   0.001013442  -0.000000000
         95.800  -0.000000000  -0.001013442   0.001013442  -0.000000000
         96.000  -0.000000000  -0.001013442   0.001013442  -0.000000000
         96.200  -0.000000000  -0.001013442   0.001013442  -0.000000000
         96.400  -0.000000000  -0.001013442   0.001013442  -0.000000000
         96.600  -0.000000000  -0.001013442   0.001013442  -0.000000000
         96.800  -0.000000000  -0.001013442   0.001013442  -0.000000000
         97.000  -0.000000000  -0.001013442   0.001013442  -0.000000000
         97.200  -0.000000000  -0.001013442   0.001013442  -0.000000000
         97.400  -0.000000000  -0.001013442   0.001013442  -0.000000000
         97.600  -0.000000000  -0.001013442   0.001013442  -0.000000000
         97.800  -0.000000000  -0.001013442   0.001013442  -0.000000000
         98.000  -0.000000000  -0.001013442   0.001013442  -0.000000000
         98.200  -0.000000000  -0.001013442   0.001013442  -0.000000000
         98.400  -0.000000000  -0.001013442   0.001013442  -0.000000000
         98.600  -0.000000000  -0.001013442   0.001013442  -0.000000000
         98.800  -0.000000000  -0.001013442   0.001013442  -0.000000000
         99.000  -0.000000000  -0.001013442   0.001013442  -0.000000000
         99.200  -0.000000000  -0.001013442   0.001013442  -0.000000000
         99.400  -0.000000000  -0.001013442   0.001013442  -0.000000000
         99.600  -0.000000000  -0.001013442   0.001013442  -0.000000000
         99.800  -0.000000000  -0.001013442   0.001013442  -0.000000000
        100.000  -0.000000000  -0.001013442   0.001013442  -0.000000000
        100.200  -0.000000000  -0.001013442   0.001013442  -0.000000000
        100.400  -0.000000000  -0.001013442   0.001013442  -0.000000000
        100.600  -0.000000000  -0.001013442   0.001013442  -0.000000000
        100.800  -0.000000000  -0.001013442   0.001013442  -0.000000000
        101.000  -0.000000000  -0.001013442   0.001013442  -0.000000000
        101.200  -0.000000000  -0.001013442   0.001013442  -0.000000000
        101.400  -0.000000000  -0.001013442   0.001013442  -0.000000000
        101.600  -0.000000000  -0.001013442   0.001013442  -0.000000000
        101.800  -0.000000000  -0.001013442   0.001013442  -0.000000000
        102.000  -0.000000000  -0.001013442   0.001013442  -0.000000000
        102.200  -0.000000000  -0.001013442   0.001013442  -0.000000000
        102.400  -0.000000000  -0.001013442   0.001013442  -0.000000000
        102.600  -0.000000000  -0.001013442   0.001013442  -0.000000000
        102.800  -0.000000000  -0.001013442   0.001013442  -0.000000000
        103.000  -0.000000000  -0.001013442   0.001013442  -0.000000000
        103.200  -0.000000000  -0.001013442   0.001013442  -0.000000000
        103.400  -0.000000000  -0.001013442   0.001013442  -0.000000000
        103.600  -0.000000000  -0.001013442   0.001013442  -0.000000000
        103.800  -0.000000000  -0.001013442   0.001013442  -0.000000000
        104.000  -0.000000000  -0.001013442   0.001013442  -0.000000000
        104.200  -0.000000000  -0.001013442   0.001013442  -0.000000000
        104.400  -0.000000000  -0.001013442   0.001013442  -0.000000000
        104.600  -0.000000000  -0.001013442   0.001013442  -0.000000000
        104.800  -0.000000000  -0.001013442   0.001013442  -0.000000000
        105.000  -0.000000000  -0.001013442   0.001013442  -0.000000000
        105.200  -0.000000000  -0.001013442   0.001013442  -0.000000000
        105.400  -0.000000000  -0.001013442   0.001013442  -0.000000000
        105.600  -0.000000000  -0.001013442   0.001013442  -0.000000000
        105.800  -0.000000000  -0.001013442   0.001013442  -0.000000000
        106.000  -0.000000000  -0.001013442   0.001013442  -0.000000000
        106.200  -0.000000000  -0.001013442   0.001013442  -0.000000000
        106.400  -0.000000000  -0.001013442   0.001013442  -0.000000000
        106.600  -0.000000000  -0.001013442   0.001013442  -0.000000000
        106.800  -0.000000000  -0.001013442   0.001013442  -0.000000000
        107.000  -0.000000000  -0.001013442   0.001013442  -0.000000000
        107.200  -0.000000000  -0.001013442   0.001013442  -0.000000000
        107.400  -0.000000000  -0.001013442   0.001013442  -0.000000000
        107.600  -0.000000000  -0.001013442   0.001013442  -0.000000000
        107.800  -0.000000000  -0.001013442   0.001013442  -0.000000000
        108.000  -0.000000000  -0.001013442   0.001013442  -0.000000000
        108.200  -0.000000000  -0.001013442   0.001013442  -0.000000000
        108.400  -0.000000000  -0.001013442   0.001013442  -0.000000000
        108.600  -0.000000000  -0.001013442   0.001013442  -0.000000000
        108.800  -0.000000000  -0.001013442   0.001013442  -0.000000000
        109.000  -0.000000000  -0.001013442   0.001013442  -0.000000000
        109.200  -0.000000000  -0.001013442   0.001013442  -0.000000000
        109.400  -0.000000000  -0.001013442   0.001013442  -0.000000000
        109.600  -0.000000000  -0.001013442   0.001013442  -0.000000000
        109.800  -0.000000000  -0.001013442   0.001013442  -0.000000000
        110.000  -0.000000000  -0.001013442   0.001013442  -0.000000000
        110.200  -0.000000000  -0.001013442   0.001013442  -0.000000000
        110.400  -0.000000000  -0.001013442   0.001013442  -0.000000000
        110.600  -0.000000000  -0.001013442   0.001013442  -0.000000000
        110.800  -0.000000000  -0.001013442   0.001013442  -0.000000000
        111.000  -0.000000000  -0.001013442   0.001013442  -0.000000000
        111.200  -0.000000000  -0.001013442   0.001013442  -0.000000000
        111.400  -0.000000000  -0.001013442   0.001013442  -0.000000000
        111.600  -0.000000000  -0.001013442   0.001013442  -0.000000000
        111.800  -0.000000000  -0.001013442   0.001013442  -0.000000000
        112.000  -0.000000000  -0.001013442   0.001013442  -0.000000000
        112.200  -0.000000000  -0.001013442   0.001013442  -0.000000000
        112.400  -0.000000000  -0.001013442   0.001013442  -0.000000000
        112.600  -0.000000000  -0.001013442   0.001013442  -0.000000000
        112.800  -0.000000000  -0.001013442   0.001013442  -0.000000000
        113.000  -0.000000000  -0.001013442   0.001013442  -0.000000000
        113.200  -0.000000000  -0.001013442   0.001013442  -0.000000000
        113.400  -0.000000000  -0.001013442   0.001013442  -0.000000000
        113.600  -0.000000000  -0.001013442   0.001013442  -0.000000000
        113.800  -0.000000000  -0.001013442   0.001013442  -0.000000000
        114.000  -0.000000000  -0.001013442   0.001013442  -0.000000000
        114.200  -0.000000000  -0.001013442   0.001013442  -0.000000000
        114.400  -0.000000000  -0.001013442   0.001013442  -0.000000000
        114.600  -0.000000000  -0.001013442   0.001013442  -0.000000000
        114.800  -0.000000000  -0.001013442   0.001013442  -0.000000000
        115.000  -0.000000000  -0.001013442   0.001013442  -0.000000000
        115.200  -0.000000000  -0.001013442   0.001013442  -0.000000000
        115.400  -0.000000000  -0.001013442   0.001013442  -0.000000000
        115.600  -0.000000000  -0.001013442   0.001013442  -0.000000000
        115.800  -0.000000000  -0.001013442   0.001013442  -0.000000000
        116.000  -0.000000000  -0.001013442   0.001013442  -0.000000000
        116.200  -0.000000000  -0.001013442   0.001013442  -0.000000000
        116.400  -0.000000000  -0.001013442   0.001013442  -0.000000000
        116.600  -0.000000000  -0.001013442   0.001013442  -0.000000000
        116.800  -0.000000000  -0.001013442   0.001013442  -0.000000000
        117.000  -0.000000000  -0.001013442   0.001013442  -0.000000000
        117.200  -0.000000000  -0.001013442   0.001013442  -0.000000000
        117.400  -0.000000000  -0.001013442   0.001013442  -0.000000000
        117.600  -0.000000000  -0.001013442   0.001013442  -0.000000000
        117.800  -0.000000000  -0.001013442   0.001013442  -0.000000000
        118.000  -0.000000000  -0.001013442   0.001013442  -0.000000000
        118.200  -0.000000000  -0.001013442   0.001013442  -0.000000000
        118.400  -0.000000000  -0.001013442   0.001013442  -0.000000000
        118.600  -0.000000000  -0.001013442   0.001013442  -0.000000000
        118.800  -0.000000000  -0.001013442   0.001013442  -0.000000000
        119.000  -0.000000000  -0.001013442   0.001013442  -0.000000000
        119.200  -0.000000000  -0.001013442   0.001013442  -0.000000000
        119.400  -0.000000000  -0.001013442   0.001013442  -0.000000000
        119.600  -0.000000000  -0.001013442   0.001013442  -0.000000000
        119.800  -0.000000000  -0.001013442   0.001013442  -0.000000000
        120.000  -0.000000000  -0.001013442   0.001013442  -0.000000000
