          0.200   0.961055354  -0.026152961  -0.026152961   0.038944646
          0.400   0.861827121  -0.089519625  -0.089519625   0.138172879
          0.600   0.732266850  -0.168999373  -0.168999373   0.267733150
          0.800   0.604574666  -0.239353445  -0.239353445   0.395425334
          1.000   0.506174604  -0.277596755  -0.277596755   0.493825396
          1.200   0.453491287  -0.270691573  -0.270691573   0.546508713
          1.400   0.448833014  -0.218843999  -0.218843999   0.551166986
          1.600   0.481224424  -0.134597851  -0.134597851   0.518775576
          1.800   0.530733465  -0.038455240  -0.038455240   0.469266535
          2.000   0.574853981   0.047284952   0.047284952   0.425146019
          2.200   0.595066758   0.104927741   0.104927741   0.404933242
          2.400   0.581687868   0.126056350   0.126056350   0.418312132
          2.600   0.535783732   0.113076987   0.113076987   0.464216268
          2.800   0.467864689   0.077549582   0.077549582   0.532135311
          3.000   0.394025057   0.036086667   0.036086667   0.605974943
          3.200   0.330857322   0.005201164   0.005201164   0.669142678
          3.400   0.290692474  -0.003344553  -0.003344553   0.709307526
          3.600   0.278483700   0.014580820   0.014580820   0.721516300
          3.800   0.291064887   0.055020137   0.055020137   0.708935113
          4.000   0.318776357   0.107801297   0.107801297   0.681223643
          4.200   0.348780752   0.159997853   0.159997853   0.651219248
          4.400   0.368975486   0.199851692   0.199851692   0.631024514
          4.600   0.371339531   0.220005004   0.220005004   0.628660469
          4.800   0.353818861   0.219189926   0.219189926   0.646181139
          5.000   0.320350667   0.202038849   0.202038849   0.679649333
          5.200   0.279189924   0.177241303   0.177241303   0.720810076
          5.400   0.240167545   0.154720649   0.154720649   0.759832455
          5.600   0.211754115   0.142719665   0.142719665   0.788245885
          5.800   0.198778212   0.145628397   0.145628397   0.801221788
          6.000   0.201385229   0.163101241   0.163101241   0.798614771
          6.200   0.215417777   0.190595087   0.190595087   0.784582223
          6.400   0.233979718   0.221046061   0.221046061   0.766020282
          6.600   0.249632635   0.247105890   0.247105890   0.750367365
          6.800   0.256544983   0.263253594   0.263253594   0.743455017
          7.000   0.251989836   0.267196124   0.267196124   0.748010164
          7.200   0.236826902   0.260226626   0.260226626   0.763173098
          7.400   0.214925372   0.246534402   0.246534402   0.785074628
          7.600   0.191788000   0.231757962   0.231757962   0.808212000
          7.800   0.172839075   0.221260125   0.221260125   0.827160925
          8.000   0.161891699   0.218638950   0.218638950   0.838108301
          8.200   0.160211833   0.224874428   0.224874428   0.839788167
          8.400   0.166389379   0.238294276   0.238294276   0.833610621
          8.600   0.176978846   0.255293490   0.255293490   0.823021154
          8.800   0.187657732   0.271534926   0.271534926   0.812342268
          9.000   0.194527257   0.283246981   0.283246981   0.805472743
          9.200   0.195174176   0.288242143   0.288242143   0.804825824
          9.400   0.189214968   0.286393644   0.286393644   0.810785032
          9.600   0.178215753   0.279484937   0.279484937   0.821784247
          9.800   0.165067787   0.270532074   0.270532074   0.834932213
         10.000   0.153045184   0.262819087   0.262819087   0.846954816
         10.200   0.144840716   0.258945768   0.258945768   0.855159284
         10.400   0.141854640   0.260156246   0.260156246   0.858145360
         10.600   0.143914690   0.266112746   0.266112746   0.856085310
         10.800   0.149466996   0.275137779   0.275137779   0.850533004
         11.000   0.156140728   0.284813303   0.284813303   0.843859272
         11.200   0.161492402   0.292734552   0.292734552   0.838507598
         11.400   0.163702652   0.297190960   0.297190960   0.836297348
         11.600   0.162032596   0.297588119   0.297588119   0.837967404
         11.800   0.156932612   0.294515026   0.294515026   0.843067388
         12.000   0.149804561   0.289470105   0.289470105   0.850195439
         12.200   0.142516528   0.284354809   0.284354809   0.857483472
         12.400   0.136830098   0.280899458   0.280899458   0.863169902
         12.600   0.133910319   0.280190057   0.280190057   0.866089681
         12.800   0.134049490   0.282420808   0.282420808   0.865950510
         13.000   0.136663373   0.286921688   0.286921688   0.863336627
         13.200   0.140535948   0.292428108   0.292428108   0.859464052
         13.400   0.144220647   0.297494132   0.297494132   0.855779353
         13.600   0.146470147   0.300919137   0.300919137   0.853529853
         13.800   0.146570436   0.302065900   0.302065900   0.853429564
         14.000   0.144493351   0.300990020   0.300990020   0.855506649
         14.200   0.140841027   0.298361310   0.298361310   0.859158973
         14.400   0.136617049   0.295218496   0.295218496   0.863382951
         14.600   0.132904963   0.292641900   0.292641900   0.867095037
         14.800   0.130553627   0.291444322   0.291444322   0.869446373
         15.000   0.129957873   0.291965923   0.291965923   0.870042127
         15.200   0.130987804   0.294021682   0.294021682   0.869012196
         15.400   0.133073155   0.297002306   0.297002306   0.866926845
         15.600   0.135404607   0.300085973   0.300085973   0.864595393
         15.800   0.137184361   0.302490830   0.302490830   0.862815639
         16.000   0.137850523   0.303693011   0.303693011   0.862149477
         16.200   0.137214176   0.303551641   0.303551641   0.862785824
         16.400   0.135478328   0.302313944   0.302313944   0.864521672
         16.600   0.133144205   0.300510002   0.300510002   0.866855795
         16.800   0.130841717   0.298777065   0.298777065   0.869158283
         17.000   0.129139054   0.297669600   0.297669600   0.870860946
         17.200   0.128387206   0.297510159   0.297510159   0.871612794
         17.400   0.128640231   0.298319552   0.298319552   0.871359769
         17.600   0.129666902   0.299838816   0.299838816   0.870333098
         17.800   0.131042060   0.301628360   0.301628360   0.868957940
         18.000   0.132284510   0.303209148   0.303209148   0.867715490
         18.200   0.132998162   0.304202110   0.304202110   0.867001838
         18.400   0.132976166   0.304426463   0.304426463   0.867023834
         18.600   0.132241940   0.303932888   0.303932888   0.867758060
         18.800   0.131021274   0.302968137   0.302968137   0.868978726
         19.000   0.129659705   0.301887362   0.301887362   0.870340295
         19.200   0.128513574   0.301043783   0.301043783   0.871486426
         19.400   0.127848011   0.300689005   0.300689005   0.872151989
         19.600   0.127770100   0.300911223   0.300911223   0.872229900
         19.800   0.128212909   0.301625335   0.301625335   0.871787091
         20.000   0.128970256   0.302613020   0.302613020   0.871029744
         20.200   0.129767714   0.303596849   0.303596849   0.870232286
         20.400   0.130346440   0.304324326   0.304324326   0.869653560
         20.600   0.130534920   0.304637178   0.304637178   0.869465080
         20.800   0.130289420   0.304507611   0.304507611   0.869710580
         21.000   0.129694575   0.304034305   0.304034305   0.870305425
         21.200   0.128927578   0.303402971   0.303402971   0.871072422
         21.400   0.128199462   0.302825878   0.302825878   0.871800538
         21.600   0.127692183   0.302479393   0.302479393   0.872307817
         21.800   0.127509697   0.302457411   0.302457411   0.872490303
         22.000   0.127655614   0.302752386   0.302752386   0.872344386
         22.200   0.128041303   0.303266819   0.303266819   0.871958697
         22.400   0.128519367   0.303849149   0.303849149   0.871480633
         22.600   0.128930700   0.304341661   0.304341661   0.871069300
         22.800   0.129150544   0.304625746   0.304625746   0.870849456
         23.000   0.129120608   0.304651936   0.304651936   0.870879392
         23.200   0.128859436   0.304447618   0.304447618   0.871140564
         23.400   0.128450069   0.304102279   0.304102279   0.871549931
         23.600   0.128010590   0.303736524   0.303736524   0.871989410
         23.800   0.127657445   0.303465115   0.303465115   0.872342555
         24.000   0.127472591   0.303365055   0.303365055   0.872527409
         24.200   0.127483419   0.303457279   0.303457279   0.872516581
         24.400   0.127659963   0.303705892   0.303705892   0.872340037
         24.600   0.127928611   0.304033564   0.304033564   0.872071389
         24.800   0.128196905   0.304347245   0.304347245   0.871803095
         25.000   0.128381418   0.304565968   0.304565968   0.871618582
         25.200   0.128430516   0.304642685   0.304642685   0.871569484
         25.400   0.128336036   0.304574506   0.304574506   0.871663964
         25.600   0.128131592   0.304399486   0.304399486   0.871868408
         25.800   0.127879210   0.304182122   0.304182122   0.872120790
         26.000   0.127649148   0.303992694   0.303992694   0.872350852
         26.200   0.127499228   0.303886855   0.303886855   0.872500772
         26.400   0.127459594   0.303891231   0.303891231   0.872540406
         26.600   0.127526692   0.303998561   0.303998561   0.872473308
         26.800   0.127667349   0.304172868   0.304172868   0.872332651
         27.000   0.127830861   0.304362291   0.304362291   0.872169139
         27.200   0.127964939   0.304515231   0.304515231   0.872035061
         27.400   0.128030640   0.304594947   0.304594947   0.871969360
         27.600   0.128012158   0.304588608   0.304588608   0.871987842
         27.800   0.127919166   0.304508744   0.304508744   0.872080834
         28.000   0.127781733   0.304387388   0.304387388   0.872218267
         28.200   0.127639930   0.304265228   0.304265228   0.872360070
         28.400   0.127531563   0.304179306   0.304179306   0.872468437
         28.600   0.127481666   0.304152877   0.304152877   0.872518334
         28.800   0.127496579   0.304190091   0.304190091   0.872503421
         29.000   0.127563851   0.304276582   0.304276582   0.872436149
         29.200   0.127657485   0.304385235   0.304385235   0.872342515
         29.400   0.127746524   0.304485034   0.304485034   0.872253476
         29.600   0.127804267   0.304550212   0.304550212   0.872195733
         29.800   0.127815429   0.304567064   0.304567064   0.872184571
         30.000   0.127779414   0.304536732   0.304536732   0.872220586
         30.200   0.127709136   0.304473523   0.304473523   0.872290864
         30.400   0.127626116   0.304399662   0.304399662   0.872373884
         30.600   0.127553598   0.304338276   0.304338276   0.872446402
         30.800   0.127509808   0.304306770   0.304306770   0.872490192
         31.000   0.127503244   0.304312429   0.304312429   0.872496756
         31.200   0.127531163   0.304351288   0.304351288   0.872468837
         31.400   0.127581379   0.304410283   0.304410283   0.872418621
         31.600   0.127636575   0.304471793   0.304471793   0.872363425
         31.800   0.127679672   0.304519045   0.304519045   0.872320328
         32.000   0.127698638   0.304540789   0.304540789   0.872301362
         32.200   0.127689430   0.304533979   0.304533979   0.872310570
         32.400   0.127656399   0.304503887   0.304503887   0.872343601
         32.600   0.127610292   0.304461850   0.304461850   0.872389708
         32.800   0.127564617   0.304421509   0.304421509   0.872435383
         33.000   0.127531567   0.304394738   0.304394738   0.872468433
         33.200   0.127518682   0.304388448   0.304388448   0.872481318
         33.400   0.127527142   0.304403082   0.304403082   0.872472858
         33.600   0.127552013   0.304433093   0.304433093   0.872447987
         33.800   0.127584198   0.304469056   0.304469056   0.872415802
         34.000   0.127613399   0.304500698   0.304500698   0.872386601
         34.200   0.127631132   0.304519885   0.304519885   0.872368868
         34.400   0.127632968   0.304522727   0.304522727   0.872367032
         34.600   0.127619407   0.304510298   0.304510298   0.872380593
         34.800   0.127595291   0.304487870   0.304487870   0.872404709
         35.000   0.127568026   0.304463047   0.304463047   0.872431974
         35.200   0.127545257   0.304443391   0.304443391   0.872454743
         35.400   0.127532674   0.304434292   0.304434292   0.872467326
         35.600   0.127532583   0.304437641   0.304437641   0.872467417
         35.800   0.127543562   0.304451615   0.304451615   0.872456438
         36.000   0.127561201   0.304471534   0.304471534   0.872438799
         36.200   0.127579627   0.304491452   0.304491452   0.872420373
         36.400   0.127593297   0.304505951   0.304505951   0.872406703
         36.600   0.127598537   0.304511633   0.304511633   0.872401463
         36.800   0.127594410   0.304507895   0.304507895   0.872405590
         37.000   0.127582728   0.304496843   0.304496843   0.872417272
         37.200   0.127567291   0.304482451   0.304482451   0.872432709
         37.400   0.127552623   0.304469265   0.304469265   0.872447377
         37.600   0.127542627   0.304461062   0.304461062   0.872457373
         37.800   0.127539537   0.304459855   0.304459855   0.872460463
         38.000   0.127543437   0.304465482   0.304465482   0.872456563
         38.200   0.127552434   0.304475855   0.304475855   0.872447566
         38.400   0.127563372   0.304487725   0.304487725   0.872436628
         38.600   0.127572845   0.304497711   0.304497711   0.872427155
         38.800   0.127578181   0.304503266   0.304503266   0.872421819
         39.000   0.127578130   0.304503328   0.304503328   0.872421870
         39.200   0.127573090   0.304498478   0.304498478   0.872426910
         39.400   0.127564839   0.304490631   0.304490631   0.872435161
         39.600   0.127555910   0.304482368   0.304482368   0.872444090
         39.800   0.127548798   0.304476148   0.304476148   0.872451202
         40.000   0.127545264   0.304473620   0.304473620   0.872454736
         40.200   0.127545898   0.304475234   0.304475234   0.872454102
         40.400   0.127550060   0.304480222   0.304480222   0.872449940
         40.600   0.127556177   0.304486925   0.304486925   0.872443823
         40.800   0.127562268   0.304493350   0.304493350   0.872437732
         41.000   0.127566546   0.304497760   0.304497760   0.872433454
         41.200   0.127567906   0.304499144   0.304499144   0.872432094
         41.400   0.127566172   0.304497439   0.304497439   0.872433828
         41.600   0.127562063   0.304493457   0.304493457   0.872437937
         41.800   0.127556910   0.304488579   0.304488579   0.872443090
         42.000   0.127552218   0.304484310   0.304484310   0.872447782
         42.200   0.127549228   0.304481842   0.304481842   0.872450772
         42.400   0.127548587   0.304481747   0.304481747   0.872451413
         42.600   0.127550222   0.304483869   0.304483869   0.872449778
         42.800   0.127553422   0.304487438   0.304487438   0.872446578
         43.000   0.127557103   0.304491342   0.304491342   0.872442897
         43.200   0.127560145   0.304494475   0.304494475   0.872439855
         43.400   0.127561713   0.304496048   0.304496048   0.872438287
         43.600   0.127561469   0.304495785   0.304495785   0.872438531
         43.800   0.127559618   0.304493954   0.304493954   0.872440382
         44.000   0.127556807   0.304491239   0.304491239   0.872443193
         44.200   0.127553892   0.304488513   0.304488513   0.872446108
         44.400   0.127551686   0.304486568   0.304486568   0.872448314
         44.600   0.127550725   0.304485903   0.304485903   0.872449275
         44.800   0.127551147   0.304486608   0.304486608   0.872448853
         45.000   0.127552685   0.304488374   0.304488374   0.872447315
         45.200   0.127554783   0.304490621   0.304490621   0.872445217
         45.400   0.127556779   0.304492684   0.304492684   0.872443221
         45.600   0.127558099   0.304494010   0.304494010   0.872441901
         45.800   0.127558418   0.304494306   0.304494306   0.872441582
         46.000   0.127557720   0.304493594   0.304493594   0.872442280
         46.200   0.127556284   0.304492180   0.304492180   0.872443716
         46.400   0.127554570   0.304490541   0.304490541   0.872445430
         46.600   0.127553077   0.304489172   0.304489172   0.872446923
         46.800   0.127552195   0.304488446   0.304488446   0.872447805
         47.000   0.127552107   0.304488518   0.304488518   0.872447893
         47.200   0.127552755   0.304489305   0.304489305   0.872447245
         47.400   0.127553879   0.304490527   0.304490527   0.872446121
         47.600   0.127555107   0.304491806   0.304491806   0.872444893
         47.800   0.127556074   0.304492781   0.304492781   0.872443926
         48.000   0.127556521   0.304493213   0.304493213   0.872443479
         48.200   0.127556363   0.304493035   0.304493035   0.872443637
         48.400   0.127555691   0.304492360   0.304492360   0.872444309
         48.600   0.127554738   0.304491430   0.304491430   0.872445262
         48.800   0.127553790   0.304490538   0.304490538   0.872446210
         49.000   0.127553112   0.304489937   0.304489937   0.872446888
         49.200   0.127552863   0.304489777   0.304489777   0.872447137
         49.400   0.127553070   0.304490067   0.304490067   0.872446930
         49.600   0.127553628   0.304490688   0.304490688   0.872446372
         49.800   0.127554341   0.304491438   0.304491438   0.872445659
         50.000   0.127554989   0.304492096   0.304492096   0.872445011
         50.200   0.127555390   0.304492490   0.304492490   0.872444610
         50.400   0.127555450   0.304492534   0.304492534   0.872444550
         50.600   0.127555179   0.304492252   0.304492252   0.872444821
         50.800   0.127554680   0.304491756   0.304491756   0.872445320
         51.000   0.127554112   0.304491210   0.304491210   0.872445888
         51.200   0.127553639   0.304490775   0.304490775   0.872446361
         51.400   0.127553384   0.304490567   0.304490567   0.872446616
         51.600   0.127553396   0.304490626   0.304490626   0.872446604
         51.800   0.127553644   0.304490914   0.304490914   0.872446356
         52.000   0.127554034   0.304491330   0.304491330   0.872445966
         52.200   0.127554440   0.304491747   0.304491747   0.872445560
         52.400   0.127554744   0.304492048   0.304492048   0.872445256
         52.600   0.127554867   0.304492161   0.304492161   0.872445133
         52.800   0.127554788   0.304492073   0.304492073   0.872445212
         53.000   0.127554548   0.304491828   0.304491828   0.872445452
         53.200   0.127554225   0.304491512   0.304491512   0.872445775
         53.400   0.127553919   0.304491223   0.304491223   0.872446081
         53.600   0.127553712   0.304491040   0.304491040   0.872446288
         53.800   0.127553653   0.304491008   0.304491008   0.872446347
         54.000   0.127553743   0.304491122   0.304491122   0.872446257
         54.200   0.127553942   0.304491339   0.304491339   0.872446058
         54.400   0.127554183   0.304491588   0.304491588   0.872445817
         54.600   0.127554391   0.304491797   0.304491797   0.872445609
         54.800   0.127554511   0.304491911   0.304491911   0.872445489
         55.000   0.127554515   0.304491909   0.304491909   0.872445485
         55.200   0.127554412   0.304491801   0.304491801   0.872445588
         55.400   0.127554240   0.304491629   0.304491629   0.872445760
         55.600   0.127554053   0.304491448   0.304491448   0.872445947
         55.800   0.127553904   0.304491311   0.304491311   0.872446096
         56.000   0.127553832   0.304491254   0.304491254   0.872446168
         56.200   0.127553849   0.304491285   0.304491285   0.872446151
         56.400   0.127553942   0.304491389   0.304491389   0.872446058
         56.600   0.127554076   0.304491530   0.304491530   0.872445924
         56.800   0.127554209   0.304491665   0.304491665   0.872445791
         57.000   0.127554304   0.304491757   0.304491757   0.872445696
         57.200   0.127554336   0.304491784   0.304491784   0.872445664
         57.400   0.127554301   0.304491746   0.304491746   0.872445699
         57.600   0.127554216   0.304491658   0.304491658   0.872445784
         57.800   0.127554107   0.304491552   0.304491552   0.872445893
         58.000   0.127554009   0.304491459   0.304491459   0.872445991
         58.200   0.127553947   0.304491404   0.304491404   0.872446053
         58.400   0.127553935   0.304491400   0.304491400   0.872446065
         58.600   0.127553971   0.304491444   0.304491444   0.872446029
         58.800   0.127554042   0.304491519   0.304491519   0.872445958
         59.000   0.127554122   0.304491602   0.304491602   0.872445878
         59.200   0.127554189   0.304491667   0.304491667   0.872445811
         59.400   0.127554224   0.304491700   0.304491700   0.872445776
         59.600   0.127554220   0.304491693   0.304491693   0.872445780
         59.800   0.127554181   0.304491653   0.304491653   0.872445819
         60.000   0.127554122   0.304491594   0.304491594   0.872445878
         60.200   0.127554061   0.304491535   0.304491535   0.872445939
         60.400   0.127554015   0.304491492   0.304491492   0.872445985
         60.600   0.127553995   0.304491477   0.304491477   0.872446005
         60.800   0.127554005   0.304491491   0.304491491   0.872445995
         61.000   0.127554039   0.304491528   0.304491528   0.872445961
         61.200   0.127554084   0.304491576   0.304491576   0.872445916
         61.400   0.127554128   0.304491619   0.304491619   0.872445872
         61.600   0.127554157   0.304491647   0.304491647   0.872445843
         61.800   0.127554164   0.304491653   0.304491653   0.872445836
         62.000   0.127554150   0.304491637   0.304491637   0.872445850
         62.200   0.127554120   0.304491606   0.304491606   0.872445880
         62.400   0.127554084   0.304491571   0.304491571   0.872445916
         62.600   0.127554052   0.304491541   0.304491541   0.872445948
         62.800   0.127554034   0.304491525   0.304491525   0.872445966
         63.000   0.127554033   0.304491526   0.304491526   0.872445967
         63.200   0.127554047   0.304491542   0.304491542   0.872445953
         63.400   0.127554071   0.304491568   0.304491568   0.872445929
         63.600   0.127554098   0.304491595   0.304491595   0.872445902
         63.800   0.127554119   0.304491616   0.304491616   0.872445881
         64.000   0.127554129   0.304491625   0.304491625   0.872445871
         64.200   0.127554126   0.304491621   0.304491621   0.872445874
         64.400   0.127554112   0.304491606   0.304491606   0.872445888
         64.600   0.127554092   0.304491586   0.304491586   0.872445908
         64.800   0.127554072   0.304491567   0.304491567   0.872445928
         65.000   0.127554057   0.304491553   0.304491553   0.872445943
         65.200   0.127554052   0.304491550   0.304491550   0.872445948
         65.400   0.127554057   0.304491556   0.304491556   0.872445943
         65.600   0.127554069   0.304491569   0.304491569   0.872445931
         65.800   0.127554085   0.304491585   0.304491585   0.872445915
         66.000   0.127554099   0.304491599   0.304491599   0.872445901
         66.200   0.127554108   0.304491607   0.304491607   0.872445892
         66.400   0.127554109   0.304491608   0.304491608   0.872445891
         66.600   0.127554103   0.304491602   0.304491602   0.872445897
         66.800   0.127554093   0.304491591   0.304491591   0.872445907
         67.000   0.127554081   0.304491579   0.304491579   0.872445919
         67.200   0.127554071   0.304491570   0.304491570   0.872445929
         67.400   0.127554065   0.304491565   0.304491565   0.872445935
         67.600   0.127554066   0.304491566   0.304491566   0.872445934
         67.800   0.127554071   0.304491572   0.304491572   0.872445929
         68.000   0.127554080   0.304491581   0.304491581   0.872445920
         68.200   0.127554089   0.304491590   0.304491590   0.872445911
         68.400   0.127554095   0.304491596   0.304491596   0.872445905
         68.600   0.127554098   0.304491599   0.304491599   0.872445902
         68.800   0.127554096   0.304491597   0.304491597   0.872445904
         69.000   0.127554091   0.304491591   0.304491591   0.872445909
         69.200   0.127554084   0.304491585   0.304491585   0.872445916
         69.400   0.127554078   0.304491578   0.304491578   0.872445922
         69.600   0.127554073   0.304491574   0.304491574   0.872445927
         69.800   0.127554072   0.304491574   0.304491574   0.872445928
         70.000   0.127554074   0.304491576   0.304491576   0.872445926
         70.200   0.127554079   0.304491581   0.304491581   0.872445921
         70.400   0.127554084   0.304491586   0.304491586   0.872445916
         70.600   0.127554088   0.304491590   0.304491590   0.872445912
         70.800   0.127554091   0.304491593   0.304491593   0.872445909
         71.000   0.127554091   0.304491593   0.304491593   0.872445909
         71.200   0.127554089   0.304491590   0.304491590   0.872445911
         71.400   0.127554085   0.304491586   0.304491586   0.872445915
         71.600   0.127554081   0.304491583   0.304491583   0.872445919
         71.800   0.127554078   0.304491580   0.304491580   0.872445922
         72.000   0.127554077   0.304491578   0.304491578   0.872445923
         72.200   0.127554077   0.304491579   0.304491579   0.872445923
         72.400   0.127554079   0.304491581   0.304491581   0.872445921
         72.600   0.127554082   0.304491584   0.304491584   0.872445918
         72.800   0.127554085   0.304491587   0.304491587   0.872445915
         73.000   0.127554087   0.304491589   0.304491589   0.872445913
         73.200   0.127554088   0.304491590   0.304491590   0.872445912
         73.400   0.127554087   0.304491589   0.304491589   0.872445913
         73.600   0.127554085   0.304491587   0.304491587   0.872445915
         73.800   0.127554083   0.304491585   0.304491585   0.872445917
         74.000   0.127554081   0.304491583   0.304491583   0.872445919
         74.200   0.127554079   0.304491581   0.304491581   0.872445921
         74.400   0.127554079   0.304491581   0.304491581   0.872445921
         74.600   0.127554080   0.304491582   0.304491582   0.872445920
         74.800   0.127554081   0.304491584   0.304491584   0.872445919
         75.000   0.127554083   0.304491586   0.304491586   0.872445917
         75.200   0.127554085   0.304491587   0.304491587   0.872445915
         75.400   0.127554085   0.304491588   0.304491588   0.872445915
         75.600   0.127554085   0.304491587   0.304491587   0.872445915
         75.800   0.127554084   0.304491587   0.304491587   0.872445916
         76.000   0.127554083   0.304491585   0.304491585   0.872445917
         76.200   0.127554082   0.304491584   0.304491584   0.872445918
         76.400   0.127554081   0.304491583   0.304491583   0.872445919
         76.600   0.127554080   0.304491583   0.304491583   0.872445920
         76.800   0.127554081   0.304491583   0.304491583   0.872445919
         77.000   0.127554081   0.304491584   0.304491584   0.872445919
         77.200   0.127554082   0.304491585   0.304491585   0.872445918
         77.400   0.127554083   0.304491586   0.304491586   0.872445917
         77.600   0.127554084   0.304491586   0.304491586   0.872445916
         77.800   0.127554084   0.304491587   0.304491587   0.872445916
         78.000   0.127554084   0.304491586   0.304491586   0.872445916
         78.200   0.127554083   0.304491586   0.304491586   0.872445917
         78.400   0.127554082   0.304491585   0.304491585   0.872445918
         78.600   0.127554082   0.304491584   0.304491584   0.872445918
         78.800   0.127554081   0.304491584   0.304491584   0.872445919
         79.000   0.127554081   0.304491584   0.304491584   0.872445919
         79.200   0.127554082   0.304491584   0.304491584   0.872445918
         79.400   0.127554082   0.304491585   0.304491585   0.872445918
         79.600   0.127554083   0.304491585   0.304491585   0.872445917
         79.800   0.127554083   0.304491586   0.304491586   0.872445917
         80.000   0.127554083   0.304491586   0.304491586   0.872445917
         80.200   0.127554083   0.304491586   0.304491586   0.872445917
         80.400   0.127554083   0.304491585   0.304491585   0.872445917
         80.600   0.127554083   0.304491585   0.304491585   0.872445917
         80.800   0.127554082   0.304491585   0.304491585   0.872445918
         81.000   0.127554082   0.304491584   0.304491584   0.872445918
         81.200   0.127554082   0.304491584   0.304491584   0.872445918
         81.400   0.127554082   0.304491584   0.304491584   0.872445918
         81.600   0.127554082   0.304491585   0.304491585   0.872445918
         81.800   0.127554083   0.304491585   0.304491585   0.872445917
         82.000   0.127554083   0.304491585   0.304491585   0.872445917
         82.200   0.127554083   0.304491585   0.304491585   0.872445917
         82.400   0.127554083   0.304491586   0.304491586   0.872445917
         82.600   0.127554083   0.304491585   0.304491585   0.872445917
         82.800   0.127554083   0.304491585   0.304491585   0.872445917
         83.000   0.127554082   0.304491585   0.304491585   0.872445918
         83.200   0.127554082   0.304491585   0.304491585   0.872445918
         83.400   0.127554082   0.304491585   0.304491585   0.872445918
         83.600   0.127554082   0.304491585   0.304491585   0.872445918
         83.800   0.127554082   0.304491585   0.304491585   0.872445918
         84.000   0.127554082   0.304491585   0.304491585   0.872445918
         84.200   0.127554083   0.304491585   0.304491585   0.872445917
         84.400   0.127554083   0.304491585   0.304491585   0.872445917
         84.600   0.127554083   0.304491585   0.304491585   0.872445917
         84.800   0.127554083   0.304491585   0.304491585   0.872445917
         85.000   0.127554083   0.304491585   0.304491585   0.872445917
         85.200   0.127554083   0.304491585   0.304491585   0.872445917
         85.400   0.127554082   0.304491585   0.304491585   0.872445918
         85.600   0.127554082   0.304491585   0.304491585   0.872445918
         85.800   0.127554082   0.304491585   0.304491585   0.872445918
         86.000   0.127554082   0.304491585   0.304491585   0.872445918
         86.200   0.127554082   0.304491585   0.304491585   0.872445918
         86.400   0.127554083   0.304491585   0.304491585   0.872445917
         86.600   0.127554083   0.304491585   0.304491585   0.872445917
         86.800   0.127554083   0.304491585   0.304491585   0.872445917
         87.000   0.127554083   0.304491585   0.304491585   0.872445917
         87.200   0.127554083   0.304491585   0.304491585   0.872445917
         87.400   0.127554083   0.304491585   0.304491585   0.872445917
         87.600   0.127554082   0.304491585   0.304491585   0.872445918
         87.800   0.127554082   0.304491585   0.304491585   0.872445918
         88.000   0.127554082   0.304491585   0.304491585   0.872445918
         88.200   0.127554082   0.304491585   0.304491585   0.872445918
         88.400   0.127554082   0.304491585   0.304491585   0.872445918
         88.600   0.127554082   0.304491585   0.304491585   0.872445918
         88.800   0.127554083   0.304491585   0.304491585   0.872445917
         89.000   0.127554083   0.304491585   0.304491585   0.872445917
         89.200   0.127554083   0.304491585   0.304491585   0.872445917
         89.400   0.127554083   0.304491585   0.304491585   0.872445917
         89.600   0.127554083   0.304491585   0.304491585   0.872445917
         89.800   0.127554083   0.304491585   0.304491585   0.872445917
         90.000   0.127554082   0.304491585   0.304491585   0.872445918
         90.200   0.127554082   0.304491585   0.304491585   0.872445918
         90.400   0.127554082   0.304491585   0.304491585   0.872445918
         90.600   0.127554082   0.304491585   0.304491585   0.872445918
         90.800   0.127554082   0.304491585   0.304491585   0.872445918
         91.000   0.127554083   0.304491585   0.304491585   0.872445917
         91.200   0.127554083   0.304491585   0.304491585   0.872445917
         91.400   0.127554083   0.304491585   0.304491585   0.872445917
         91.600   0.127554083   0.304491585   0.304491585   0.872445917
         91.800   0.127554083   0.304491585   0.304491585   0.872445917
         92.000   0.127554083   0.304491585   0.304491585   0.872445917
         92.200   0.127554082   0.304491585   0.304491585   0.872445918
         92.400   0.127554082   0.304491585   0.304491585   0.872445918
         92.600   0.127554082   0.304491585   0.304491585   0.872445918
         92.800   0.127554082   0.304491585   0.304491585   0.872445918
         93.000   0.127554082   0.304491585   0.304491585   0.872445918
         93.200   0.127554082   0.304491585   0.304491585   0.872445918
         93.400   0.127554083   0.304491585   0.304491585   0.872445917
         93.600   0.127554083   0.304491585   0.304491585   0.872445917
         93.800   0.127554083   0.304491585   0.304491585   0.872445917
         94.000   0.127554083   0.304491585   0.304491585   0.872445917
         94.200   0.127554083   0.304491585   0.304491585   0.872445917
         94.400   0.127554082   0.304491585   0.304491585   0.872445918
         94.600   0.127554082   0.304491585   0.304491585   0.872445918
         94.800   0.127554082   0.304491585   0.304491585   0.872445918
         95.000   0.127554082   0.304491585   0.304491585   0.872445918
         95.200   0.127554082   0.304491585   0.304491585   0.872445918
         95.400   0.127554082   0.304491585   0.304491585   0.872445918
         95.600   0.127554083   0.304491585   0.304491585   0.872445917
         95.800   0.127554083   0.304491585   0.304491585   0.872445917
         96.000   0.127554083   0.304491585   0.304491585   0.872445917
         96.200   0.127554083   0.304491585   0.304491585   0.872445917
         96.400   0.127554083   0.304491585   0.304491585   0.872445917
         96.600   0.127554083   0.304491585   0.304491585   0.872445917
         96.800   0.127554082   0.304491585   0.304491585   0.872445918
         97.000   0.127554082   0.304491585   0.304491585   0.872445918
         97.200   0.127554082   0.304491585   0.304491585   0.872445918
         97.400   0.127554082   0.304491585   0.304491585   0.872445918
         97.600   0.127554082   0.304491585   0.304491585   0.872445918
         97.800   0.127554083   0.304491585   0.304491585   0.872445917
         98.000   0.127554083   0.304491585   0.304491585   0.872445917
         98.200   0.127554083   0.304491585   0.304491585   0.872445917
         98.400   0.127554083   0.304491585   0.304491585   0.872445917
         98.600   0.127554083   0.304491585   0.304491585   0.872445917
         98.800   0.127554083   0.304491585   0.304491585   0.872445917
         99.000   0.127554082   0.304491585   0.304491585   0.872445918
         99.200   0.127554082   0.304491585   0.304491585   0.872445918
         99.400   0.127554082   0.304491585   0.304491585   0.872445918
         99.600   0.127554082   0.304491585   0.304491585   0.872445918
         99.800   0.127554082   0.304491585   0.304491585   0.872445918
        100.000   0.127554082   0.304491585   0.304491585   0.872445918
        100.200   0.127554083   0.304491585   0.304491585   0.872445917
        100.400   0.127554083   0.304491585   0.304491585   0.872445917
        100.600   0.127554083   0.304491585   0.304491585   0.872445917
        100.800   0.127554083   0.304491585   0.304491585   0.872445917
        101.000   0.127554083   0.304491585   0.304491585   0.872445917
        101.200   0.127554083   0.304491585   0.304491585   0.872445917
        101.400   0.127554082   0.304491585   0.304491585   0.872445918
        101.600   0.127554082   0.304491585   0.304491585   0.872445918
        101.800   0.127554082   0.304491585   0.304491585   0.872445918
        102.000   0.127554082   0.304491585   0.304491585   0.872445918
        102.200   0.127554082   0.304491585   0.304491585   0.872445918
        102.400   0.127554083   0.304491585   0.304491585   0.872445917
        102.600   0.127554083   0.304491585   0.304491585   0.872445917
        102.800   0.127554083   0.304491585   0.304491585   0.872445917
        103.000   0.127554083   0.304491585   0.304491585   0.872445917
        103.200   0.127554083   0.304491585   0.304491585   0.872445917
        103.400   0.127554083   0.304491585   0.304491585   0.872445917
        103.600   0.127554082   0.304491585   0.304491585   0.872445917
        103.800   0.127554082   0.304491585   0.304491585   0.872445918
        104.000   0.127554082   0.304491585   0.304491585   0.872445918
        104.200   0.127554082   0.304491585   0.304491585   0.872445918
        104.400   0.127554082   0.304491585   0.304491585   0.872445918
        104.600   0.127554083   0.304491585   0.304491585   0.872445917
        104.800   0.127554083   0.304491585   0.304491585   0.872445917
        105.000   0.127554083   0.304491585   0.304491585   0.872445917
        105.200   0.127554083   0.304491585   0.304491585   0.872445917
        105.400   0.127554083   0.304491585   0.304491585   0.872445917
        105.600   0.127554083   0.304491585   0.304491585   0.872445917
        105.800   0.127554083   0.304491585   0.304491585   0.872445917
        106.000   0.127554082   0.304491585   0.304491585   0.872445917
        106.200   0.127554082   0.304491585   0.304491585   0.872445918
        106.400   0.127554082   0.304491585   0.304491585   0.872445918
        106.600   0.127554082   0.304491585   0.304491585   0.872445917
        106.800   0.127554083   0.304491585   0.304491585   0.872445917
        107.000   0.127554083   0.304491585   0.304491585   0.872445917
        107.200   0.127554083   0.304491585   0.304491585   0.872445917
        107.400   0.127554083   0.304491585   0.304491585   0.872445917
        107.600   0.127554083   0.304491585   0.304491585   0.872445917
        107.800   0.127554083   0.304491585   0.304491585   0.872445917
        108.000   0.127554083   0.304491585   0.304491585   0.872445917
        108.200   0.127554083   0.304491585   0.304491585   0.872445917
        108.400   0.127554082   0.304491585   0.304491585   0.872445917
        108.600   0.127554082   0.304491585   0.304491585   0.872445917
        108.800   0.127554082   0.304491585   0.304491585   0.872445917
        109.000   0.127554083   0.304491585   0.304491585   0.872445917
        109.200   0.127554083   0.304491585   0.304491585   0.872445917
        109.400   0.127554083   0.304491585   0.304491585   0.872445917
        109.600   0.127554083   0.304491585   0.304491585   0.872445917
        109.800   0.127554083   0.304491585   0.304491585   0.872445917
        110.000   0.127554083   0.304491585   0.304491585   0.872445917
        110.200   0.127554083   0.304491585   0.304491585   0.872445917
        110.400   0.127554083   0.304491585   0.304491585   0.872445917
        110.600   0.127554083   0.304491585   0.304491585   0.872445917
        110.800   0.127554083   0.304491585   0.304491585   0.872445917
        111.000   0.127554083   0.304491585   0.304491585   0.872445917
        111.200   0.127554083   0.304491585   0.304491585   0.872445917
        111.400   0.127554083   0.304491585   0.304491585   0.872445917
        111.600   0.127554083   0.304491585   0.304491585   0.872445917
        111.800   0.127554083   0.304491585   0.304491585   0.872445917
        112.000   0.127554083   0.304491585   0.304491585   0.872445917
        112.200   0.127554083   0.304491585   0.304491585   0.872445917
        112.400   0.127554083   0.304491585   0.304491585   0.872445917
        112.600   0.127554083   0.304491585   0.304491585   0.872445917
        112.800   0.127554083   0.304491585   0.304491585   0.872445917
        113.000   0.127554083   0.304491585   0.304491585   0.872445917
        113.200   0.127554083   0.304491585   0.304491585   0.872445917
        113.400   0.127554083   0.304491585   0.304491585   0.872445917
        113.600   0.127554083   0.304491585   0.304491585   0.872445917
        113.800   0.127554083   0.304491585   0.304491585   0.872445917
        114.000   0.127554083   0.304491585   0.304491585   0.872445917
        114.200   0.127554083   0.304491585   0.304491585   0.872445917
        114.400   0.127554083   0.304491585   0.304491585   0.872445917
        114.600   0.127554083   0.304491585   0.304491585   0.872445917
        114.800   0.127554083   0.304491585   0.304491585   0.872445917
        115.000   0.127554083   0.304491585   0.304491585   0.872445917
        115.200   0.127554083   0.304491585   0.304491585   0.872445917
        115.400   0.127554083   0.304491585   0.304491585   0.872445917
        115.600   0.127554083   0.304491585   0.304491585   0.872445917
        115.800   0.127554083   0.304491585   0.304491585   0.872445917
        116.000   0.127554083   0.304491585   0.304491585   0.872445917
        116.200   0.127554083   0.304491585   0.304491585   0.872445917
        116.400   0.127554083   0.304491585   0.304491585   0.872445917
        116.600   0.127554083   0.304491585   0.304491585   0.872445917
        116.800   0.127554083   0.304491585   0.304491585   0.872445917
        117.000   0.127554083   0.304491585   0.304491585   0.872445917
        117.200   0.127554083   0.304491585   0.304491585   0.872445917
        117.400   0.127554083   0.304491585   0.304491585   0.872445917
        117.600   0.127554083   0.304491585   0.304491585   0.872445917
        117.800   0.127554083   0.304491585   0.304491585   0.872445917
        118.000   0.127554083   0.304491585   0.304491585   0.872445917
        118.200   0.127554083   0.304491585   0.304491585   0.872445917
        118.400   0.127554083   0.304491585   0.304491585   0.872445917
        118.600   0.127554083   0.304491585   0.304491585   0.872445917
        118.800   0.127554083   0.304491585   0.304491585   0.872445917
        119.000   0.127554083   0.304491585   0.304491585   0.872445917
        119.200   0.127554083   0.304491585   0.304491585   0.872445917
        119.400   0.127554083   0.304491585   0.304491585   0.872445917
        119.600   0.127554083   0.304491585   0.304491585   0.872445917
        119.800   0.127554083   0.304491585   0.304491585   0.872445917
        120.000   0.127554083   0.304491585   0.304491585   0.872445917
