          0.050   0.997502083   0.003593672   0.003593672   0.002497917
          0.100   0.991518702   0.021612756   0.021612756   0.008481298
          0.150   0.984597236   0.046458006   0.046458006   0.015402764
          0.200   0.978622967   0.063816738   0.063816738   0.021377033
          0.250   0.974231302   0.071457020   0.071457020   0.025768698
          0.300   0.971260188   0.072981833   0.072981833   0.028739812
          0.350   0.969323017   0.071721901   0.071721901   0.030676983
          0.400   0.968071467   0.069549580   0.069549580   0.031928533
          0.450   0.967256018   0.067309737   0.067309737   0.032743982
          0.500   0.966714199   0.065314004   0.065314004   0.033285801
          0.550   0.966344777   0.063635745   0.063635745   0.033655223
          0.600   0.966085743   0.062255850   0.062255850   0.033914257
          0.650   0.965899103   0.061127531   0.061127531   0.034100897
          0.700   0.965761280   0.060202173   0.060202173   0.034238720
          0.750   0.965657322   0.059437917   0.059437917   0.034342678
          0.800   0.965577483   0.058801247   0.058801247   0.034422517
          0.850   0.965515221   0.058266112   0.058266112   0.034484779
          0.900   0.965466016   0.057765867   0.057765867   0.034533984
          0.950   0.965431433   0.057351018   0.057351018   0.034568567
          1.000   0.965408295   0.057068321   0.057068321   0.034591705
          1.050   0.965394972   0.056884636   0.056884636   0.034605028
          1.100   0.965387732   0.056755479   0.056755479   0.034612268
          1.150   0.965383254   0.056663676   0.056663676   0.034616746
          1.200   0.965379569   0.056598614   0.056598614   0.034620431
          1.250   0.965375814   0.056552270   0.056552270   0.034624186
          1.300   0.965371735   0.056518826   0.056518826   0.034628265
          1.350   0.965367339   0.056494297   0.056494297   0.034632661
          1.400   0.965362711   0.056476031   0.056476031   0.034637289
          1.450   0.965357936   0.056462270   0.056462270   0.034642064
          1.500   0.965353078   0.056451831   0.056451831   0.034646922
          1.550   0.965348177   0.056443899   0.056443899   0.034651823
          1.600   0.965343258   0.056437892   0.056437892   0.034656742
          1.650   0.965338331   0.056433384   0.056433384   0.034661669
          1.700   0.965333403   0.056430058   0.056430058   0.034666597
          1.750   0.965328475   0.056427665   0.056427665   0.034671525
          1.800   0.965323547   0.056426087   0.056426087   0.034676453
          1.850   0.965318611   0.056425046   0.056425046   0.034681389
          1.900   0.965313663   0.056424274   0.056424274   0.034686337
          1.950   0.965308699   0.056423683   0.056423683   0.034691301
          2.000   0.965303720   0.056423237   0.056423237   0.034696280
          2.050   0.965298731   0.056422902   0.056422902   0.034701269
          2.100   0.965293735   0.056422651   0.056422651   0.034706265
          2.150   0.965288736   0.056422461   0.056422461   0.034711264
          2.200   0.965283735   0.056422318   0.056422318   0.034716265
          2.250   0.965278734   0.056422211   0.056422211   0.034721266
          2.300   0.965273732   0.056422130   0.056422130   0.034726268
          2.350   0.965268730   0.056422071   0.056422071   0.034731270
          2.400   0.965263729   0.056422027   0.056422027   0.034736271
          2.450   0.965258727   0.056421995   0.056421995   0.034741273
          2.500   0.965253726   0.056421972   0.056421972   0.034746274
          2.550   0.965248724   0.056421955   0.056421955   0.034751276
          2.600   0.965243722   0.056421943   0.056421943   0.034756278
          2.650   0.965238721   0.056421935   0.056421935   0.034761279
          2.700   0.965233719   0.056421929   0.056421929   0.034766281
          2.750   0.965228717   0.056421924   0.056421924   0.034771283
          2.800   0.965223716   0.056421920   0.056421920   0.034776284
          2.850   0.965218714   0.056421918   0.056421918   0.034781286
          2.900   0.965213712   0.056421916   0.056421916   0.034786288
          2.950   0.965208711   0.056421914   0.056421914   0.034791289
          3.000   0.965203710   0.056421913   0.056421913   0.034796290
          3.050   0.965198708   0.056421912   0.056421912   0.034801292
          3.100   0.965193707   0.056421911   0.056421911   0.034806293
          3.150   0.965188706   0.056421911   0.056421911   0.034811294
          3.200   0.965183704   0.056421911   0.056421911   0.034816296
          3.250   0.965178703   0.056421910   0.056421910   0.034821297
          3.300   0.965173702   0.056421910   0.056421910   0.034826298
          3.350   0.965168701   0.056421910   0.056421910   0.034831299
          3.400   0.965163700   0.056421910   0.056421910   0.034836300
          3.450   0.965158699   0.056421910   0.056421910   0.034841301
          3.500   0.965153698   0.056421910   0.056421910   0.034846302
          3.550   0.965148697   0.056421910   0.056421910   0.034851303
          3.600   0.965143697   0.056421910   0.056421910   0.034856303
          3.650   0.965138696   0.056421910   0.056421910   0.034861304
          3.700   0.965133695   0.056421910   0.056421910   0.034866305
          3.750   0.965128695   0.056421910   0.056421910   0.034871305
          3.800   0.965123694   0.056421910   0.056421910   0.034876306
          3.850   0.965118694   0.056421910   0.056421910   0.034881306
          3.900   0.965113693   0.056421910   0.056421910   0.034886307
          3.950   0.965108693   0.056421910   0.056421910   0.034891307
          4.000   0.965103692   0.056421910   0.056421910   0.034896308
          4.050   0.965098692   0.056421910   0.056421910   0.034901308
          4.100   0.965093692   0.056421910   0.056421910   0.034906308
          4.150   0.965088692   0.056421910   0.056421910   0.034911308
          4.200   0.965083692   0.056421910   0.056421910   0.034916308
          4.250   0.965078692   0.056421910   0.056421910   0.034921308
          4.300   0.965073691   0.056421910   0.056421910   0.034926309
          4.350   0.965068692   0.056421910   0.056421910   0.034931308
          4.400   0.965063692   0.056421910   0.056421910   0.034936308
          4.450   0.965058692   0.056421910   0.056421910   0.034941308
          4.500   0.965053692   0.056421910   0.056421910   0.034946308
          4.550   0.965048692   0.056421910   0.056421910   0.034951308
          4.600   0.965043693   0.056421910   0.056421910   0.034956307
          4.650   0.965038693   0.056421910   0.056421910   0.034961307
          4.700   0.965033693   0.056421910   0.056421910   0.034966307
          4.750   0.965028694   0.056421910   0.056421910   0.034971306
          4.800   0.965023694   0.056421910   0.056421910   0.034976306
          4.850   0.965018695   0.056421910   0.056421910   0.034981305
          4.900   0.965013695   0.056421910   0.056421910   0.034986305
          4.950   0.965008696   0.056421910   0.056421910   0.034991304
          5.000   0.965003697   0.056421910   0.056421910   0.034996303
          5.050   0.964998698   0.056421910   0.056421910   0.035001302
          5.100   0.964993698   0.056421910   0.056421910   0.035006302
          5.150   0.964988699   0.056421910   0.056421910   0.035011301
          5.200   0.964983700   0.056421910   0.056421910   0.035016300
          5.250   0.964978701   0.056421910   0.056421910   0.035021299
          5.300   0.964973702   0.056421910   0.056421910   0.035026298
          5.350   0.964968703   0.056421910   0.056421910   0.035031297
          5.400   0.964963705   0.056421910   0.056421910   0.035036295
          5.450   0.964958706   0.056421910   0.056421910   0.035041294
          5.500   0.964953707   0.056421910   0.056421910   0.035046293
          5.550   0.964948708   0.056421910   0.056421910   0.035051292
          5.600   0.964943710   0.056421910   0.056421910   0.035056290
          5.650   0.964938711   0.056421910   0.056421910   0.035061289
          5.700   0.964933713   0.056421910   0.056421910   0.035066287
          5.750   0.964928714   0.056421910   0.056421910   0.035071286
          5.800   0.964923716   0.056421910   0.056421910   0.035076284
          5.850   0.964918718   0.056421910   0.056421910   0.035081282
          5.900   0.964913719   0.056421910   0.056421910   0.035086281
          5.950   0.964908721   0.056421910   0.056421910   0.035091279
          6.000   0.964903723   0.056421910   0.056421910   0.035096277
          6.050   0.964898725   0.056421910   0.056421910   0.035101275
          6.100   0.964893727   0.056421910   0.056421910   0.035106273
          6.150   0.964888729   0.056421910   0.056421910   0.035111271
          6.200   0.964883731   0.056421910   0.056421910   0.035116269
          6.250   0.964878733   0.056421910   0.056421910   0.035121267
          6.300   0.964873735   0.056421910   0.056421910   0.035126265
          6.350   0.964868737   0.056421910   0.056421910   0.035131263
          6.400   0.964863739   0.056421910   0.056421910   0.035136261
          6.450   0.964858741   0.056421910   0.056421910   0.035141259
          6.500   0.964853744   0.056421910   0.056421910   0.035146256
          6.550   0.964848746   0.056421910   0.056421910   0.035151254
          6.600   0.964843749   0.056421910   0.056421910   0.035156251
          6.650   0.964838751   0.056421910   0.056421910   0.035161249
          6.700   0.964833754   0.056421910   0.056421910   0.035166246
          6.750   0.964828756   0.056421910   0.056421910   0.035171244
          6.800   0.964823759   0.056421910   0.056421910   0.035176241
          6.850   0.964818762   0.056421910   0.056421910   0.035181238
          6.900   0.964813765   0.056421910   0.056421910   0.035186235
          6.950   0.964808767   0.056421910   0.056421910   0.035191233
          7.000   0.964803770   0.056421910   0.056421910   0.035196230
          7.050   0.964798773   0.056421910   0.056421910   0.035201227
          7.100   0.964793776   0.056421910   0.056421910   0.035206224
          7.150   0.964788779   0.056421910   0.056421910   0.035211221
          7.200   0.964783782   0.056421910   0.056421910   0.035216218
          7.250   0.964778785   0.056421910   0.056421910   0.035221215
          7.300   0.964773789   0.056421910   0.056421910   0.035226211
          7.350   0.964768792   0.056421910   0.056421910   0.035231208
          7.400   0.964763795   0.056421910   0.056421910   0.035236205
          7.450   0.964758799   0.056421910   0.056421910   0.035241201
          7.500   0.964753802   0.056421910   0.056421910   0.035246198
          7.550   0.964748805   0.056421910   0.056421910   0.035251195
          7.600   0.964743809   0.056421910   0.056421910   0.035256191
          7.650   0.964738813   0.056421910   0.056421910   0.035261187
          7.700   0.964733816   0.056421910   0.056421910   0.035266184
          7.750   0.964728820   0.056421910   0.056421910   0.035271180
          7.800   0.964723824   0.056421910   0.056421910   0.035276176
          7.850   0.964718827   0.056421910   0.056421910   0.035281173
          7.900   0.964713831   0.056421910   0.056421910   0.035286169
          7.950   0.964708835   0.056421910   0.056421910   0.035291165
          8.000   0.964703839   0.056421910   0.056421910   0.035296161
          8.050   0.964698843   0.056421910   0.056421910   0.035301157
          8.100   0.964693847   0.056421910   0.056421910   0.035306153
          8.150   0.964688851   0.056421910   0.056421910   0.035311149
          8.200   0.964683856   0.056421910   0.056421910   0.035316144
          8.250   0.964678860   0.056421910   0.056421910   0.035321140
          8.300   0.964673864   0.056421910   0.056421910   0.035326136
          8.350   0.964668868   0.056421910   0.056421910   0.035331132
          8.400   0.964663873   0.056421910   0.056421910   0.035336127
          8.450   0.964658877   0.056421910   0.056421910   0.035341123
          8.500   0.964653882   0.056421910   0.056421910   0.035346118
          8.550   0.964648886   0.056421910   0.056421910   0.035351114
          8.600   0.964643891   0.056421910   0.056421910   0.035356109
          8.650   0.964638895   0.056421910   0.056421910   0.035361105
          8.700   0.964633900   0.056421910   0.056421910   0.035366100
          8.750   0.964628905   0.056421910   0.056421910   0.035371095
          8.800   0.964623910   0.056421910   0.056421910   0.035376090
          8.850   0.964618915   0.056421910   0.056421910   0.035381085
          8.900   0.964613920   0.056421910   0.056421910   0.035386080
          8.950   0.964608925   0.056421910   0.056421910   0.035391075
          9.000   0.964603930   0.056421910   0.056421910   0.035396070
          9.050   0.964598935   0.056421910   0.056421910   0.035401065
          9.100   0.964593940   0.056421910   0.056421910   0.035406060
          9.150   0.964588945   0.056421910   0.056421910   0.035411055
          9.200   0.964583950   0.056421910   0.056421910   0.035416050
          9.250   0.964578956   0.056421910   0.056421910   0.035421044
          9.300   0.964573961   0.056421910   0.056421910   0.035426039
          9.350   0.964568966   0.056421910   0.056421910   0.035431034
          9.400   0.964563972   0.056421910   0.056421910   0.035436028
          9.450   0.964558977   0.056421910   0.056421910   0.035441023
          9.500   0.964553983   0.056421910   0.056421910   0.035446017
          9.550   0.964548988   0.056421910   0.056421910   0.035451012
          9.600   0.964543994   0.056421910   0.056421910   0.035456006
          9.650   0.964539000   0.056421910   0.056421910   0.035461000
          9.700   0.964534006   0.056421910   0.056421910   0.035465994
          9.750   0.964529011   0.056421910   0.056421910   0.035470989
          9.800   0.964524017   0.056421910   0.056421910   0.035475983
          9.850   0.964519023   0.056421910   0.056421910   0.035480977
          9.900   0.964514029   0.056421910   0.056421910   0.035485971
          9.950   0.964509035   0.056421910   0.056421910   0.035490965
         10.000   0.964504041   0.056421910   0.056421910   0.035495959
         10.050   0.964499048   0.056421910   0.056421910   0.035500952
         10.100   0.964494054   0.056421910   0.056421910   0.035505946
         10.150   0.964489060   0.056421910   0.056421910   0.035510940
         10.200   0.964484066   0.056421910   0.056421910   0.035515934
         10.250   0.964479073   0.056421910   0.056421910   0.035520927
         10.300   0.964474079   0.056421910   0.056421910   0.035525921
         10.350   0.964469086   0.056421910   0.056421910   0.035530914
         10.400   0.964464092   0.056421910   0.056421910   0.035535908
         10.450   0.964459099   0.056421910   0.056421910   0.035540901
         10.500   0.964454105   0.056421910   0.056421910   0.035545895
         10.550   0.964449112   0.056421910   0.056421910   0.035550888
         10.600   0.964444119   0.056421910   0.056421910   0.035555881
         10.650   0.964439126   0.056421910   0.056421910   0.035560874
         10.700   0.964434133   0.056421910   0.056421910   0.035565867
         10.750   0.964429139   0.056421910   0.056421910   0.035570861
         10.800   0.964424146   0.056421910   0.056421910   0.035575854
         10.850   0.964419153   0.056421910   0.056421910   0.035580847
         10.900   0.964414160   0.056421910   0.056421910   0.035585840
         10.950   0.964409168   0.056421910   0.056421910   0.035590832
         11.000   0.964404175   0.056421910   0.056421910   0.035595825
         11.050   0.964399182   0.056421910   0.056421910   0.035600818
         11.100   0.964394189   0.056421910   0.056421910   0.035605811
         11.150   0.964389197   0.056421910   0.056421910   0.035610803
         11.200   0.964384204   0.056421910   0.056421910   0.035615796
         11.250   0.964379211   0.056421910   0.056421910   0.035620789
         11.300   0.964374219   0.056421910   0.056421910   0.035625781
         11.350   0.964369227   0.056421910   0.056421910   0.035630773
         11.400   0.964364234   0.056421910   0.056421910   0.035635766
         11.450   0.964359242   0.056421910   0.056421910   0.035640758
         11.500   0.964354250   0.056421910   0.056421910   0.035645750
         11.550   0.964349257   0.056421910   0.056421910   0.035650743
         11.600   0.964344265   0.056421910   0.056421910   0.035655735
         11.650   0.964339273   0.056421910   0.056421910   0.035660727
         11.700   0.964334281   0.056421910   0.056421910   0.035665719
         11.750   0.964329289   0.056421910   0.056421910   0.035670711
         11.800   0.964324297   0.056421910   0.056421910   0.035675703
         11.850   0.964319305   0.056421910   0.056421910   0.035680695
         11.900   0.964314313   0.056421910   0.056421910   0.035685687
         11.950   0.964309321   0.056421910   0.056421910   0.035690679
         12.000   0.964304330   0.056421910   0.056421910   0.035695670
         12.050   0.964299338   0.056421910   0.056421910   0.035700662
         12.100   0.964294346   0.056421910   0.056421910   0.035705654
         12.150   0.964289355   0.056421910   0.056421910   0.035710645
         12.200   0.964284363   0.056421910   0.056421910   0.035715637
         12.250   0.964279372   0.056421910   0.056421910   0.035720628
         12.300   0.964274380   0.056421910   0.056421910   0.035725620
         12.350   0.964269389   0.056421910   0.056421910   0.035730611
         12.400   0.964264398   0.056421910   0.056421910   0.035735602
         12.450   0.964259406   0.056421910   0.056421910   0.035740594
         12.500   0.964254415   0.056421910   0.056421910   0.035745585
         12.550   0.964249424   0.056421910   0.056421910   0.035750576
         12.600   0.964244433   0.056421910   0.056421910   0.035755567
         12.650   0.964239442   0.056421910   0.056421910   0.035760558
         12.700   0.964234451   0.056421910   0.056421910   0.035765549
         12.750   0.964229460   0.056421910   0.056421910   0.035770540
         12.800   0.964224469   0.056421910   0.056421910   0.035775531
         12.850   0.964219478   0.056421910   0.056421910   0.035780522
         12.900   0.964214487   0.056421910   0.056421910   0.035785513
         12.950   0.964209497   0.056421910   0.056421910   0.035790503
         13.000   0.964204506   0.056421910   0.056421910   0.035795494
         13.050   0.964199515   0.056421910   0.056421910   0.035800485
         13.100   0.964194525   0.056421910   0.056421910   0.035805475
         13.150   0.964189534   0.056421910   0.056421910   0.035810466
         13.200   0.964184544   0.056421910   0.056421910   0.035815456
         13.250   0.964179553   0.056421910   0.056421910   0.035820447
         13.300   0.964174563   0.056421910   0.056421910   0.035825437
         13.350   0.964169573   0.056421910   0.056421910   0.035830427
         13.400   0.964164582   0.056421910   0.056421910   0.035835418
         13.450   0.964159592   0.056421910   0.056421910   0.035840408
         13.500   0.964154602   0.056421910   0.056421910   0.035845398
         13.550   0.964149612   0.056421910   0.056421910   0.035850388
         13.600   0.964144622   0.056421910   0.056421910   0.035855378
         13.650   0.964139632   0.056421910   0.056421910   0.035860368
         13.700   0.964134642   0.056421910   0.056421910   0.035865358
         13.750   0.964129652   0.056421910   0.056421910   0.035870348
         13.800   0.964124662   0.056421910   0.056421910   0.035875338
         13.850   0.964119673   0.056421910   0.056421910   0.035880327
         13.900   0.964114683   0.056421910   0.056421910   0.035885317
         13.950   0.964109693   0.056421910   0.056421910   0.035890307
         14.000   0.964104704   0.056421910   0.056421910   0.035895296
         14.050   0.964099714   0.056421910   0.056421910   0.035900286
         14.100   0.964094725   0.056421910   0.056421910   0.035905275
         14.150   0.964089735   0.056421910   0.056421910   0.035910265
         14.200   0.964084746   0.056421910   0.056421910   0.035915254
         14.250   0.964079756   0.056421910   0.056421910   0.035920244
         14.300   0.964074767   0.056421910   0.056421910   0.035925233
         14.350   0.964069778   0.056421910   0.056421910   0.035930222
         14.400   0.964064789   0.056421910   0.056421910   0.035935211
         14.450   0.964059800   0.056421910   0.056421910   0.035940200
         14.500   0.964054811   0.056421910   0.056421910   0.035945189
         14.550   0.964049822   0.056421910   0.056421910   0.035950178
         14.600   0.964044833   0.056421910   0.056421910   0.035955167
         14.650   0.964039844   0.056421910   0.056421910   0.035960156
         14.700   0.964034855   0.056421910   0.056421910   0.035965145
         14.750   0.964029866   0.056421910   0.056421910   0.035970134
         14.800   0.964024877   0.056421910   0.056421910   0.035975123
         14.850   0.964019889   0.056421910   0.056421910   0.035980111
         14.900   0.964014900   0.056421910   0.056421910   0.035985100
         14.950   0.964009911   0.056421910   0.056421910   0.035990089
         15.000   0.964004923   0.056421910   0.056421910   0.035995077
         15.050   0.963999934   0.056421910   0.056421910   0.036000066
         15.100   0.963994946   0.056421910   0.056421910   0.036005054
         15.150   0.963989958   0.056421910   0.056421910   0.036010042
         15.200   0.963984969   0.056421910   0.056421910   0.036015031
         15.250   0.963979981   0.056421910   0.056421910   0.036020019
         15.300   0.963974993   0.056421910   0.056421910   0.036025007
         15.350   0.963970005   0.056421910   0.056421910   0.036029995
         15.400   0.963965017   0.056421910   0.056421910   0.036034983
         15.450   0.963960029   0.056421910   0.056421910   0.036039971
         15.500   0.963955041   0.056421910   0.056421910   0.036044959
         15.550   0.963950053   0.056421910   0.056421910   0.036049947
         15.600   0.963945065   0.056421910   0.056421910   0.036054935
         15.650   0.963940077   0.056421910   0.056421910   0.036059923
         15.700   0.963935089   0.056421910   0.056421910   0.036064911
         15.750   0.963930101   0.056421910   0.056421910   0.036069899
         15.800   0.963925114   0.056421910   0.056421910   0.036074886
         15.850   0.963920126   0.056421910   0.056421910   0.036079874
         15.900   0.963915139   0.056421910   0.056421910   0.036084861
         15.950   0.963910151   0.056421910   0.056421910   0.036089849
         16.000   0.963905164   0.056421910   0.056421910   0.036094836
         16.050   0.963900176   0.056421910   0.056421910   0.036099824
         16.100   0.963895189   0.056421910   0.056421910   0.036104811
         16.150   0.963890202   0.056421910   0.056421910   0.036109798
         16.200   0.963885214   0.056421910   0.056421910   0.036114786
         16.250   0.963880227   0.056421910   0.056421910   0.036119773
         16.300   0.963875240   0.056421910   0.056421910   0.036124760
         16.350   0.963870253   0.056421910   0.056421910   0.036129747
         16.400   0.963865266   0.056421910   0.056421910   0.036134734
         16.450   0.963860279   0.056421910   0.056421910   0.036139721
         16.500   0.963855292   0.056421910   0.056421910   0.036144708
         16.550   0.963850305   0.056421910   0.056421910   0.036149695
         16.600   0.963845318   0.056421910   0.056421910   0.036154682
         16.650   0.963840331   0.056421910   0.056421910   0.036159669
         16.700   0.963835345   0.056421910   0.056421910   0.036164655
         16.750   0.963830358   0.056421910   0.056421910   0.036169642
         16.800   0.963825372   0.056421910   0.056421910   0.036174628
         16.850   0.963820385   0.056421910   0.056421910   0.036179615
         16.900   0.963815398   0.056421910   0.056421910   0.036184602
         16.950   0.963810412   0.056421910   0.056421910   0.036189588
         17.000   0.963805426   0.056421910   0.056421910   0.036194574
         17.050   0.963800439   0.056421910   0.056421910   0.036199561
         17.100   0.963795453   0.056421910   0.056421910   0.036204547
         17.150   0.963790467   0.056421910   0.056421910   0.036209533
         17.200   0.963785481   0.056421910   0.056421910   0.036214519
         17.250   0.963780495   0.056421910   0.056421910   0.036219505
         17.300   0.963775508   0.056421910   0.056421910   0.036224492
         17.350   0.963770522   0.056421910   0.056421910   0.036229478
         17.400   0.963765537   0.056421910   0.056421910   0.036234463
         17.450   0.963760551   0.056421910   0.056421910   0.036239449
         17.500   0.963755565   0.056421910   0.056421910   0.036244435
         17.550   0.963750579   0.056421910   0.056421910   0.036249421
         17.600   0.963745593   0.056421910   0.056421910   0.036254407
         17.650   0.963740608   0.056421910   0.056421910   0.036259392
         17.700   0.963735622   0.056421910   0.056421910   0.036264378
         17.750   0.963730636   0.056421910   0.056421910   0.036269364
         17.800   0.963725651   0.056421910   0.056421910   0.036274349
         17.850   0.963720665   0.056421910   0.056421910   0.036279335
         17.900   0.963715680   0.056421910   0.056421910   0.036284320
         17.950   0.963710695   0.056421910   0.056421910   0.036289305
         18.000   0.963705709   0.056421910   0.056421910   0.036294291
         18.050   0.963700724   0.056421910   0.056421910   0.036299276
         18.100   0.963695739   0.056421910   0.056421910   0.036304261
         18.150   0.963690754   0.056421910   0.056421910   0.036309246
         18.200   0.963685769   0.056421910   0.056421910   0.036314231
         18.250   0.963680783   0.056421910   0.056421910   0.036319217
         18.300   0.963675798   0.056421910   0.056421910   0.036324202
         18.350   0.963670814   0.056421910   0.056421910   0.036329186
         18.400   0.963665829   0.056421910   0.056421910   0.036334171
         18.450   0.963660844   0.056421910   0.056421910   0.036339156
         18.500   0.963655859   0.056421910   0.056421910   0.036344141
         18.550   0.963650874   0.056421910   0.056421910   0.036349126
         18.600   0.963645890   0.056421910   0.056421910   0.036354110
         18.650   0.963640905   0.056421910   0.056421910   0.036359095
         18.700   0.963635920   0.056421910   0.056421910   0.036364080
         18.750   0.963630936   0.056421910   0.056421910   0.036369064
         18.800   0.963625952   0.056421910   0.056421910   0.036374048
         18.850   0.963620967   0.056421910   0.056421910   0.036379033
         18.900   0.963615983   0.056421910   0.056421910   0.036384017
         18.950   0.963610998   0.056421910   0.056421910   0.036389002
         19.000   0.963606014   0.056421910   0.056421910   0.036393986
         19.050   0.963601030   0.056421910   0.056421910   0.036398970
         19.100   0.963596046   0.056421910   0.056421910   0.036403954
         19.150   0.963591062   0.056421910   0.056421910   0.036408938
         19.200   0.963586078   0.056421910   0.056421910   0.036413922
         19.250   0.963581094   0.056421910   0.056421910   0.036418906
         19.300   0.963576110   0.056421910   0.056421910   0.036423890
         19.350   0.963571126   0.056421910   0.056421910   0.036428874
         19.400   0.963566142   0.056421910   0.056421910   0.036433858
         19.450   0.963561158   0.056421910   0.056421910   0.036438842
         19.500   0.963556175   0.056421910   0.056421910   0.036443825
         19.550   0.963551191   0.056421910   0.056421910   0.036448809
         19.600   0.963546208   0.056421910   0.056421910   0.036453792
         19.650   0.963541224   0.056421910   0.056421910   0.036458776
         19.700   0.963536240   0.056421910   0.056421910   0.036463760
         19.750   0.963531257   0.056421910   0.056421910   0.036468743
         19.800   0.963526274   0.056421910   0.056421910   0.036473726
         19.850   0.963521290   0.056421910   0.056421910   0.036478710
         19.900   0.963516307   0.056421910   0.056421910   0.036483693
         19.950   0.963511324   0.056421910   0.056421910   0.036488676
         20.000   0.963506341   0.056421910   0.056421910   0.036493659
         20.050   0.963501358   0.056421910   0.056421910   0.036498642
         20.100   0.963496374   0.056421910   0.056421910   0.036503626
         20.150   0.963491391   0.056421910   0.056421910   0.036508609
         20.200   0.963486409   0.056421910   0.056421910   0.036513591
         20.250   0.963481426   0.056421910   0.056421910   0.036518574
         20.300   0.963476443   0.056421910   0.056421910   0.036523557
         20.350   0.963471460   0.056421910   0.056421910   0.036528540
         20.400   0.963466477   0.056421910   0.056421910   0.036533523
         20.450   0.963461495   0.056421910   0.056421910   0.036538505
         20.500   0.963456512   0.056421910   0.056421910   0.036543488
         20.550   0.963451529   0.056421910   0.056421910   0.036548471
         20.600   0.963446547   0.056421910   0.056421910   0.036553453
         20.650   0.963441564   0.056421910   0.056421910   0.036558436
         20.700   0.963436582   0.056421910   0.056421910   0.036563418
         20.750   0.963431600   0.056421910   0.056421910   0.036568400
         20.800   0.963426617   0.056421910   0.056421910   0.036573383
         20.850   0.963421635   0.056421910   0.056421910   0.036578365
         20.900   0.963416653   0.056421910   0.056421910   0.036583347
         20.950   0.963411671   0.056421910   0.056421910   0.036588329
         21.000   0.963406689   0.056421910   0.056421910   0.036593311
         21.050   0.963401706   0.056421910   0.056421910   0.036598294
         21.100   0.963396724   0.056421910   0.056421910   0.036603276
         21.150   0.963391743   0.056421910   0.056421910   0.036608257
         21.200   0.963386761   0.056421910   0.056421910   0.036613239
         21.250   0.963381779   0.056421910   0.056421910   0.036618221
         21.300   0.963376797   0.056421910   0.056421910   0.036623203
         21.350   0.963371815   0.056421910   0.056421910   0.036628185
         21.400   0.963366834   0.056421910   0.056421910   0.036633166
         21.450   0.963361852   0.056421910   0.056421910   0.036638148
         21.500   0.963356870   0.056421910   0.056421910   0.036643130
         21.550   0.963351889   0.056421910   0.056421910   0.036648111
         21.600   0.963346908   0.056421910   0.056421910   0.036653092
         21.650   0.963341926   0.056421910   0.056421910   0.036658074
         21.700   0.963336945   0.056421910   0.056421910   0.036663055
         21.750   0.963331963   0.056421910   0.056421910   0.036668037
         21.800   0.963326982   0.056421910   0.056421910   0.036673018
         21.850   0.963322001   0.056421910   0.056421910   0.036677999
         21.900   0.963317020   0.056421910   0.056421910   0.036682980
         21.950   0.963312039   0.056421910   0.056421910   0.036687961
         22.000   0.963307058   0.056421910   0.056421910   0.036692942
         22.050   0.963302077   0.056421910   0.056421910   0.036697923
         22.100   0.963297096   0.056421910   0.056421910   0.036702904
         22.150   0.963292115   0.056421910   0.056421910   0.036707885
         22.200   0.963287134   0.056421910   0.056421910   0.036712866
         22.250   0.963282153   0.056421910   0.056421910   0.036717847
         22.300   0.963277173   0.056421910   0.056421910   0.036722827
         22.350   0.963272192   0.056421910   0.056421910   0.036727808
         22.400   0.963267212   0.056421910   0.056421910   0.036732788
         22.450   0.963262231   0.056421910   0.056421910   0.036737769
         22.500   0.963257250   0.056421910   0.056421910   0.036742750
         22.550   0.963252270   0.056421910   0.056421910   0.036747730
         22.600   0.963247290   0.056421910   0.056421910   0.036752710
         22.650   0.963242309   0.056421910   0.056421910   0.036757691
         22.700   0.963237329   0.056421910   0.056421910   0.036762671
         22.750   0.963232349   0.056421910   0.056421910   0.036767651
         22.800   0.963227369   0.056421910   0.056421910   0.036772631
         22.850   0.963222389   0.056421910   0.056421910   0.036777611
         22.900   0.963217408   0.056421910   0.056421910   0.036782592
         22.950   0.963212428   0.056421910   0.056421910   0.036787572
         23.000   0.963207449   0.056421910   0.056421910   0.036792551
         23.050   0.963202469   0.056421910   0.056421910   0.036797531
         23.100   0.963197489   0.056421910   0.056421910   0.036802511
         23.150   0.963192509   0.056421910   0.056421910   0.036807491
         23.200   0.963187529   0.056421910   0.056421910   0.036812471
         23.250   0.963182550   0.056421910   0.056421910   0.036817450
         23.300   0.963177570   0.056421910   0.056421910   0.036822430
         23.350   0.963172590   0.056421910   0.056421910   0.036827410
         23.400   0.963167611   0.056421910   0.056421910   0.036832389
         23.450   0.963162631   0.056421910   0.056421910   0.036837369
         23.500   0.963157652   0.056421910   0.056421910   0.036842348
         23.550   0.963152673   0.056421910   0.056421910   0.036847327
         23.600   0.963147693   0.056421910   0.056421910   0.036852307
         23.650   0.963142714   0.056421910   0.056421910   0.036857286
         23.700   0.963137735   0.056421910   0.056421910   0.036862265
         23.750   0.963132756   0.056421910   0.056421910   0.036867244
         23.800   0.963127776   0.056421910   0.056421910   0.036872224
         23.850   0.963122797   0.056421910   0.056421910   0.036877203
         23.900   0.963117818   0.056421910   0.056421910   0.036882182
         23.950   0.963112840   0.056421910   0.056421910   0.036887160
         24.000   0.963107861   0.056421910   0.056421910   0.036892139
         24.050   0.963102882   0.056421910   0.056421910   0.036897118
         24.100   0.963097903   0.056421910   0.056421910   0.036902097
         24.150   0.963092924   0.056421910   0.056421910   0.036907076
         24.200   0.963087946   0.056421910   0.056421910   0.036912054
         24.250   0.963082967   0.056421910   0.056421910   0.036917033
         24.300   0.963077988   0.056421910   0.056421910   0.036922012
         24.350   0.963073010   0.056421910   0.056421910   0.036926990
         24.400   0.963068031   0.056421910   0.056421910   0.036931969
         24.450   0.963063053   0.056421910   0.056421910   0.036936947
         24.500   0.963058075   0.056421910   0.056421910   0.036941925
         24.550   0.963053096   0.056421910   0.056421910   0.036946904
         24.600   0.963048118   0.056421910   0.056421910   0.036951882
         24.650   0.963043140   0.056421910   0.056421910   0.036956860
         24.700   0.963038162   0.056421910   0.056421910   0.036961838
         24.750   0.963033184   0.056421910   0.056421910   0.036966816
         24.800   0.963028206   0.056421910   0.056421910   0.036971794
         24.850   0.963023228   0.056421910   0.056421910   0.036976772
         24.900   0.963018250   0.056421910   0.056421910   0.036981750
         24.950   0.963013272   0.056421910   0.056421910   0.036986728
         25.000   0.963008294   0.056421910   0.056421910   0.036991706
         25.050   0.963003316   0.056421910   0.056421910   0.036996684
         25.100   0.962998339   0.056421910   0.056421910   0.037001661
         25.150   0.962993361   0.056421910   0.056421910   0.037006639
         25.200   0.962988383   0.056421910   0.056421910   0.037011617
         25.250   0.962983406   0.056421910   0.056421910   0.037016594
         25.300   0.962978428   0.056421910   0.056421910   0.037021572
         25.350   0.962973451   0.056421910   0.056421910   0.037026549
         25.400   0.962968474   0.056421910   0.056421910   0.037031526
         25.450   0.962963496   0.056421910   0.056421910   0.037036504
         25.500   0.962958519   0.056421910   0.056421910   0.037041481
         25.550   0.962953542   0.056421910   0.056421910   0.037046458
         25.600   0.962948565   0.056421910   0.056421910   0.037051435
         25.650   0.962943587   0.056421910   0.056421910   0.037056413
         25.700   0.962938610   0.056421910   0.056421910   0.037061390
         25.750   0.962933633   0.056421910   0.056421910   0.037066367
         25.800   0.962928656   0.056421910   0.056421910   0.037071344
         25.850   0.962923679   0.056421910   0.056421910   0.037076321
         25.900   0.962918703   0.056421910   0.056421910   0.037081297
         25.950   0.962913726   0.056421910   0.056421910   0.037086274
         26.000   0.962908749   0.056421910   0.056421910   0.037091251
         26.050   0.962903772   0.056421910   0.056421910   0.037096228
         26.100   0.962898796   0.056421910   0.056421910   0.037101204
         26.150   0.962893819   0.056421910   0.056421910   0.037106181
         26.200   0.962888843   0.056421910   0.056421910   0.037111157
         26.250   0.962883866   0.056421910   0.056421910   0.037116134
         26.300   0.962878890   0.056421910   0.056421910   0.037121110
         26.350   0.962873913   0.056421910   0.056421910   0.037126087
         26.400   0.962868937   0.056421910   0.056421910   0.037131063
         26.450   0.962863961   0.056421910   0.056421910   0.037136039
         26.500   0.962858985   0.056421910   0.056421910   0.037141015
         26.550   0.962854008   0.056421910   0.056421910   0.037145992
         26.600   0.962849032   0.056421910   0.056421910   0.037150968
         26.650   0.962844056   0.056421910   0.056421910   0.037155944
         26.700   0.962839080   0.056421910   0.056421910   0.037160920
         26.750   0.962834104   0.056421910   0.056421910   0.037165896
         26.800   0.962829128   0.056421910   0.056421910   0.037170872
         26.850   0.962824153   0.056421910   0.056421910   0.037175847
         26.900   0.962819177   0.056421910   0.056421910   0.037180823
         26.950   0.962814201   0.056421910   0.056421910   0.037185799
         27.000   0.962809225   0.056421910   0.056421910   0.037190775
         27.050   0.962804250   0.056421910   0.056421910   0.037195750
         27.100   0.962799274   0.056421910   0.056421910   0.037200726
         27.150   0.962794299   0.056421910   0.056421910   0.037205701
         27.200   0.962789323   0.056421910   0.056421910   0.037210677
         27.250   0.962784348   0.056421910   0.056421910   0.037215652
         27.300   0.962779373   0.056421910   0.056421910   0.037220627
         27.350   0.962774397   0.056421910   0.056421910   0.037225603
         27.400   0.962769422   0.056421910   0.056421910   0.037230578
         27.450   0.962764447   0.056421910   0.056421910   0.037235553
         27.500   0.962759472   0.056421910   0.056421910   0.037240528
         27.550   0.962754497   0.056421910   0.056421910   0.037245503
         27.600   0.962749522   0.056421910   0.056421910   0.037250478
         27.650   0.962744547   0.056421910   0.056421910   0.037255453
         27.700   0.962739572   0.056421910   0.056421910   0.037260428
         27.750   0.962734597   0.056421910   0.056421910   0.037265403
         27.800   0.962729622   0.056421910   0.056421910   0.037270378
         27.850   0.962724647   0.056421910   0.056421910   0.037275353
         27.900   0.962719672   0.056421910   0.056421910   0.037280328
         27.950   0.962714698   0.056421910   0.056421910   0.037285302
         28.000   0.962709723   0.056421910   0.056421910   0.037290277
         28.050   0.962704749   0.056421910   0.056421910   0.037295251
         28.100   0.962699774   0.056421910   0.056421910   0.037300226
         28.150   0.962694800   0.056421910   0.056421910   0.037305200
         28.200   0.962689825   0.056421910   0.056421910   0.037310175
         28.250   0.962684851   0.056421910   0.056421910   0.037315149
         28.300   0.962679877   0.056421910   0.056421910   0.037320123
         28.350   0.962674902   0.056421910   0.056421910   0.037325098
         28.400   0.962669928   0.056421910   0.056421910   0.037330072
         28.450   0.962664954   0.056421910   0.056421910   0.037335046
         28.500   0.962659980   0.056421910   0.056421910   0.037340020
         28.550   0.962655006   0.056421910   0.056421910   0.037344994
         28.600   0.962650032   0.056421910   0.056421910   0.037349968
         28.650   0.962645058   0.056421910   0.056421910   0.037354942
         28.700   0.962640084   0.056421910   0.056421910   0.037359916
         28.750   0.962635111   0.056421910   0.056421910   0.037364889
         28.800   0.962630137   0.056421910   0.056421910   0.037369863
         28.850   0.962625163   0.056421910   0.056421910   0.037374837
         28.900   0.962620189   0.056421910   0.056421910   0.037379811
         28.950   0.962615216   0.056421910   0.056421910   0.037384784
         29.000   0.962610242   0.056421910   0.056421910   0.037389758
         29.050   0.962605269   0.056421910   0.056421910   0.037394731
         29.100   0.962600295   0.056421910   0.056421910   0.037399705
         29.150   0.962595322   0.056421910   0.056421910   0.037404678
         29.200   0.962590349   0.056421910   0.056421910   0.037409651
         29.250   0.962585375   0.056421910   0.056421910   0.037414625
         29.300   0.962580402   0.056421910   0.056421910   0.037419598
         29.350   0.962575429   0.056421910   0.056421910   0.037424571
         29.400   0.962570456   0.056421910   0.056421910   0.037429544
         29.450   0.962565483   0.056421910   0.056421910   0.037434517
         29.500   0.962560510   0.056421910   0.056421910   0.037439490
         29.550   0.962555537   0.056421910   0.056421910   0.037444463
         29.600   0.962550564   0.056421910   0.056421910   0.037449436
         29.650   0.962545591   0.056421910   0.056421910   0.037454409
         29.700   0.962540618   0.056421910   0.056421910   0.037459382
         29.750   0.962535646   0.056421910   0.056421910   0.037464354
         29.800   0.962530673   0.056421910   0.056421910   0.037469327
         29.850   0.962525700   0.056421910   0.056421910   0.037474300
         29.900   0.962520728   0.056421910   0.056421910   0.037479272
         29.950   0.962515755   0.056421910   0.056421910   0.037484245
         30.000   0.962510783   0.056421910   0.056421910   0.037489217
