          0.200   0.000000000  -0.183137504   0.183137504   0.000000000
          0.400   0.000000000  -0.299835557   0.299835557   0.000000000
          0.600  -0.000000000  -0.335812466   0.335812466   0.000000000
          0.800   0.000000000  -0.293929949   0.293929949  -0.000000000
          1.000  -0.000000000  -0.194836400   0.194836400  -0.000000000
          1.200   0.000000000  -0.071535605   0.071535605   0.000000000
          1.400  -0.000000000   0.039996014  -0.039996014  -0.000000000
          1.600   0.000000000   0.110620454  -0.110620454   0.000000000
          1.800  -0.000000000   0.125323586  -0.125323586  -0.000000000
          2.000  -0.000000000   0.086068932  -0.086068932   0.000000000
          2.200   0.000000000   0.009736533  -0.009736533   0.000000000
          2.400   0.000000000  -0.077905822   0.077905822   0.000000000
          2.600   0.000000000  -0.150203107   0.150203107  -0.000000000
          2.800   0.000000000  -0.187186942   0.187186942  -0.000000000
          3.000   0.000000000  -0.180632432   0.180632432  -0.000000000
          3.200   0.000000000  -0.135373096   0.135373096  -0.000000000
          3.400   0.000000000  -0.066848805   0.066848805  -0.000000000
          3.600   0.000000000   0.004158144  -0.004158144  -0.000000000
          3.800   0.000000000   0.057875447  -0.057875447  -0.000000000
          4.000   0.000000000   0.081070759  -0.081070759  -0.000000000
          4.200   0.000000000   0.070257359  -0.070257359  -0.000000000
          4.400   0.000000000   0.031863055  -0.031863055  -0.000000000
          4.600   0.000000000  -0.020428644   0.020428644  -0.000000000
          4.800   0.000000000  -0.070171691   0.070171691  -0.000000000
          5.000   0.000000000  -0.103055270   0.103055270  -0.000000000
          5.200   0.000000000  -0.110782461   0.110782461  -0.000000000
          5.400   0.000000000  -0.092915419   0.092915419  -0.000000000
          5.600   0.000000000  -0.056335212   0.056335212  -0.000000000
          5.800   0.000000000  -0.012670860   0.012670860  -0.000000000
          6.000   0.000000000   0.025401646  -0.025401646  -0.000000000
          6.200   0.000000000   0.047845026  -0.047845026  -0.000000000
          6.400   0.000000000   0.049886714  -0.049886714  -0.000000000
          6.600   0.000000000   0.032929583  -0.032929583  -0.000000000
          6.800   0.000000000   0.003633723  -0.003633723  -0.000000000
          7.000   0.000000000  -0.028415877   0.028415877  -0.000000000
          7.200   0.000000000  -0.053674729   0.053674729  -0.000000000
          7.400   0.000000000  -0.065342578   0.065342578  -0.000000000
          7.600   0.000000000  -0.061060478   0.061060478  -0.000000000
          7.800   0.000000000  -0.043204651   0.043204651  -0.000000000
          8.000   0.000000000  -0.017812167   0.017812167  -0.000000000
          8.200   0.000000000   0.007441312  -0.007441312  -0.000000000
          8.400   0.000000000   0.025558019  -0.025558019  -0.000000000
          8.600   0.000000000   0.032146737  -0.032146737  -0.000000000
          8.800   0.000000000   0.026449197  -0.026449197  -0.000000000
          9.000   0.000000000   0.011249118  -0.011249118  -0.000000000
          9.200   0.000000000  -0.008215993   0.008215993  -0.000000000
          9.400   0.000000000  -0.025947424   0.025947424  -0.000000000
          9.600   0.000000000  -0.036951001   0.036951001  -0.000000000
          9.800   0.000000000  -0.038568869   0.038568869  -0.000000000
         10.000   0.000000000  -0.031036076   0.031036076  -0.000000000
         10.200   0.000000000  -0.017169466   0.017169466  -0.000000000
         10.400   0.000000000  -0.001350353   0.001350353  -0.000000000
         10.600   0.000000000   0.011850805  -0.011850805  -0.000000000
         10.800   0.000000000   0.018987329  -0.018987329  -0.000000000
         11.000   0.000000000   0.018619621  -0.018619621  -0.000000000
         11.200   0.000000000   0.011554481  -0.011554481  -0.000000000
         11.400   0.000000000   0.000426892  -0.000426892  -0.000000000
         11.600   0.000000000  -0.011201595   0.011201595  -0.000000000
         11.800   0.000000000  -0.019931292   0.019931292  -0.000000000
         12.000   0.000000000  -0.023475054   0.023475054  -0.000000000
         12.200   0.000000000  -0.021213111   0.021213111  -0.000000000
         12.400   0.000000000  -0.014228040   0.014228040  -0.000000000
         12.600   0.000000000  -0.004853825   0.004853825  -0.000000000
         12.800   0.000000000   0.004092069  -0.004092069  -0.000000000
         13.000   0.000000000   0.010148983  -0.010148983  -0.000000000
         13.200   0.000000000   0.011881210  -0.011881210  -0.000000000
         13.400   0.000000000   0.009198971  -0.009198971  -0.000000000
         13.600   0.000000000   0.003270437  -0.003270437  -0.000000000
         13.800   0.000000000  -0.003915719   0.003915719  -0.000000000
         14.000   0.000000000  -0.010183659   0.010183659  -0.000000000
         14.200   0.000000000  -0.013803375   0.013803375  -0.000000000
         14.400   0.000000000  -0.013943802   0.013943802  -0.000000000
         14.600   0.000000000  -0.010832656   0.010832656  -0.000000000
         14.800   0.000000000  -0.005602404   0.005602404  -0.000000000
         15.000   0.000000000   0.000107453  -0.000107453  -0.000000000
         15.200   0.000000000   0.004658384  -0.004658384  -0.000000000
         15.400   0.000000000   0.006877691  -0.006877691  -0.000000000
         15.600   0.000000000   0.006351975  -0.006351975  -0.000000000
         15.800   0.000000000   0.003480423  -0.003480423  -0.000000000
         16.000   0.000000000  -0.000706950   0.000706950  -0.000000000
         16.200   0.000000000  -0.004894700   0.004894700  -0.000000000
         16.400   0.000000000  -0.007879191   0.007879191  -0.000000000
         16.600   0.000000000  -0.008900591   0.008900591  -0.000000000
         16.800   0.000000000  -0.007820953   0.007820953  -0.000000000
         17.000   0.000000000  -0.005110831   0.005110831  -0.000000000
         17.200   0.000000000  -0.001664390   0.001664390  -0.000000000
         17.400   0.000000000   0.001490059  -0.001490059  -0.000000000
         17.600   0.000000000   0.003493167  -0.003493167  -0.000000000
         17.800   0.000000000   0.003884126  -0.003884126  -0.000000000
         18.000   0.000000000   0.002697821  -0.002697821  -0.000000000
         18.200   0.000000000   0.000413129  -0.000413129  -0.000000000
         18.400   0.000000000  -0.002220367   0.002220367  -0.000000000
         18.600   0.000000000  -0.004417862   0.004417862  -0.000000000
         18.800   0.000000000  -0.005584931   0.005584931  -0.000000000
         19.000   0.000000000  -0.005470081   0.005470081  -0.000000000
         19.200   0.000000000  -0.004207147   0.004207147  -0.000000000
         19.400   0.000000000  -0.002244782   0.002244782  -0.000000000
         19.600   0.000000000  -0.000192586   0.000192586  -0.000000000
         19.800   0.000000000   0.001365449  -0.001365449  -0.000000000
         20.000   0.000000000   0.002034478  -0.002034478  -0.000000000
         20.200   0.000000000   0.001704889  -0.001704889  -0.000000000
         20.400   0.000000000   0.000559345  -0.000559345  -0.000000000
         20.600   0.000000000  -0.001003679   0.001003679  -0.000000000
         20.800   0.000000000  -0.002501148   0.002501148  -0.000000000
         21.000   0.000000000  -0.003509626   0.003509626   0.000000000
         21.200   0.000000000  -0.003780369   0.003780369   0.000000000
         21.400   0.000000000  -0.003295143   0.003295143   0.000000000
         21.600   0.000000000  -0.002251935   0.002251935   0.000000000
         21.800   0.000000000  -0.000990526   0.000990526   0.000000000
         22.000   0.000000000   0.000115882  -0.000115882   0.000000000
         22.200   0.000000000   0.000769383  -0.000769383   0.000000000
         22.400   0.000000000   0.000825538  -0.000825538   0.000000000
         22.600   0.000000000   0.000321414  -0.000321414   0.000000000
         22.800   0.000000000  -0.000550234   0.000550234   0.000000000
         23.000   0.000000000  -0.001508786   0.001508786   0.000000000
         23.200   0.000000000  -0.002272770   0.002272770   0.000000000
         23.400   0.000000000  -0.002639791   0.002639791   0.000000000
         23.600   0.000000000  -0.002537268   0.002537268   0.000000000
         23.800   0.000000000  -0.002032069   0.002032069   0.000000000
         24.000   0.000000000  -0.001299766   0.001299766   0.000000000
         24.200   0.000000000  -0.000565648   0.000565648   0.000000000
         24.400   0.000000000  -0.000036597   0.000036597   0.000000000
         24.600   0.000000000   0.000156050  -0.000156050   0.000000000
         24.800   0.000000000  -0.000012599   0.000012599   0.000000000
         25.000   0.000000000  -0.000462909   0.000462909   0.000000000
         25.200   0.000000000  -0.001042129   0.001042129   0.000000000
         25.400   0.000000000  -0.001573891   0.001573891   0.000000000
         25.600   0.000000000  -0.001910236   0.001910236   0.000000000
         25.800   0.000000000  -0.001971197   0.001971197   0.000000000
         26.000   0.000000000  -0.001761739   0.001761739   0.000000000
         26.200   0.000000000  -0.001363183   0.001363183   0.000000000
         26.400   0.000000000  -0.000903692   0.000903692   0.000000000
         26.600   0.000000000  -0.000517950   0.000517950   0.000000000
         26.800   0.000000000  -0.000308397   0.000308397   0.000000000
         27.000   0.000000000  -0.000318890   0.000318890   0.000000000
         27.200   0.000000000  -0.000527194   0.000527194   0.000000000
         27.400   0.000000000  -0.000856867   0.000856867   0.000000000
         27.600   0.000000000  -0.001203523   0.001203523   0.000000000
         27.800   0.000000000  -0.001466796   0.001466796   0.000000000
         28.000   0.000000000  -0.001578481   0.001578481   0.000000000
         28.200   0.000000000  -0.001519164   0.001519164   0.000000000
         28.400   0.000000000  -0.001319615   0.001319615   0.000000000
         28.600   0.000000000  -0.001047819   0.001047819   0.000000000
         28.800   0.000000000  -0.000786549   0.000786549   0.000000000
         29.000   0.000000000  -0.000608630   0.000608630   0.000000000
         29.200   0.000000000  -0.000557120   0.000557120   0.000000000
         29.400   0.000000000  -0.000635599   0.000635599   0.000000000
         29.600   0.000000000  -0.000810489   0.000810489   0.000000000
         29.800   0.000000000  -0.001023709   0.001023709   0.000000000
         30.000   0.000000000  -0.001211225   0.001211225   0.000000000
         30.200   0.000000000  -0.001321713   0.001321713   0.000000000
         30.400   0.000000000  -0.001330052   0.001330052   0.000000000
         30.600   0.000000000  -0.001242236   0.001242236   0.000000000
         30.800   0.000000000  -0.001091048   0.001091048   0.000000000
         31.000   0.000000000  -0.000924498   0.000924498   0.000000000
         31.200   0.000000000  -0.000790916   0.000790916   0.000000000
         31.400   0.000000000  -0.000725213   0.000725213   0.000000000
         31.600   0.000000000  -0.000740108   0.000740108   0.000000000
         31.800   0.000000000  -0.000824391   0.000824391   0.000000000
         32.000   0.000000000  -0.000948122   0.000948122   0.000000000
         32.200   0.000000000  -0.001072705   0.001072705   0.000000000
         32.400   0.000000000  -0.001162568   0.001162568   0.000000000
         32.600   0.000000000  -0.001194999   0.001194999   0.000000000
         32.800   0.000000000  -0.001165507   0.001165507   0.000000000
         33.000   0.000000000  -0.001087553   0.001087553   0.000000000
         33.200   0.000000000  -0.000987220   0.000987220   0.000000000
         33.400   0.000000000  -0.000894747   0.000894747   0.000000000
         33.600   0.000000000  -0.000835597   0.000835597   0.000000000
         33.800   0.000000000  -0.000823636   0.000823636   0.000000000
         34.000   0.000000000  -0.000858179   0.000858179   0.000000000
         34.200   0.000000000  -0.000925410   0.000925410   0.000000000
         34.400   0.000000000  -0.001003409   0.001003409   0.000000000
         34.600   0.000000000  -0.001069057   0.001069057   0.000000000
         34.800   0.000000000  -0.001104694   0.001104694   0.000000000
         35.000   0.000000000  -0.001102668   0.001102668   0.000000000
         35.200   0.000000000  -0.001066663   0.001066663   0.000000000
         35.400   0.000000000  -0.001009696   0.001009696   0.000000000
         35.600   0.000000000  -0.000949637   0.000949637   0.000000000
         35.800   0.000000000  -0.000903728   0.000903728   0.000000000
         36.000   0.000000000  -0.000883745   0.000883745   0.000000000
         36.200   0.000000000  -0.000893118   0.000893118   0.000000000
         36.400   0.000000000  -0.000926663   0.000926663   0.000000000
         36.600   0.000000000  -0.000972777   0.000972777   0.000000000
         36.800   0.000000000  -0.001017272   0.001017272   0.000000000
         37.000   0.000000000  -0.001047620   0.001047620   0.000000000
         37.200   0.000000000  -0.001056367   0.001056367   0.000000000
         37.400   0.000000000  -0.001042817   0.001042817   0.000000000
         37.600   0.000000000  -0.001012660   0.001012660   0.000000000
         37.800   0.000000000  -0.000975822   0.000975822   0.000000000
         38.000   0.000000000  -0.000943287   0.000943287   0.000000000
         38.200   0.000000000  -0.000923893   0.000923893   0.000000000
         38.400   0.000000000  -0.000922006   0.000922006   0.000000000
         38.600   0.000000000  -0.000936659   0.000936659   0.000000000
         38.800   0.000000000  -0.000962274   0.000962274   0.000000000
         39.000   0.000000000  -0.000990637   0.000990637   0.000000000
         39.200   0.000000000  -0.001013445   0.001013445   0.000000000
         39.400   0.000000000  -0.001024678   0.001024678   0.000000000
         39.600   0.000000000  -0.001022105   0.001022105   0.000000000
         39.800   0.000000000  -0.001007602   0.001007602   0.000000000
         40.000   0.000000000  -0.000986274   0.000986274   0.000000000
         40.200   0.000000000  -0.000964732   0.000964732   0.000000000
         40.400   0.000000000  -0.000949089   0.000949089   0.000000000
         40.600   0.000000000  -0.000943272   0.000943272   0.000000000
         40.800   0.000000000  -0.000948087   0.000948087   0.000000000
         41.000   0.000000000  -0.000961260   0.000961260   0.000000000
         41.200   0.000000000  -0.000978334   0.000978334   0.000000000
         41.400   0.000000000  -0.000994126   0.000994126   0.000000000
         41.600   0.000000000  -0.001004252   0.001004252   0.000000000
         41.800   0.000000000  -0.001006307   0.001006307   0.000000000
         42.000   0.000000000  -0.001000379   0.001000379   0.000000000
         42.200   0.000000000  -0.000988815   0.000988815   0.000000000
         42.400   0.000000000  -0.000975362   0.000975362   0.000000000
         42.600   0.000000000  -0.000963989   0.000963989   0.000000000
         42.800   0.000000000  -0.000957738   0.000957738   0.000000000
         43.000   0.000000000  -0.000957944   0.000957944   0.000000000
         43.200   0.000000000  -0.000963997   0.000963997   0.000000000
         43.400   0.000000000  -0.000973679   0.000973679   0.000000000
         43.600   0.000000000  -0.000983931   0.000983931   0.000000000
         43.800   0.000000000  -0.000991791   0.000991791   0.000000000
         44.000   0.000000000  -0.000995225   0.000995225   0.000000000
         44.200   0.000000000  -0.000993627   0.000993627   0.000000000
         44.400   0.000000000  -0.000987871   0.000987871   0.000000000
         44.600   0.000000000  -0.000979935   0.000979935   0.000000000
         44.800   0.000000000  -0.000972250   0.000972250   0.000000000
         45.000   0.000000000  -0.000966973   0.000966973   0.000000000
         45.200   0.000000000  -0.000965392   0.000965392   0.000000000
         45.400   0.000000000  -0.000967641   0.000967641   0.000000000
         45.600   0.000000000  -0.000972755   0.000972755   0.000000000
         45.800   0.000000000  -0.000979039   0.000979039   0.000000000
         46.000   0.000000000  -0.000984607   0.000984607   0.000000000
         46.200   0.000000000  -0.000987938   0.000987938   0.000000000
         46.400   0.000000000  -0.000988272   0.000988272   0.000000000
         46.600   0.000000000  -0.000985765   0.000985765   0.000000000
         46.800   0.000000000  -0.000981366   0.000981366   0.000000000
         47.000   0.000000000  -0.000976479   0.000976479   0.000000000
         47.200   0.000000000  -0.000972531   0.000972531   0.000000000
         47.400   0.000000000  -0.000970560   0.000970560   0.000000000
         47.600   0.000000000  -0.000970957   0.000970957   0.000000000
         47.800   0.000000000  -0.000973407   0.000973407   0.000000000
         48.000   0.000000000  -0.000977040   0.000977040   0.000000000
         48.200   0.000000000  -0.000980725   0.000980725   0.000000000
         48.400   0.000000000  -0.000983409   0.000983409   0.000000000
         48.600   0.000000000  -0.000984415   0.000984415   0.000000000
         48.800   0.000000000  -0.000983596   0.000983596   0.000000000
         49.000   0.000000000  -0.000981339   0.000981339   0.000000000
         49.200   0.000000000  -0.000978403   0.000978403   0.000000000
         49.400   0.000000000  -0.000975678   0.000975678   0.000000000
         49.600   0.000000000  -0.000973918   0.000973918   0.000000000
         49.800   0.000000000  -0.000973540   0.000973540   0.000000000
         50.000   0.000000000  -0.000974533   0.000974533   0.000000000
         50.200   0.000000000  -0.000976499   0.000976499   0.000000000
         50.400   0.000000000  -0.000978798   0.000978798   0.000000000
         50.600   0.000000000  -0.000980748   0.000980748   0.000000000
         50.800   0.000000000  -0.000981825   0.000981825   0.000000000
         51.000   0.000000000  -0.000981796   0.000981796   0.000000000
         51.200   0.000000000  -0.000980762   0.000980762   0.000000000
         51.400   0.000000000  -0.000979100   0.000979100   0.000000000
         51.600   0.000000000  -0.000977335   0.000977335   0.000000000
         51.800   0.000000000  -0.000975975   0.000975975   0.000000000
         52.000   0.000000000  -0.000975371   0.000975371   0.000000000
         52.200   0.000000000  -0.000975631   0.000975631   0.000000000
         52.400   0.000000000  -0.000976607   0.000976607   0.000000000
         52.600   0.000000000  -0.000977961   0.000977961   0.000000000
         52.800   0.000000000  -0.000979278   0.000979278   0.000000000
         53.000   0.000000000  -0.000980185   0.000980185   0.000000000
         53.200   0.000000000  -0.000980460   0.000980460   0.000000000
         53.400   0.000000000  -0.000980079   0.000980079   0.000000000
         53.600   0.000000000  -0.000979203   0.000979203   0.000000000
         53.800   0.000000000  -0.000978123   0.000978123   0.000000000
         54.000   0.000000000  -0.000977163   0.000977163   0.000000000
         54.200   0.000000000  -0.000976583   0.000976583   0.000000000
         54.400   0.000000000  -0.000976518   0.000976518   0.000000000
         54.600   0.000000000  -0.000976940   0.000976940   0.000000000
         54.800   0.000000000  -0.000977690   0.000977690   0.000000000
         55.000   0.000000000  -0.000978526   0.000978526   0.000000000
         55.200   0.000000000  -0.000979204   0.000979204   0.000000000
         55.400   0.000000000  -0.000979544   0.000979544   0.000000000
         55.600   0.000000000  -0.000979479   0.000979479   0.000000000
         55.800   0.000000000  -0.000979061   0.000979061   0.000000000
         56.000   0.000000000  -0.000978438   0.000978438   0.000000000
         56.200   0.000000000  -0.000977803   0.000977803   0.000000000
         56.400   0.000000000  -0.000977339   0.000977339   0.000000000
         56.600   0.000000000  -0.000977162   0.000977162   0.000000000
         56.800   0.000000000  -0.000977297   0.000977297   0.000000000
         57.000   0.000000000  -0.000977681   0.000977681   0.000000000
         57.200   0.000000000  -0.000978183   0.000978183   0.000000000
         57.400   0.000000000  -0.000978650   0.000978650   0.000000000
         57.600   0.000000000  -0.000978953   0.000978953   0.000000000
         57.800   0.000000000  -0.000979020   0.000979020   0.000000000
         58.000   0.000000000  -0.000978851   0.000978851   0.000000000
         58.200   0.000000000  -0.000978515   0.000978515   0.000000000
         58.400   0.000000000  -0.000978120   0.000978120   0.000000000
         58.600   0.000000000  -0.000977784   0.000977784   0.000000000
         58.800   0.000000000  -0.000977596   0.000977596   0.000000000
         59.000   0.000000000  -0.000977598   0.000977598   0.000000000
         59.200   0.000000000  -0.000977773   0.000977773   0.000000000
         59.400   0.000000000  -0.000978057   0.000978057   0.000000000
         59.600   0.000000000  -0.000978359   0.000978359   0.000000000
         59.800   0.000000000  -0.000978593   0.000978593   0.000000000
         60.000   0.000000000  -0.000978698   0.000978698   0.000000000
         60.200   0.000000000  -0.000978654   0.000978654   0.000000000
         60.400   0.000000000  -0.000978488   0.000978488   0.000000000
         60.600   0.000000000  -0.000978255   0.000978255   0.000000000
         60.800   0.000000000  -0.000978029   0.000978029   0.000000000
         61.000   0.000000000  -0.000977872   0.000977872   0.000000000
         61.200   0.000000000  -0.000977823   0.000977823   0.000000000
         61.400   0.000000000  -0.000977887   0.000977887   0.000000000
         61.600   0.000000000  -0.000978036   0.000978036   0.000000000
         61.800   0.000000000  -0.000978221   0.000978221   0.000000000
         62.000   0.000000000  -0.000978386   0.000978386   0.000000000
         62.200   0.000000000  -0.000978486   0.000978486   0.000000000
         62.400   0.000000000  -0.000978498   0.000978498   0.000000000
         62.600   0.000000000  -0.000978426   0.000978426   0.000000000
         62.800   0.000000000  -0.000978298   0.000978298   0.000000000
         63.000   0.000000000  -0.000978154   0.000978154   0.000000000
         63.200   0.000000000  -0.000978037   0.000978037   0.000000000
         63.400   0.000000000  -0.000977978   0.000977978   0.000000000
         63.600   0.000000000  -0.000977988   0.000977988   0.000000000
         63.800   0.000000000  -0.000978059   0.000978059   0.000000000
         64.000   0.000000000  -0.000978165   0.000978165   0.000000000
         64.200   0.000000000  -0.000978274   0.000978274   0.000000000
         64.400   0.000000000  -0.000978354   0.000978354   0.000000000
         64.600   0.000000000  -0.000978385   0.000978385   0.000000000
         64.800   0.000000000  -0.000978362   0.000978362   0.000000000
         65.000   0.000000000  -0.000978297   0.000978297   0.000000000
         65.200   0.000000000  -0.000978211   0.000978211   0.000000000
         65.400   0.000000000  -0.000978130   0.000978130   0.000000000
         65.600   0.000000000  -0.000978078   0.000978078   0.000000000
         65.800   0.000000000  -0.000978066   0.000978066   0.000000000
         66.000   0.000000000  -0.000978094   0.000978094   0.000000000
         66.200   0.000000000  -0.000978151   0.000978151   0.000000000
         66.400   0.000000000  -0.000978219   0.000978219   0.000000000
         66.600   0.000000000  -0.000978277   0.000978277   0.000000000
         66.800   0.000000000  -0.000978309   0.000978309   0.000000000
         67.000   0.000000000  -0.000978309   0.000978309   0.000000000
         67.200   0.000000000  -0.000978279   0.000978279   0.000000000
         67.400   0.000000000  -0.000978231   0.000978231   0.000000000
         67.600   0.000000000  -0.000978179   0.000978179   0.000000000
         67.800   0.000000000  -0.000978139   0.000978139   0.000000000
         68.000   0.000000000  -0.000978120   0.000978120   0.000000000
         68.200   0.000000000  -0.000978127   0.000978127   0.000000000
         68.400   0.000000000  -0.000978156   0.000978156   0.000000000
         68.600   0.000000000  -0.000978195   0.000978195   0.000000000
         68.800   0.000000000  -0.000978234   0.000978234   0.000000000
         69.000   0.000000000  -0.000978261   0.000978261   0.000000000
         69.200   0.000000000  -0.000978270   0.000978270   0.000000000
         69.400   0.000000000  -0.000978259   0.000978259   0.000000000
         69.600   0.000000000  -0.000978234   0.000978234   0.000000000
         69.800   0.000000000  -0.000978202   0.000978202   0.000000000
         70.000   0.000000000  -0.000978174   0.000978174   0.000000000
         70.200   0.000000000  -0.000978156   0.000978156   0.000000000
         70.400   0.000000000  -0.000978154   0.000978154   0.000000000
         70.600   0.000000000  -0.000978166   0.000978166   0.000000000
         70.800   0.000000000  -0.000978188   0.000978188   0.000000000
         71.000   0.000000000  -0.000978213   0.000978213   0.000000000
         71.200   0.000000000  -0.000978233   0.000978233   0.000000000
         71.400   0.000000000  -0.000978243   0.000978243   0.000000000
         71.600   0.000000000  -0.000978241   0.000978241   0.000000000
         71.800   0.000000000  -0.000978229   0.000978229   0.000000000
         72.000   0.000000000  -0.000978211   0.000978211   0.000000000
         72.200   0.000000000  -0.000978192   0.000978192   0.000000000
         72.400   0.000000000  -0.000978179   0.000978179   0.000000000
         72.600   0.000000000  -0.000978173   0.000978173   0.000000000
         72.800   0.000000000  -0.000978177   0.000978177   0.000000000
         73.000   0.000000000  -0.000978188   0.000978188   0.000000000
         73.200   0.000000000  -0.000978203   0.000978203   0.000000000
         73.400   0.000000000  -0.000978217   0.000978217   0.000000000
         73.600   0.000000000  -0.000978226   0.000978226   0.000000000
         73.800   0.000000000  -0.000978228   0.000978228   0.000000000
         74.000   0.000000000  -0.000978223   0.000978223   0.000000000
         74.200   0.000000000  -0.000978213   0.000978213   0.000000000
         74.400   0.000000000  -0.000978202   0.000978202   0.000000000
         74.600   0.000000000  -0.000978192   0.000978192   0.000000000
         74.800   0.000000000  -0.000978186   0.000978186   0.000000000
         75.000   0.000000000  -0.000978186   0.000978186   0.000000000
         75.200   0.000000000  -0.000978191   0.000978191   0.000000000
         75.400   0.000000000  -0.000978199   0.000978199   0.000000000
         75.600   0.000000000  -0.000978208   0.000978208   0.000000000
         75.800   0.000000000  -0.000978215   0.000978215   0.000000000
         76.000   0.000000000  -0.000978218   0.000978218   0.000000000
         76.200   0.000000000  -0.000978217   0.000978217   0.000000000
         76.400   0.000000000  -0.000978212   0.000978212   0.000000000
         76.600   0.000000000  -0.000978206   0.000978206   0.000000000
         76.800   0.000000000  -0.000978199   0.000978199   0.000000000
         77.000   0.000000000  -0.000978194   0.000978194   0.000000000
         77.200   0.000000000  -0.000978193   0.000978193   0.000000000
         77.400   0.000000000  -0.000978195   0.000978195   0.000000000
         77.600   0.000000000  -0.000978199   0.000978199   0.000000000
         77.800   0.000000000  -0.000978204   0.000978204   0.000000000
         78.000   0.000000000  -0.000978209   0.000978209   0.000000000
         78.200   0.000000000  -0.000978212   0.000978212   0.000000000
         78.400   0.000000000  -0.000978213   0.000978213   0.000000000
         78.600   0.000000000  -0.000978211   0.000978211   0.000000000
         78.800   0.000000000  -0.000978207   0.000978207   0.000000000
         79.000   0.000000000  -0.000978203   0.000978203   0.000000000
         79.200   0.000000000  -0.000978199   0.000978199   0.000000000
         79.400   0.000000000  -0.000978197   0.000978197   0.000000000
         79.600   0.000000000  -0.000978198   0.000978198   0.000000000
         79.800   0.000000000  -0.000978200   0.000978200   0.000000000
         80.000   0.000000000  -0.000978203   0.000978203   0.000000000
         80.200   0.000000000  -0.000978206   0.000978206   0.000000000
         80.400   0.000000000  -0.000978208   0.000978208   0.000000000
         80.600   0.000000000  -0.000978209   0.000978209   0.000000000
         80.800   0.000000000  -0.000978209   0.000978209   0.000000000
         81.000   0.000000000  -0.000978207   0.000978207   0.000000000
         81.200   0.000000000  -0.000978204   0.000978204   0.000000000
         81.400   0.000000000  -0.000978202   0.000978202   0.000000000
         81.600   0.000000000  -0.000978200   0.000978200   0.000000000
         81.800   0.000000000  -0.000978200   0.000978200   0.000000000
         82.000   0.000000000  -0.000978201   0.000978201   0.000000000
         82.200   0.000000000  -0.000978202   0.000978202   0.000000000
         82.400   0.000000000  -0.000978204   0.000978204   0.000000000
         82.600   0.000000000  -0.000978206   0.000978206   0.000000000
         82.800   0.000000000  -0.000978207   0.000978207   0.000000000
         83.000   0.000000000  -0.000978207   0.000978207   0.000000000
         83.200   0.000000000  -0.000978206   0.000978206   0.000000000
         83.400   0.000000000  -0.000978205   0.000978205   0.000000000
         83.600   0.000000000  -0.000978203   0.000978203   0.000000000
         83.800   0.000000000  -0.000978202   0.000978202   0.000000000
         84.000   0.000000000  -0.000978202   0.000978202   0.000000000
         84.200   0.000000000  -0.000978202   0.000978202   0.000000000
         84.400   0.000000000  -0.000978203   0.000978203   0.000000000
         84.600   0.000000000  -0.000978204   0.000978204   0.000000000
         84.800   0.000000000  -0.000978205   0.000978205   0.000000000
         85.000   0.000000000  -0.000978206   0.000978206   0.000000000
         85.200   0.000000000  -0.000978206   0.000978206   0.000000000
         85.400   0.000000000  -0.000978206   0.000978206   0.000000000
         85.600   0.000000000  -0.000978205   0.000978205   0.000000000
         85.800   0.000000000  -0.000978204   0.000978204   0.000000000
         86.000   0.000000000  -0.000978203   0.000978203   0.000000000
         86.200   0.000000000  -0.000978203   0.000978203   0.000000000
         86.400   0.000000000  -0.000978203   0.000978203   0.000000000
         86.600   0.000000000  -0.000978203   0.000978203   0.000000000
         86.800   0.000000000  -0.000978203   0.000978204   0.000000000
         87.000   0.000000000  -0.000978204   0.000978204   0.000000000
         87.200   0.000000000  -0.000978205   0.000978205   0.000000000
         87.400   0.000000000  -0.000978205   0.000978205   0.000000000
         87.600   0.000000000  -0.000978205   0.000978205   0.000000000
         87.800   0.000000000  -0.000978205   0.000978205   0.000000000
         88.000   0.000000000  -0.000978204   0.000978204   0.000000000
         88.200   0.000000000  -0.000978204   0.000978204   0.000000000
         88.400   0.000000000  -0.000978203   0.000978203   0.000000000
         88.600   0.000000000  -0.000978203   0.000978203   0.000000000
         88.800   0.000000000  -0.000978203   0.000978203   0.000000000
         89.000   0.000000000  -0.000978204   0.000978204   0.000000000
         89.200   0.000000000  -0.000978204   0.000978204   0.000000000
         89.400   0.000000000  -0.000978204   0.000978204   0.000000000
         89.600   0.000000000  -0.000978205   0.000978205   0.000000000
         89.800   0.000000000  -0.000978205   0.000978205   0.000000000
         90.000   0.000000000  -0.000978205   0.000978205   0.000000000
         90.200   0.000000000  -0.000978204   0.000978204   0.000000000
         90.400   0.000000000  -0.000978204   0.000978204   0.000000000
         90.600   0.000000000  -0.000978204   0.000978204   0.000000000
         90.800   0.000000000  -0.000978203   0.000978203   0.000000000
         91.000   0.000000000  -0.000978203   0.000978203   0.000000000
         91.200   0.000000000  -0.000978204   0.000978204   0.000000000
         91.400   0.000000000  -0.000978204   0.000978204   0.000000000
         91.600   0.000000000  -0.000978204   0.000978204   0.000000000
         91.800   0.000000000  -0.000978204   0.000978204   0.000000000
         92.000   0.000000000  -0.000978204   0.000978204   0.000000000
         92.200   0.000000000  -0.000978204   0.000978204   0.000000000
         92.400   0.000000000  -0.000978204   0.000978204   0.000000000
         92.600   0.000000000  -0.000978204   0.000978204   0.000000000
         92.800   0.000000000  -0.000978204   0.000978204   0.000000000
         93.000   0.000000000  -0.000978204   0.000978204   0.000000000
         93.200   0.000000000  -0.000978204   0.000978204   0.000000000
         93.400   0.000000000  -0.000978204   0.000978204   0.000000000
         93.600   0.000000000  -0.000978204   0.000978204   0.000000000
         93.800   0.000000000  -0.000978204   0.000978204   0.000000000
         94.000   0.000000000  -0.000978204   0.000978204   0.000000000
         94.200   0.000000000  -0.000978204   0.000978204   0.000000000
         94.400   0.000000000  -0.000978204   0.000978204   0.000000000
         94.600   0.000000000  -0.000978204   0.000978204   0.000000000
         94.800   0.000000000  -0.000978204   0.000978204   0.000000000
         95.000   0.000000000  -0.000978204   0.000978204   0.000000000
         95.200   0.000000000  -0.000978204   0.000978204   0.000000000
         95.400   0.000000000  -0.000978204   0.000978204   0.000000000
         95.600   0.000000000  -0.000978204   0.000978204   0.000000000
         95.800   0.000000000  -0.000978204   0.000978204   0.000000000
         96.000   0.000000000  -0.000978204   0.000978204   0.000000000
         96.200   0.000000000  -0.000978204   0.000978204   0.000000000
         96.400   0.000000000  -0.000978204   0.000978204   0.000000000
         96.600   0.000000000  -0.000978204   0.000978204   0.000000000
         96.800   0.000000000  -0.000978204   0.000978204   0.000000000
         97.000   0.000000000  -0.000978204   0.000978204   0.000000000
         97.200   0.000000000  -0.000978204   0.000978204   0.000000000
         97.400   0.000000000  -0.000978204   0.000978204   0.000000000
         97.600   0.000000000  -0.000978204   0.000978204   0.000000000
         97.800   0.000000000  -0.000978204   0.000978204   0.000000000
         98.000   0.000000000  -0.000978204   0.000978204   0.000000000
         98.200   0.000000000  -0.000978204   0.000978204   0.000000000
         98.400   0.000000000  -0.000978204   0.000978204   0.000000000
         98.600   0.000000000  -0.000978204   0.000978204   0.000000000
         98.800   0.000000000  -0.000978204   0.000978204   0.000000000
         99.000   0.000000000  -0.000978204   0.000978204   0.000000000
         99.200   0.000000000  -0.000978204   0.000978204   0.000000000
         99.400   0.000000000  -0.000978204   0.000978204   0.000000000
         99.600   0.000000000  -0.000978204   0.000978204   0.000000000
         99.800   0.000000000  -0.000978204   0.000978204   0.000000000
        100.000   0.000000000  -0.000978204   0.000978204   0.000000000
        100.200   0.000000000  -0.000978204   0.000978204   0.000000000
        100.400   0.000000000  -0.000978204   0.000978204   0.000000000
        100.600   0.000000000  -0.000978204   0.000978204   0.000000000
        100.800   0.000000000  -0.000978204   0.000978204   0.000000000
        101.000   0.000000000  -0.000978204   0.000978204   0.000000000
        101.200   0.000000000  -0.000978204   0.000978204   0.000000000
        101.400   0.000000000  -0.000978204   0.000978204   0.000000000
        101.600   0.000000000  -0.000978204   0.000978204   0.000000000
        101.800   0.000000000  -0.000978204   0.000978204   0.000000000
        102.000   0.000000000  -0.000978204   0.000978204   0.000000000
        102.200   0.000000000  -0.000978204   0.000978204   0.000000000
        102.400   0.000000000  -0.000978204   0.000978204   0.000000000
        102.600   0.000000000  -0.000978204   0.000978204   0.000000000
        102.800   0.000000000  -0.000978204   0.000978204   0.000000000
        103.000   0.000000000  -0.000978204   0.000978204   0.000000000
        103.200   0.000000000  -0.000978204   0.000978204   0.000000000
        103.400   0.000000000  -0.000978204   0.000978204   0.000000000
        103.600   0.000000000  -0.000978204   0.000978204   0.000000000
        103.800   0.000000000  -0.000978204   0.000978204   0.000000000
        104.000   0.000000000  -0.000978204   0.000978204   0.000000000
        104.200   0.000000000  -0.000978204   0.000978204   0.000000000
        104.400   0.000000000  -0.000978204   0.000978204   0.000000000
        104.600   0.000000000  -0.000978204   0.000978204   0.000000000
        104.800   0.000000000  -0.000978204   0.000978204   0.000000000
        105.000   0.000000000  -0.000978204   0.000978204   0.000000000
        105.200   0.000000000  -0.000978204   0.000978204   0.000000000
        105.400   0.000000000  -0.000978204   0.000978204   0.000000000
        105.600   0.000000000  -0.000978204   0.000978204   0.000000000
        105.800   0.000000000  -0.000978204   0.000978204   0.000000000
        106.000   0.000000000  -0.000978204   0.000978204   0.000000000
        106.200   0.000000000  -0.000978204   0.000978204   0.000000000
        106.400   0.000000000  -0.000978204   0.000978204   0.000000000
        106.600   0.000000000  -0.000978204   0.000978204   0.000000000
        106.800   0.000000000  -0.000978204   0.000978204   0.000000000
        107.000   0.000000000  -0.000978204   0.000978204   0.000000000
        107.200   0.000000000  -0.000978204   0.000978204   0.000000000
        107.400   0.000000000  -0.000978204   0.000978204   0.000000000
        107.600   0.000000000  -0.000978204   0.000978204   0.000000000
        107.800   0.000000000  -0.000978204   0.000978204   0.000000000
        108.000   0.000000000  -0.000978204   0.000978204   0.000000000
        108.200   0.000000000  -0.000978204   0.000978204   0.000000000
        108.400   0.000000000  -0.000978204   0.000978204   0.000000000
        108.600   0.000000000  -0.000978204   0.000978204   0.000000000
        108.800   0.000000000  -0.000978204   0.000978204   0.000000000
        109.000   0.000000000  -0.000978204   0.000978204   0.000000000
        109.200   0.000000000  -0.000978204   0.000978204   0.000000000
        109.400   0.000000000  -0.000978204   0.000978204   0.000000000
        109.600   0.000000000  -0.000978204   0.000978204   0.000000000
        109.800   0.000000000  -0.000978204   0.000978204   0.000000000
        110.000   0.000000000  -0.000978204   0.000978204   0.000000000
        110.200   0.000000000  -0.000978204   0.000978204   0.000000000
        110.400   0.000000000  -0.000978204   0.000978204   0.000000000
        110.600   0.000000000  -0.000978204   0.000978204   0.000000000
        110.800   0.000000000  -0.000978204   0.000978204   0.000000000
        111.000   0.000000000  -0.000978204   0.000978204   0.000000000
        111.200   0.000000000  -0.000978204   0.000978204   0.000000000
        111.400   0.000000000  -0.000978204   0.000978204   0.000000000
        111.600   0.000000000  -0.000978204   0.000978204   0.000000000
        111.800   0.000000000  -0.000978204   0.000978204   0.000000000
        112.000   0.000000000  -0.000978204   0.000978204   0.000000000
        112.200   0.000000000  -0.000978204   0.000978204   0.000000000
        112.400   0.000000000  -0.000978204   0.000978204   0.000000000
        112.600   0.000000000  -0.000978204   0.000978204   0.000000000
        112.800   0.000000000  -0.000978204   0.000978204   0.000000000
        113.000   0.000000000  -0.000978204   0.000978204   0.000000000
        113.200   0.000000000  -0.000978204   0.000978204   0.000000000
        113.400   0.000000000  -0.000978204   0.000978204   0.000000000
        113.600   0.000000000  -0.000978204   0.000978204   0.000000000
        113.800   0.000000000  -0.000978204   0.000978204   0.000000000
        114.000   0.000000000  -0.000978204   0.000978204   0.000000000
        114.200   0.000000000  -0.000978204   0.000978204   0.000000000
        114.400   0.000000000  -0.000978204   0.000978204   0.000000000
        114.600   0.000000000  -0.000978204   0.000978204   0.000000000
        114.800   0.000000000  -0.000978204   0.000978204   0.000000000
        115.000   0.000000000  -0.000978204   0.000978204   0.000000000
        115.200   0.000000000  -0.000978204   0.000978204   0.000000000
        115.400   0.000000000  -0.000978204   0.000978204   0.000000000
        115.600   0.000000000  -0.000978204   0.000978204   0.000000000
        115.800   0.000000000  -0.000978204   0.000978204   0.000000000
        116.000   0.000000000  -0.000978204   0.000978204   0.000000000
        116.200   0.000000000  -0.000978204   0.000978204   0.000000000
        116.400   0.000000000  -0.000978204   0.000978204   0.000000000
        116.600   0.000000000  -0.000978204   0.000978204   0.000000000
        116.800   0.000000000  -0.000978204   0.000978204   0.000000000
        117.000   0.000000000  -0.000978204   0.000978204   0.000000000
        117.200   0.000000000  -0.000978204   0.000978204   0.000000000
        117.400   0.000000000  -0.000978204   0.000978204   0.000000000
        117.600   0.000000000  -0.000978204   0.000978204   0.000000000
        117.800   0.000000000  -0.000978204   0.000978204   0.000000000
        118.000   0.000000000  -0.000978204   0.000978204   0.000000000
        118.200   0.000000000  -0.000978204   0.000978204   0.000000000
        118.400   0.000000000  -0.000978204   0.000978204   0.000000000
        118.600   0.000000000  -0.000978204   0.000978204   0.000000000
        118.800   0.000000000  -0.000978204   0.000978204   0.000000000
        119.000   0.000000000  -0.000978204   0.000978204   0.000000000
        119.200   0.000000000  -0.000978204   0.000978204   0.000000000
        119.400   0.000000000  -0.000978204   0.000978204   0.000000000
        119.600   0.000000000  -0.000978204   0.000978204   0.000000000
        119.800   0.000000000  -0.000978204   0.000978204   0.000000000
        120.000   0.000000000  -0.000978204   0.000978204   0.000000000
