          0.075   0.000000000  -0.056766350   0.056766350   0.000000000
          0.150   0.000000000  -0.063555491   0.063555491   0.000000000
          0.225   0.000000000  -0.062048467   0.062048467   0.000000000
          0.300  -0.000000000  -0.059993782   0.059993782   0.000000000
          0.375   0.000000000  -0.057971079   0.057971079  -0.000000000
          0.450   0.000000000  -0.056305090   0.056305090  -0.000000000
          0.525  -0.000000000  -0.055014434   0.055014434   0.000000000
          0.600  -0.000000000  -0.053964247   0.053964247   0.000000000
          0.675   0.000000000  -0.053051551   0.053051551  -0.000000000
          0.750   0.000000000  -0.052222908   0.052222908  -0.000000000
          0.825   0.000000000  -0.051450148   0.051450148   0.000000000
          0.900   0.000000000  -0.050711565   0.050711565  -0.000000000
          0.975   0.000000000  -0.049980609   0.049980609  -0.000000000
          1.050   0.000000000  -0.049248112   0.049248112  -0.000000000
          1.125   0.000000000  -0.048516527   0.048516527  -0.000000000
          1.200   0.000000000  -0.047789079   0.047789079  -0.000000000
          1.275   0.000000000  -0.047068725   0.047068725  -0.000000000
          1.350   0.000000000  -0.046357561   0.046357561  -0.000000000
          1.425   0.000000000  -0.045656653   0.045656653  -0.000000000
          1.500   0.000000000  -0.044966343   0.044966343  -0.000000000
          1.575   0.000000000  -0.044286611   0.044286611  -0.000000000
          1.650   0.000000000  -0.043617294   0.043617294  -0.000000000
          1.725   0.000000000  -0.042958215   0.042958215  -0.000000000
          1.800   0.000000000  -0.042309146   0.042309146  -0.000000000
          1.875   0.000000000  -0.041669865   0.041669865  -0.000000000
          1.950   0.000000000  -0.041040181   0.041040181  -0.000000000
          2.025   0.000000000  -0.040419933   0.040419933  -0.000000000
          2.100   0.000000000  -0.039808976   0.039808976  -0.000000000
          2.175   0.000000000  -0.039207173   0.039207173  -0.000000000
          2.250   0.000000000  -0.038614391   0.038614391  -0.000000000
          2.325   0.000000000  -0.038030499   0.038030499  -0.000000000
          2.400   0.000000000  -0.037455367   0.037455367  -0.000000000
          2.475   0.000000000  -0.036888865   0.036888865  -0.000000000
          2.550   0.000000000  -0.036330863   0.036330863  -0.000000000
          2.625   0.000000000  -0.035781236   0.035781236  -0.000000000
          2.700   0.000000000  -0.035239857   0.035239857  -0.000000000
          2.775   0.000000000  -0.034706603   0.034706603  -0.000000000
          2.850   0.000000000  -0.034181351   0.034181351  -0.000000000
          2.925   0.000000000  -0.033663981   0.033663981  -0.000000000
          3.000   0.000000000  -0.033154375   0.033154375  -0.000000000
          3.075   0.000000000  -0.032652417   0.032652417  -0.000000000
          3.150   0.000000000  -0.032157992   0.032157992  -0.000000000
          3.225   0.000000000  -0.031670986   0.031670986  -0.000000000
          3.300   0.000000000  -0.031191289   0.031191289   0.000000000
          3.375   0.000000000  -0.030718790   0.030718790  -0.000000000
          3.450   0.000000000  -0.030253382   0.030253382  -0.000000000
          3.525   0.000000000  -0.029794958   0.029794958  -0.000000000
          3.600   0.000000000  -0.029343414   0.029343414  -0.000000000
          3.675   0.000000000  -0.028898646   0.028898646  -0.000000000
          3.750   0.000000000  -0.028460552   0.028460552  -0.000000000
          3.825   0.000000000  -0.028029033   0.028029033  -0.000000000
          3.900   0.000000000  -0.027603989   0.027603989   0.000000000
          3.975   0.000000000  -0.027185324   0.027185324   0.000000000
          4.050   0.000000000  -0.026772942   0.026772942   0.000000000
          4.125   0.000000000  -0.026366748   0.026366748   0.000000000
          4.200   0.000000000  -0.025966650   0.025966650  -0.000000000
          4.275   0.000000000  -0.025572556   0.025572556  -0.000000000
          4.350   0.000000000  -0.025184377   0.025184377   0.000000000
          4.425   0.000000000  -0.024802022   0.024802022   0.000000000
          4.500   0.000000000  -0.024425405   0.024425405   0.000000000
          4.575   0.000000000  -0.024054441   0.024054441   0.000000000
          4.650   0.000000000  -0.023689043   0.023689043   0.000000000
          4.725   0.000000000  -0.023329128   0.023329128   0.000000000
          4.800   0.000000000  -0.022974615   0.022974615   0.000000000
          4.875   0.000000000  -0.022625422   0.022625422   0.000000000
          4.950   0.000000000  -0.022281469   0.022281469   0.000000000
          5.025   0.000000000  -0.021942678   0.021942678   0.000000000
          5.100   0.000000000  -0.021608970   0.021608970   0.000000000
          5.175   0.000000000  -0.021280271   0.021280271   0.000000000
          5.250   0.000000000  -0.020956505   0.020956505   0.000000000
          5.325   0.000000000  -0.020637597   0.020637597   0.000000000
          5.400   0.000000000  -0.020323475   0.020323475   0.000000000
          5.475   0.000000000  -0.020014066   0.020014066   0.000000000
          5.550   0.000000000  -0.019709301   0.019709301   0.000000000
          5.625   0.000000000  -0.019409110   0.019409110   0.000000000
          5.700   0.000000000  -0.019113423   0.019113423   0.000000000
          5.775   0.000000000  -0.018822174   0.018822174   0.000000000
          5.850   0.000000000  -0.018535296   0.018535296   0.000000000
          5.925   0.000000000  -0.018252722   0.018252722   0.000000000
          6.000   0.000000000  -0.017974389   0.017974389   0.000000000
          6.075   0.000000000  -0.017700233   0.017700233   0.000000000
          6.150   0.000000000  -0.017430191   0.017430191   0.000000000
          6.225   0.000000000  -0.017164202   0.017164202   0.000000000
          6.300   0.000000000  -0.016902204   0.016902204   0.000000000
          6.375   0.000000000  -0.016644138   0.016644138   0.000000000
          6.450   0.000000000  -0.016389945   0.016389945   0.000000000
          6.525   0.000000000  -0.016139566   0.016139566   0.000000000
          6.600   0.000000000  -0.015892945   0.015892945   0.000000000
          6.675   0.000000000  -0.015650024   0.015650024   0.000000000
          6.750   0.000000000  -0.015410749   0.015410749   0.000000000
          6.825   0.000000000  -0.015175065   0.015175065   0.000000000
          6.900   0.000000000  -0.014942918   0.014942918   0.000000000
          6.975   0.000000000  -0.014714254   0.014714254   0.000000000
          7.050   0.000000000  -0.014489022   0.014489022   0.000000000
          7.125   0.000000000  -0.014267170   0.014267170   0.000000000
          7.200   0.000000000  -0.014048647   0.014048647   0.000000000
          7.275   0.000000000  -0.013833404   0.013833404   0.000000000
          7.350   0.000000000  -0.013621390   0.013621390   0.000000000
          7.425   0.000000000  -0.013412559   0.013412559   0.000000000
          7.500   0.000000000  -0.013206861   0.013206861   0.000000000
          7.575   0.000000000  -0.013004250   0.013004250   0.000000000
          7.650   0.000000000  -0.012804679   0.012804679   0.000000000
          7.725   0.000000000  -0.012608104   0.012608104   0.000000000
          7.800   0.000000000  -0.012414478   0.012414478   0.000000000
          7.875   0.000000000  -0.012223758   0.012223758   0.000000000
          7.950   0.000000000  -0.012035901   0.012035901   0.000000000
          8.025   0.000000000  -0.011850862   0.011850862   0.000000000
          8.100   0.000000000  -0.011668600   0.011668600   0.000000000
          8.175   0.000000000  -0.011489073   0.011489073   0.000000000
          8.250   0.000000000  -0.011312241   0.011312241   0.000000000
          8.325   0.000000000  -0.011138062   0.011138062   0.000000000
          8.400   0.000000000  -0.010966497   0.010966497   0.000000000
          8.475   0.000000000  -0.010797506   0.010797506   0.000000000
          8.550   0.000000000  -0.010631052   0.010631052   0.000000000
          8.625   0.000000000  -0.010467096   0.010467096   0.000000000
          8.700   0.000000000  -0.010305600   0.010305600   0.000000000
          8.775   0.000000000  -0.010146527   0.010146527   0.000000000
          8.850   0.000000000  -0.009989842   0.009989842   0.000000000
          8.925   0.000000000  -0.009835508   0.009835508   0.000000000
          9.000   0.000000000  -0.009683490   0.009683490   0.000000000
          9.075   0.000000000  -0.009533753   0.009533753   0.000000000
          9.150   0.000000000  -0.009386263   0.009386263   0.000000000
          9.225   0.000000000  -0.009240987   0.009240987   0.000000000
          9.300   0.000000000  -0.009097891   0.009097891   0.000000000
          9.375   0.000000000  -0.008956942   0.008956942   0.000000000
          9.450   0.000000000  -0.008818109   0.008818109   0.000000000
          9.525   0.000000000  -0.008681359   0.008681359   0.000000000
          9.600   0.000000000  -0.008546661   0.008546661   0.000000000
          9.675   0.000000000  -0.008413984   0.008413984   0.000000000
          9.750   0.000000000  -0.008283299   0.008283299   0.000000000
          9.825   0.000000000  -0.008154574   0.008154574   0.000000000
          9.900   0.000000000  -0.008027782   0.008027782   0.000000000
          9.975   0.000000000  -0.007902892   0.007902892   0.000000000
         10.050   0.000000000  -0.007779876   0.007779876   0.000000000
         10.125   0.000000000  -0.007658707   0.007658707   0.000000000
         10.200   0.000000000  -0.007539355   0.007539355   0.000000000
         10.275   0.000000000  -0.007421795   0.007421795   0.000000000
         10.350   0.000000000  -0.007305999   0.007305999   0.000000000
         10.425   0.000000000  -0.007191941   0.007191941   0.000000000
         10.500   0.000000000  -0.007079594   0.007079594   0.000000000
         10.575   0.000000000  -0.006968934   0.006968934   0.000000000
         10.650   0.000000000  -0.006859934   0.006859934   0.000000000
         10.725   0.000000000  -0.006752569   0.006752569   0.000000000
         10.800   0.000000000  -0.006646816   0.006646816   0.000000000
         10.875   0.000000000  -0.006542650   0.006542650   0.000000000
         10.950   0.000000000  -0.006440047   0.006440047   0.000000000
         11.025   0.000000000  -0.006338984   0.006338984   0.000000000
         11.100   0.000000000  -0.006239438   0.006239438   0.000000000
         11.175   0.000000000  -0.006141385   0.006141385   0.000000000
         11.250   0.000000000  -0.006044804   0.006044804   0.000000000
         11.325   0.000000000  -0.005949672   0.005949672   0.000000000
         11.400   0.000000000  -0.005855968   0.005855968   0.000000000
         11.475   0.000000000  -0.005763670   0.005763670   0.000000000
         11.550   0.000000000  -0.005672757   0.005672757   0.000000000
         11.625   0.000000000  -0.005583208   0.005583208   0.000000000
         11.700   0.000000000  -0.005495004   0.005495004   0.000000000
         11.775   0.000000000  -0.005408122   0.005408122   0.000000000
         11.850   0.000000000  -0.005322545   0.005322545   0.000000000
         11.925   0.000000000  -0.005238252   0.005238252   0.000000000
         12.000   0.000000000  -0.005155224   0.005155224   0.000000000
         12.075   0.000000000  -0.005073442   0.005073442   0.000000000
         12.150   0.000000000  -0.004992887   0.004992887   0.000000000
         12.225   0.000000000  -0.004913541   0.004913541   0.000000000
         12.300   0.000000000  -0.004835386   0.004835386   0.000000000
         12.375   0.000000000  -0.004758403   0.004758403   0.000000000
         12.450   0.000000000  -0.004682576   0.004682576   0.000000000
         12.525   0.000000000  -0.004607887   0.004607887   0.000000000
         12.600   0.000000000  -0.004534319   0.004534319   0.000000000
         12.675   0.000000000  -0.004461854   0.004461854   0.000000000
         12.750   0.000000000  -0.004390477   0.004390477   0.000000000
         12.825   0.000000000  -0.004320172   0.004320172   0.000000000
         12.900   0.000000000  -0.004250921   0.004250921   0.000000000
         12.975   0.000000000  -0.004182710   0.004182710   0.000000000
         13.050   0.000000000  -0.004115522   0.004115522   0.000000000
         13.125   0.000000000  -0.004049342   0.004049342   0.000000000
         13.200   0.000000000  -0.003984156   0.003984156   0.000000000
         13.275   0.000000000  -0.003919947   0.003919947   0.000000000
         13.350   0.000000000  -0.003856703   0.003856703   0.000000000
         13.425   0.000000000  -0.003794407   0.003794407   0.000000000
         13.500   0.000000000  -0.003733047   0.003733047   0.000000000
         13.575   0.000000000  -0.003672607   0.003672607   0.000000000
         13.650   0.000000000  -0.003613074   0.003613074   0.000000000
         13.725   0.000000000  -0.003554434   0.003554434   0.000000000
         13.800   0.000000000  -0.003496675   0.003496675   0.000000000
         13.875   0.000000000  -0.003439782   0.003439782   0.000000000
         13.950   0.000000000  -0.003383743   0.003383743   0.000000000
         14.025   0.000000000  -0.003328545   0.003328545   0.000000000
         14.100   0.000000000  -0.003274176   0.003274176   0.000000000
         14.175   0.000000000  -0.003220622   0.003220622   0.000000000
         14.250   0.000000000  -0.003167872   0.003167872   0.000000000
         14.325   0.000000000  -0.003115913   0.003115913   0.000000000
         14.400   0.000000000  -0.003064735   0.003064735   0.000000000
         14.475   0.000000000  -0.003014324   0.003014324   0.000000000
         14.550   0.000000000  -0.002964670   0.002964670   0.000000000
         14.625   0.000000000  -0.002915761   0.002915761   0.000000000
         14.700   0.000000000  -0.002867586   0.002867586   0.000000000
         14.775   0.000000000  -0.002820134   0.002820134   0.000000000
         14.850   0.000000000  -0.002773394   0.002773394   0.000000000
         14.925   0.000000000  -0.002727355   0.002727355   0.000000000
         15.000   0.000000000  -0.002682007   0.002682007   0.000000000
         15.075   0.000000000  -0.002637340   0.002637340   0.000000000
         15.150   0.000000000  -0.002593343   0.002593343   0.000000000
         15.225   0.000000000  -0.002550007   0.002550007   0.000000000
         15.300   0.000000000  -0.002507320   0.002507320   0.000000000
         15.375   0.000000000  -0.002465275   0.002465275   0.000000000
         15.450   0.000000000  -0.002423860   0.002423860   0.000000000
         15.525   0.000000000  -0.002383067   0.002383067   0.000000000
         15.600   0.000000000  -0.002342886   0.002342886   0.000000000
         15.675   0.000000000  -0.002303308   0.002303308   0.000000000
         15.750   0.000000000  -0.002264323   0.002264323   0.000000000
         15.825   0.000000000  -0.002225924   0.002225924   0.000000000
         15.900   0.000000000  -0.002188101   0.002188101   0.000000000
         15.975   0.000000000  -0.002150846   0.002150846   0.000000000
         16.050   0.000000000  -0.002114150   0.002114150   0.000000000
         16.125   0.000000000  -0.002078004   0.002078004   0.000000000
         16.200   0.000000000  -0.002042401   0.002042401   0.000000000
         16.275   0.000000000  -0.002007333   0.002007333   0.000000000
         16.350   0.000000000  -0.001972790   0.001972790   0.000000000
         16.425   0.000000000  -0.001938766   0.001938766   0.000000000
         16.500   0.000000000  -0.001905252   0.001905252   0.000000000
         16.575   0.000000000  -0.001872242   0.001872242   0.000000000
         16.650   0.000000000  -0.001839727   0.001839727   0.000000000
         16.725   0.000000000  -0.001807699   0.001807699   0.000000000
         16.800   0.000000000  -0.001776153   0.001776153   0.000000000
         16.875   0.000000000  -0.001745079   0.001745079   0.000000000
         16.950   0.000000000  -0.001714472   0.001714472   0.000000000
         17.025   0.000000000  -0.001684325   0.001684325   0.000000000
         17.100   0.000000000  -0.001654629   0.001654629   0.000000000
         17.175   0.000000000  -0.001625380   0.001625380   0.000000000
         17.250   0.000000000  -0.001596569   0.001596569   0.000000000
         17.325   0.000000000  -0.001568191   0.001568191   0.000000000
         17.400   0.000000000  -0.001540239   0.001540239   0.000000000
         17.475   0.000000000  -0.001512706   0.001512706   0.000000000
         17.550   0.000000000  -0.001485586   0.001485586   0.000000000
         17.625   0.000000000  -0.001458873   0.001458873   0.000000000
         17.700   0.000000000  -0.001432561   0.001432561   0.000000000
         17.775   0.000000000  -0.001406644   0.001406644   0.000000000
         17.850   0.000000000  -0.001381116   0.001381116   0.000000000
         17.925   0.000000000  -0.001355971   0.001355971   0.000000000
         18.000   0.000000000  -0.001331203   0.001331203   0.000000000
         18.075   0.000000000  -0.001306807   0.001306807   0.000000000
         18.150   0.000000000  -0.001282777   0.001282777   0.000000000
         18.225   0.000000000  -0.001259108   0.001259108   0.000000000
         18.300   0.000000000  -0.001235794   0.001235794   0.000000000
         18.375  -0.000000000  -0.001212830   0.001212830   0.000000000
         18.450  -0.000000000  -0.001190210   0.001190210   0.000000000
         18.525  -0.000000000  -0.001167930   0.001167930   0.000000000
         18.600  -0.000000000  -0.001145984   0.001145984   0.000000000
         18.675  -0.000000000  -0.001124367   0.001124367   0.000000000
         18.750  -0.000000000  -0.001103075   0.001103075   0.000000000
         18.825  -0.000000000  -0.001082103   0.001082103   0.000000000
         18.900  -0.000000000  -0.001061445   0.001061445   0.000000000
         18.975  -0.000000000  -0.001041097   0.001041097   0.000000000
         19.050  -0.000000000  -0.001021055   0.001021055   0.000000000
         19.125  -0.000000000  -0.001001313   0.001001313   0.000000000
         19.200  -0.000000000  -0.000981868   0.000981868   0.000000000
         19.275  -0.000000000  -0.000962714   0.000962714   0.000000000
         19.350  -0.000000000  -0.000943848   0.000943848   0.000000000
         19.425  -0.000000000  -0.000925265   0.000925265   0.000000000
         19.500  -0.000000000  -0.000906960   0.000906960   0.000000000
         19.575  -0.000000000  -0.000888931   0.000888931   0.000000000
         19.650   0.000000000  -0.000871172   0.000871172   0.000000000
         19.725  -0.000000000  -0.000853680   0.000853680   0.000000000
         19.800  -0.000000000  -0.000836450   0.000836450   0.000000000
         19.875  -0.000000000  -0.000819478   0.000819478   0.000000000
         19.950  -0.000000000  -0.000802762   0.000802762   0.000000000
         20.025  -0.000000000  -0.000786296   0.000786296   0.000000000
         20.100  -0.000000000  -0.000770077   0.000770077   0.000000000
         20.175  -0.000000000  -0.000754102   0.000754102   0.000000000
         20.250  -0.000000000  -0.000738366   0.000738366   0.000000000
         20.325  -0.000000000  -0.000722867   0.000722867   0.000000000
         20.400  -0.000000000  -0.000707600   0.000707600   0.000000000
         20.475  -0.000000000  -0.000692562   0.000692562   0.000000000
         20.550  -0.000000000  -0.000677750   0.000677750   0.000000000
         20.625  -0.000000000  -0.000663160   0.000663160   0.000000000
         20.700  -0.000000000  -0.000648789   0.000648789   0.000000000
         20.775  -0.000000000  -0.000634634   0.000634634   0.000000000
         20.850  -0.000000000  -0.000620691   0.000620691   0.000000000
         20.925  -0.000000000  -0.000606958   0.000606958   0.000000000
         21.000  -0.000000000  -0.000593430   0.000593430   0.000000000
         21.075  -0.000000000  -0.000580106   0.000580106   0.000000000
         21.150  -0.000000000  -0.000566981   0.000566981   0.000000000
         21.225  -0.000000000  -0.000554054   0.000554054   0.000000000
         21.300  -0.000000000  -0.000541320   0.000541320   0.000000000
         21.375  -0.000000000  -0.000528778   0.000528778   0.000000000
         21.450  -0.000000000  -0.000516424   0.000516424   0.000000000
         21.525  -0.000000000  -0.000504255   0.000504255   0.000000000
         21.600  -0.000000000  -0.000492269   0.000492269   0.000000000
         21.675  -0.000000000  -0.000480462   0.000480462   0.000000000
         21.750  -0.000000000  -0.000468833   0.000468833   0.000000000
         21.825  -0.000000000  -0.000457378   0.000457378   0.000000000
         21.900  -0.000000000  -0.000446096   0.000446096   0.000000000
         21.975  -0.000000000  -0.000434982   0.000434982   0.000000000
         22.050  -0.000000000  -0.000424036   0.000424036   0.000000000
         22.125  -0.000000000  -0.000413253   0.000413253   0.000000000
         22.200  -0.000000000  -0.000402633   0.000402633   0.000000000
         22.275  -0.000000000  -0.000392171   0.000392171   0.000000000
         22.350  -0.000000000  -0.000381867   0.000381867   0.000000000
         22.425  -0.000000000  -0.000371718   0.000371718   0.000000000
         22.500  -0.000000000  -0.000361720   0.000361720   0.000000000
         22.575  -0.000000000  -0.000351873   0.000351873   0.000000000
         22.650  -0.000000000  -0.000342174   0.000342174   0.000000000
         22.725  -0.000000000  -0.000332620   0.000332620   0.000000000
         22.800  -0.000000000  -0.000323209   0.000323209   0.000000000
         22.875  -0.000000000  -0.000313940   0.000313940   0.000000000
         22.950  -0.000000000  -0.000304810   0.000304810   0.000000000
         23.025  -0.000000000  -0.000295817   0.000295817   0.000000000
         23.100  -0.000000000  -0.000286958   0.000286958   0.000000000
         23.175  -0.000000000  -0.000278233   0.000278233   0.000000000
         23.250  -0.000000000  -0.000269639   0.000269639   0.000000000
         23.325  -0.000000000  -0.000261173   0.000261173   0.000000000
         23.400  -0.000000000  -0.000252835   0.000252835   0.000000000
         23.475  -0.000000000  -0.000244622   0.000244622   0.000000000
         23.550  -0.000000000  -0.000236532   0.000236532   0.000000000
         23.625  -0.000000000  -0.000228563   0.000228563   0.000000000
         23.700  -0.000000000  -0.000220714   0.000220714   0.000000000
         23.775  -0.000000000  -0.000212983   0.000212983   0.000000000
         23.850  -0.000000000  -0.000205368   0.000205368   0.000000000
         23.925  -0.000000000  -0.000197867   0.000197867   0.000000000
         24.000  -0.000000000  -0.000190479   0.000190479   0.000000000
         24.075  -0.000000000  -0.000183201   0.000183201   0.000000000
         24.150  -0.000000000  -0.000176033   0.000176033   0.000000000
         24.225  -0.000000000  -0.000168972   0.000168972   0.000000000
         24.300  -0.000000000  -0.000162018   0.000162018   0.000000000
         24.375  -0.000000000  -0.000155167   0.000155167   0.000000000
         24.450  -0.000000000  -0.000148420   0.000148420   0.000000000
         24.525  -0.000000000  -0.000141773   0.000141773   0.000000000
         24.600  -0.000000000  -0.000135227   0.000135227   0.000000000
         24.675  -0.000000000  -0.000128779   0.000128779   0.000000000
         24.750  -0.000000000  -0.000122427   0.000122427   0.000000000
         24.825  -0.000000000  -0.000116171   0.000116171   0.000000000
         24.900  -0.000000000  -0.000110008   0.000110008   0.000000000
         24.975  -0.000000000  -0.000103939   0.000103939   0.000000000
         25.050  -0.000000000  -0.000097960   0.000097960   0.000000000
         25.125  -0.000000000  -0.000092071   0.000092071   0.000000000
         25.200  -0.000000000  -0.000086270   0.000086270   0.000000000
         25.275  -0.000000000  -0.000080556   0.000080556   0.000000000
         25.350  -0.000000000  -0.000074929   0.000074929   0.000000000
         25.425  -0.000000000  -0.000069385   0.000069385   0.000000000
         25.500  -0.000000000  -0.000063925   0.000063925   0.000000000
         25.575  -0.000000000  -0.000058547   0.000058547   0.000000000
         25.650   0.000000000  -0.000053249   0.000053249   0.000000000
         25.725   0.000000000  -0.000048031   0.000048031   0.000000000
         25.800   0.000000000  -0.000042891   0.000042891   0.000000000
         25.875   0.000000000  -0.000037829   0.000037829   0.000000000
         25.950   0.000000000  -0.000032842   0.000032842   0.000000000
         26.025   0.000000000  -0.000027930   0.000027930   0.000000000
         26.100   0.000000000  -0.000023092   0.000023092   0.000000000
         26.175   0.000000000  -0.000018326   0.000018326   0.000000000
         26.250   0.000000000  -0.000013632   0.000013632   0.000000000
         26.325   0.000000000  -0.000009009   0.000009009   0.000000000
         26.400   0.000000000  -0.000004455   0.000004455   0.000000000
         26.475   0.000000000   0.000000031  -0.000000031   0.000000000
         26.550   0.000000000   0.000004450  -0.000004450   0.000000000
         26.625   0.000000000   0.000008802  -0.000008802   0.000000000
         26.700   0.000000000   0.000013089  -0.000013089   0.000000000
         26.775   0.000000000   0.000017311  -0.000017311   0.000000000
         26.850   0.000000000   0.000021471  -0.000021471   0.000000000
         26.925   0.000000000   0.000025567  -0.000025567   0.000000000
         27.000   0.000000000   0.000029603  -0.000029603   0.000000000
         27.075   0.000000000   0.000033577  -0.000033577   0.000000000
         27.150   0.000000000   0.000037493  -0.000037493   0.000000000
         27.225   0.000000000   0.000041349  -0.000041349   0.000000000
         27.300   0.000000000   0.000045147  -0.000045147   0.000000000
         27.375   0.000000000   0.000048889  -0.000048889   0.000000000
         27.450   0.000000000   0.000052574  -0.000052574   0.000000000
         27.525   0.000000000   0.000056204  -0.000056204   0.000000000
         27.600   0.000000000   0.000059780  -0.000059780   0.000000000
         27.675   0.000000000   0.000063302  -0.000063302   0.000000000
         27.750   0.000000000   0.000066771  -0.000066771   0.000000000
         27.825   0.000000000   0.000070188  -0.000070188   0.000000000
         27.900   0.000000000   0.000073553  -0.000073553   0.000000000
         27.975   0.000000000   0.000076869  -0.000076869   0.000000000
         28.050   0.000000000   0.000080134  -0.000080134   0.000000000
         28.125   0.000000000   0.000083350  -0.000083350   0.000000000
         28.200   0.000000000   0.000086519  -0.000086519   0.000000000
         28.275   0.000000000   0.000089639  -0.000089639   0.000000000
         28.350   0.000000000   0.000092713  -0.000092713   0.000000000
         28.425   0.000000000   0.000095741  -0.000095741   0.000000000
         28.500   0.000000000   0.000098723  -0.000098723   0.000000000
         28.575   0.000000000   0.000101660  -0.000101660   0.000000000
         28.650   0.000000000   0.000104554  -0.000104554   0.000000000
         28.725   0.000000000   0.000107404  -0.000107404   0.000000000
         28.800   0.000000000   0.000110211  -0.000110211   0.000000000
         28.875   0.000000000   0.000112976  -0.000112976   0.000000000
         28.950   0.000000000   0.000115700  -0.000115700   0.000000000
         29.025   0.000000000   0.000118382  -0.000118382   0.000000000
         29.100   0.000000000   0.000121025  -0.000121025   0.000000000
         29.175   0.000000000   0.000123628  -0.000123628   0.000000000
         29.250   0.000000000   0.000126191  -0.000126191   0.000000000
         29.325   0.000000000   0.000128717  -0.000128717   0.000000000
         29.400   0.000000000   0.000131204  -0.000131204   0.000000000
         29.475   0.000000000   0.000133654  -0.000133654   0.000000000
         29.550   0.000000000   0.000136067  -0.000136067   0.000000000
         29.625   0.000000000   0.000138444  -0.000138444   0.000000000
         29.700   0.000000000   0.000140786  -0.000140786   0.000000000
         29.775   0.000000000   0.000143092  -0.000143092   0.000000000
         29.850   0.000000000   0.000145364  -0.000145364   0.000000000
         29.925   0.000000000   0.000147601  -0.000147601   0.000000000
         30.000   0.000000000   0.000149805  -0.000149805   0.000000000
         30.075   0.000000000   0.000151976  -0.000151976   0.000000000
         30.150   0.000000000   0.000154114  -0.000154114   0.000000000
         30.225   0.000000000   0.000156221  -0.000156221   0.000000000
         30.300   0.000000000   0.000158295  -0.000158295   0.000000000
         30.375   0.000000000   0.000160339  -0.000160339   0.000000000
         30.450   0.000000000   0.000162352  -0.000162352   0.000000000
         30.525   0.000000000   0.000164334  -0.000164334   0.000000000
         30.600   0.000000000   0.000166287  -0.000166287   0.000000000
         30.675   0.000000000   0.000168211  -0.000168211   0.000000000
         30.750   0.000000000   0.000170105  -0.000170105   0.000000000
         30.825   0.000000000   0.000171972  -0.000171972   0.000000000
         30.900   0.000000000   0.000173810  -0.000173810   0.000000000
         30.975   0.000000000   0.000175621  -0.000175621   0.000000000
         31.050   0.000000000   0.000177404  -0.000177404   0.000000000
         31.125   0.000000000   0.000179161  -0.000179161   0.000000000
         31.200   0.000000000   0.000180891  -0.000180891   0.000000000
         31.275   0.000000000   0.000182596  -0.000182596   0.000000000
         31.350   0.000000000   0.000184274  -0.000184274   0.000000000
         31.425   0.000000000   0.000185928  -0.000185928   0.000000000
         31.500   0.000000000   0.000187557  -0.000187557   0.000000000
         31.575   0.000000000   0.000189161  -0.000189161   0.000000000
         31.650   0.000000000   0.000190741  -0.000190741   0.000000000
         31.725   0.000000000   0.000192298  -0.000192298   0.000000000
         31.800   0.000000000   0.000193831  -0.000193831   0.000000000
         31.875   0.000000000   0.000195341  -0.000195341   0.000000000
         31.950  -0.000000000   0.000196829  -0.000196829   0.000000000
         32.025  -0.000000000   0.000198294  -0.000198294   0.000000000
         32.100  -0.000000000   0.000199737  -0.000199737   0.000000000
         32.175  -0.000000000   0.000201159  -0.000201159   0.000000000
         32.250  -0.000000000   0.000202559  -0.000202559   0.000000000
         32.325  -0.000000000   0.000203939  -0.000203939   0.000000000
         32.400   0.000000000   0.000205297  -0.000205297   0.000000000
         32.475   0.000000000   0.000206635  -0.000206635   0.000000000
         32.550   0.000000000   0.000207953  -0.000207953   0.000000000
         32.625   0.000000000   0.000209252  -0.000209252   0.000000000
         32.700   0.000000000   0.000210530  -0.000210530   0.000000000
         32.775   0.000000000   0.000211790  -0.000211790   0.000000000
         32.850   0.000000000   0.000213031  -0.000213031   0.000000000
         32.925   0.000000000   0.000214253  -0.000214253   0.000000000
         33.000   0.000000000   0.000215457  -0.000215457   0.000000000
         33.075   0.000000000   0.000216642  -0.000216642   0.000000000
         33.150   0.000000000   0.000217810  -0.000217810   0.000000000
         33.225   0.000000000   0.000218961  -0.000218961   0.000000000
         33.300   0.000000000   0.000220094  -0.000220094   0.000000000
         33.375   0.000000000   0.000221210  -0.000221210   0.000000000
         33.450   0.000000000   0.000222309  -0.000222309   0.000000000
         33.525   0.000000000   0.000223392  -0.000223392   0.000000000
         33.600   0.000000000   0.000224459  -0.000224459   0.000000000
         33.675   0.000000000   0.000225509  -0.000225509   0.000000000
         33.750   0.000000000   0.000226544  -0.000226544   0.000000000
         33.825   0.000000000   0.000227563  -0.000227563   0.000000000
         33.900   0.000000000   0.000228567  -0.000228567   0.000000000
         33.975   0.000000000   0.000229556  -0.000229556   0.000000000
         34.050   0.000000000   0.000230530  -0.000230530   0.000000000
         34.125   0.000000000   0.000231490  -0.000231490   0.000000000
         34.200   0.000000000   0.000232435  -0.000232435   0.000000000
         34.275   0.000000000   0.000233366  -0.000233366   0.000000000
         34.350   0.000000000   0.000234283  -0.000234283   0.000000000
         34.425   0.000000000   0.000235186  -0.000235186   0.000000000
         34.500   0.000000000   0.000236075  -0.000236075   0.000000000
         34.575   0.000000000   0.000236952  -0.000236952   0.000000000
         34.650   0.000000000   0.000237815  -0.000237815   0.000000000
         34.725   0.000000000   0.000238665  -0.000238665   0.000000000
         34.800   0.000000000   0.000239502  -0.000239502   0.000000000
         34.875   0.000000000   0.000240327  -0.000240327   0.000000000
         34.950   0.000000000   0.000241140  -0.000241140   0.000000000
         35.025   0.000000000   0.000241940  -0.000241940   0.000000000
         35.100   0.000000000   0.000242728  -0.000242728   0.000000000
         35.175   0.000000000   0.000243505  -0.000243505   0.000000000
         35.250   0.000000000   0.000244269  -0.000244269   0.000000000
         35.325   0.000000000   0.000245023  -0.000245023   0.000000000
         35.400   0.000000000   0.000245765  -0.000245765   0.000000000
         35.475   0.000000000   0.000246496  -0.000246496   0.000000000
         35.550   0.000000000   0.000247215  -0.000247215   0.000000000
         35.625   0.000000000   0.000247925  -0.000247925   0.000000000
         35.700   0.000000000   0.000248623  -0.000248623   0.000000000
         35.775   0.000000000   0.000249311  -0.000249311   0.000000000
         35.850   0.000000000   0.000249989  -0.000249989   0.000000000
         35.925   0.000000000   0.000250656  -0.000250656   0.000000000
         36.000   0.000000000   0.000251314  -0.000251314   0.000000000
         36.075   0.000000000   0.000251961  -0.000251961   0.000000000
         36.150   0.000000000   0.000252599  -0.000252599   0.000000000
         36.225   0.000000000   0.000253227  -0.000253227   0.000000000
         36.300   0.000000000   0.000253846  -0.000253846   0.000000000
         36.375   0.000000000   0.000254456  -0.000254456   0.000000000
         36.450   0.000000000   0.000255056  -0.000255056   0.000000000
         36.525   0.000000000   0.000255648  -0.000255648   0.000000000
         36.600   0.000000000   0.000256230  -0.000256230   0.000000000
         36.675   0.000000000   0.000256804  -0.000256804   0.000000000
         36.750   0.000000000   0.000257369  -0.000257369   0.000000000
         36.825   0.000000000   0.000257926  -0.000257926   0.000000000
         36.900   0.000000000   0.000258474  -0.000258474   0.000000000
         36.975   0.000000000   0.000259014  -0.000259014   0.000000000
         37.050   0.000000000   0.000259546  -0.000259546   0.000000000
         37.125   0.000000000   0.000260070  -0.000260070   0.000000000
         37.200   0.000000000   0.000260587  -0.000260587   0.000000000
         37.275   0.000000000   0.000261095  -0.000261095   0.000000000
         37.350   0.000000000   0.000261596  -0.000261596   0.000000000
         37.425   0.000000000   0.000262089  -0.000262089   0.000000000
         37.500   0.000000000   0.000262575  -0.000262575   0.000000000
         37.575   0.000000000   0.000263054  -0.000263054   0.000000000
         37.650   0.000000000   0.000263525  -0.000263525   0.000000000
         37.725   0.000000000   0.000263989  -0.000263989   0.000000000
         37.800   0.000000000   0.000264447  -0.000264447   0.000000000
         37.875   0.000000000   0.000264897  -0.000264897   0.000000000
         37.950   0.000000000   0.000265341  -0.000265341   0.000000000
         38.025   0.000000000   0.000265778  -0.000265778   0.000000000
         38.100   0.000000000   0.000266209  -0.000266209   0.000000000
         38.175   0.000000000   0.000266633  -0.000266633   0.000000000
         38.250   0.000000000   0.000267050  -0.000267050   0.000000000
         38.325   0.000000000   0.000267462  -0.000267462   0.000000000
         38.400   0.000000000   0.000267867  -0.000267867   0.000000000
         38.475   0.000000000   0.000268266  -0.000268266   0.000000000
         38.550   0.000000000   0.000268659  -0.000268659   0.000000000
         38.625   0.000000000   0.000269047  -0.000269047   0.000000000
         38.700   0.000000000   0.000269428  -0.000269428   0.000000000
         38.775   0.000000000   0.000269804  -0.000269804   0.000000000
         38.850   0.000000000   0.000270174  -0.000270174   0.000000000
         38.925   0.000000000   0.000270539  -0.000270539   0.000000000
         39.000   0.000000000   0.000270898  -0.000270898   0.000000000
         39.075   0.000000000   0.000271251  -0.000271251   0.000000000
         39.150   0.000000000   0.000271600  -0.000271600   0.000000000
         39.225   0.000000000   0.000271943  -0.000271943   0.000000000
         39.300   0.000000000   0.000272281  -0.000272281   0.000000000
         39.375   0.000000000   0.000272614  -0.000272614   0.000000000
         39.450   0.000000000   0.000272942  -0.000272942   0.000000000
         39.525   0.000000000   0.000273265  -0.000273265   0.000000000
         39.600   0.000000000   0.000273583  -0.000273583   0.000000000
         39.675   0.000000000   0.000273896  -0.000273896   0.000000000
         39.750   0.000000000   0.000274205  -0.000274205   0.000000000
         39.825   0.000000000   0.000274509  -0.000274509   0.000000000
         39.900   0.000000000   0.000274809  -0.000274809   0.000000000
         39.975   0.000000000   0.000275104  -0.000275104   0.000000000
         40.050   0.000000000   0.000275394  -0.000275394   0.000000000
         40.125   0.000000000   0.000275680  -0.000275680   0.000000000
         40.200   0.000000000   0.000275962  -0.000275962   0.000000000
         40.275   0.000000000   0.000276240  -0.000276240   0.000000000
         40.350   0.000000000   0.000276514  -0.000276514   0.000000000
         40.425   0.000000000   0.000276783  -0.000276783   0.000000000
         40.500   0.000000000   0.000277048  -0.000277048   0.000000000
         40.575   0.000000000   0.000277310  -0.000277310   0.000000000
         40.650   0.000000000   0.000277567  -0.000277567   0.000000000
         40.725   0.000000000   0.000277821  -0.000277821   0.000000000
         40.800   0.000000000   0.000278071  -0.000278071   0.000000000
         40.875   0.000000000   0.000278317  -0.000278317   0.000000000
         40.950   0.000000000   0.000278559  -0.000278559   0.000000000
         41.025   0.000000000   0.000278798  -0.000278798   0.000000000
         41.100   0.000000000   0.000279033  -0.000279033   0.000000000
         41.175   0.000000000   0.000279265  -0.000279265   0.000000000
         41.250   0.000000000   0.000279493  -0.000279493   0.000000000
         41.325   0.000000000   0.000279717  -0.000279717   0.000000000
         41.400   0.000000000   0.000279939  -0.000279939   0.000000000
         41.475   0.000000000   0.000280157  -0.000280157   0.000000000
         41.550   0.000000000   0.000280372  -0.000280372   0.000000000
         41.625   0.000000000   0.000280583  -0.000280583   0.000000000
         41.700   0.000000000   0.000280791  -0.000280791   0.000000000
         41.775   0.000000000   0.000280997  -0.000280997   0.000000000
         41.850   0.000000000   0.000281199  -0.000281199   0.000000000
         41.925   0.000000000   0.000281398  -0.000281398   0.000000000
         42.000   0.000000000   0.000281594  -0.000281594   0.000000000
         42.075   0.000000000   0.000281787  -0.000281787   0.000000000
         42.150   0.000000000   0.000281977  -0.000281977   0.000000000
         42.225   0.000000000   0.000282165  -0.000282165   0.000000000
         42.300   0.000000000   0.000282350  -0.000282350   0.000000000
         42.375   0.000000000   0.000282531  -0.000282531   0.000000000
         42.450   0.000000000   0.000282710  -0.000282710   0.000000000
         42.525   0.000000000   0.000282887  -0.000282887   0.000000000
         42.600   0.000000000   0.000283061  -0.000283061   0.000000000
         42.675   0.000000000   0.000283232  -0.000283232   0.000000000
         42.750   0.000000000   0.000283400  -0.000283400   0.000000000
         42.825   0.000000000   0.000283567  -0.000283567   0.000000000
         42.900   0.000000000   0.000283730  -0.000283730   0.000000000
         42.975   0.000000000   0.000283891  -0.000283891   0.000000000
         43.050   0.000000000   0.000284050  -0.000284050   0.000000000
         43.125   0.000000000   0.000284206  -0.000284206   0.000000000
         43.200   0.000000000   0.000284360  -0.000284360   0.000000000
         43.275   0.000000000   0.000284512  -0.000284512   0.000000000
         43.350   0.000000000   0.000284661  -0.000284661   0.000000000
         43.425   0.000000000   0.000284808  -0.000284808   0.000000000
         43.500   0.000000000   0.000284953  -0.000284953   0.000000000
         43.575   0.000000000   0.000285096  -0.000285096   0.000000000
         43.650   0.000000000   0.000285237  -0.000285237   0.000000000
         43.725   0.000000000   0.000285375  -0.000285375   0.000000000
         43.800   0.000000000   0.000285512  -0.000285512   0.000000000
         43.875   0.000000000   0.000285646  -0.000285646   0.000000000
         43.950   0.000000000   0.000285778  -0.000285778   0.000000000
         44.025   0.000000000   0.000285909  -0.000285909   0.000000000
         44.100   0.000000000   0.000286037  -0.000286037   0.000000000
         44.175   0.000000000   0.000286164  -0.000286164   0.000000000
         44.250   0.000000000   0.000286288  -0.000286288   0.000000000
         44.325   0.000000000   0.000286411  -0.000286411   0.000000000
         44.400   0.000000000   0.000286532  -0.000286532   0.000000000
         44.475   0.000000000   0.000286651  -0.000286651   0.000000000
         44.550   0.000000000   0.000286768  -0.000286768   0.000000000
         44.625   0.000000000   0.000286884  -0.000286884   0.000000000
         44.700   0.000000000   0.000286998  -0.000286998   0.000000000
         44.775   0.000000000   0.000287110  -0.000287110   0.000000000
         44.850   0.000000000   0.000287220  -0.000287220   0.000000000
         44.925   0.000000000   0.000287329  -0.000287329   0.000000000
         45.000   0.000000000   0.000287436  -0.000287436   0.000000000
