1.0e-7 7.878046523025612e-7
0.0001001 0.0006126779070037892
0.0002001 0.0007341128226667402
0.0003001 0.0006602665709853926
0.0004001 0.0005641571327559267
0.0005001 0.0004824274956623091
0.0006001 0.00041766075622259635
0.0007001 0.0003665947310301537
0.0008001 0.00032585172553455636
0.0009001 0.0002928267749767285
0.0010001 0.00026563100079055003
0.0011001 0.00024290611075901853
0.0012001 0.00022366681940016696
0.0013001 0.0002071880250850744
0.0014001 0.0001929275151106706
0.0015001 0.00018047337204458742
0.0016001 0.00016950793507047504
0.0017001 0.00015978279369437517
0.0018001 0.00015110118216089092
0.0019001 0.00014330539719350596
0.0020001 0.00013626767287155408
0.0021001 0.0001298834693175081
0.0022001 0.00012406647096537365
0.0023001 0.00011874481243910107
0.0024001 0.00011385819758800744
0.0025001 0.00010935567644787214
0.0026001 0.00010519391253217796
0.0027001 0.00010133581957100979
0.0028001 9.774947948844973e-5
0.0029001 9.440727654088263e-5
0.0030001 9.128519910473638e-5
0.0031001 8.836227259673286e-5
0.0032001 8.562009578468709e-5
0.0033001 8.304245922971359e-5
0.0034001 8.061502943475647e-5
0.0035001 7.832508591077228e-5
0.0036001 7.61613011302207e-5
0.0037001 7.411355544634139e-5
0.0038001 7.217278068104231e-5
0.0039001 7.033082734430491e-5
0.0040001 6.858035143211693e-5
0.0041001 6.691471752345607e-5
0.0042001 6.532791550854864e-5
0.0043001 6.381448876718517e-5
0.0044001 6.23694720050365e-5
0.0045001 6.098833726882819e-5
0.0046001 5.9666946914106344e-5
0.0047001 5.840151250467453e-5
0.0048001 5.71885587903033e-5
0.0049001 5.6024892046583564e-5
0.0050001 5.490757217375344e-5
0.0051001 5.383388804466057e-5
0.0052001 5.2801335669437705e-5
0.0053001 5.1807598808926395e-5
0.0054001 5.0850531722742526e-5
0.0055001 4.9928143783039396e-5
0.0056001 4.9038585723017966e-5
0.0057001 4.818013732130187e-5
0.0058001 4.7351196350444036e-5
0.0059001 4.655026864088719e-5
0.0060001 4.5775959131333276e-5
0.0061001 4.502696379324497e-5
0.0062001 4.430206233156e-5
0.0063001 4.360011157602575e-5
0.0064001 4.292003948817127e-5
0.0065001 4.226083971808775e-5
0.0066001 4.162156665310565e-5
0.0067001 4.100133090731819e-5
0.0068001 4.0399295206863766e-5
0.0069001 3.981467063106899e-5
0.0070001 3.924671317408308e-5
0.0071001 3.869472059559243e-5
0.0072001 3.815802953267144e-5
0.0073001 3.76360128478691e-5
0.0074001 3.712807719130555e-5
0.0075001 3.6633660756909846e-5
0.0076001 3.615223121500923e-5
0.0077001 3.568328380531796e-5
0.0078001 3.5226339576000834e-5
0.0079001 3.478094375592959e-5
0.0080001 3.434666424853124e-5
0.0081001 3.392309023676805e-5
0.0082001 3.350983088980366e-5
0.0083001 3.310651416281609e-5
0.0084001 3.271278568222806e-5
0.0085001 3.2328307709348595e-5
0.0086001 3.195275817606907e-5
0.0087001 3.1585829786838955e-5
0.0088001 3.1227229181668615e-5
0.0089001 3.0876676155377437e-5
0.0090001 3.0533902928728185e-5
0.0091001 3.0198653467470806e-5
0.0092001 2.9870682845662637e-5
0.0093001 2.954975664994403e-5
0.0094001 2.923565042172938e-5
0.0095001 2.892814913452896e-5
0.0096001 2.8627046703848022e-5
0.0097001 2.8332145527319595e-5
0.0098001 2.8043256052917915e-5
0.0099001 2.776019637327299e-5
0.0100001 2.7482791844264457e-5
0.0101001 2.7210874726216924e-5
0.0102001 2.694428384615001e-5
0.0103001 2.668286427965608e-5
0.0104001 2.6426467051088225e-5
0.0105001 2.6174948850840954e-5
0.0106001 2.59281717685978e-5
0.0107001 2.568600304150389e-5
0.0108001 2.544831481629862e-5
0.0109001 2.5214983924514004e-5
0.0110001 2.4985891669909277e-5
0.0111001 2.4760923627372e-5
0.0112001 2.4539969452570545e-5
0.0113001 2.4322922701693492e-5
0.0114001 2.4109680660658088e-5
0.0115001 2.3900144183212378e-5
0.0116001 2.3694217537395792e-5
0.0117001 2.3491808259858947e-5
0.0118001 2.3292827017577477e-5
0.0119001 2.309718747652588e-5
0.0120001 2.290480617690612e-5
0.0121001 2.271560241455263e-5
0.0122001 2.252949812815994e-5
0.0123001 2.2346417792002192e-5
0.0124001 2.2166288313835196e-5
0.0125001 2.1989038937691253e-5
0.0126001 2.1814601151295404e-5
0.0127001 2.1642908597848964e-5
0.0128001 2.1473896991941765e-5
0.0129001 2.1307504039369552e-5
0.0130001 2.1143669360646667e-5
0.0131001 2.0982334418016716e-5
0.0132001 2.0823442445776218e-5
0.0133001 2.0666938383737053e-5
0.0134001 2.0512768813664034e-5
0.0135001 2.0360881898533518e-5
0.0136001 2.0211227324468247e-5
0.0137001 2.0063756245211677e-5
0.0138001 1.991842122901333e-5
0.0139001 1.977517620780385e-5
0.0140001 1.963397642854552e-5
0.0141001 1.9494778406650325e-5
0.0142001 1.935753988136375e-5
0.0143001 1.922221977301844e-5
0.0144001 1.908877814206663e-5
0.0145001 1.8957176149805867e-5
0.0146001 1.8827376020716782e-5
0.0147001 1.869934100633636e-5
0.0148001 1.8573035350594085e-5
0.0149001 1.8448424256542373e-5
0.0150001 1.832547385441632e-5
0.0151001 1.8204151170961183e-5
0.0152001 1.8084424099969317e-5
0.0153001 1.796626137397127e-5
0.0154001 1.7849632537028674e-5
0.0155001 1.773450791857918e-5
0.0156001 1.7620858608286392e-5
0.0157001 1.7508656431849865e-5
0.0158001 1.7397873927732888e-5
0.0159001 1.7288484324767518e-5
0.0160001 1.7180461520598663e-5
0.0161001 1.7073780060930652e-5
0.0162001 1.696841511954178e-5
0.0163001 1.6864342479033766e-5
0.0164001 1.6761538512284862e-5
0.0165001 1.6659980164576792e-5
0.0166001 1.655964493636707e-5
0.0167001 1.646051086667979e-5
0.0168001 1.6362556517088994e-5
0.0169001 1.6265760956270246e-5
0.0170001 1.6170103745096945e-5
0.0171001 1.6075564922259103e-5
0.0172001 1.5982124990383424e-5
0.0173001 1.5889764902634304e-5
0.0174001 1.579846604977652e-5
0.0175001 1.570821024768114e-5
0.0176001 1.5618979725256938e-5
0.0177001 1.55307571127907e-5
0.0178001 1.5443525430680157e-5
0.0179001 1.5357268078544324e-5
0.0180001 1.527196882469654e-5
0.0181001 1.518761179596622e-5
0.0182001 1.5104181467855863e-5
0.0183001 1.5021662655020571e-5
0.0184001 1.4940040502057773e-5
0.0185001 1.4859300474595456e-5
0.0186001 1.4779428350667631e-5
0.0187001 1.4700410212366396e-5
0.0188001 1.462223243776013e-5
0.0189001 1.4544881693068173e-5
0.0190001 1.4468344925082373e-5
0.0191001 1.439260935382659e-5
0.0192001 1.4317662465445407e-5
0.0193001 1.4243492005313776e-5
0.0194001 1.417008597135962e-5
0.0195001 1.4097432607591774e-5
0.0196001 1.4025520397825891e-5
0.0197001 1.3954338059601363e-5
0.0198001 1.3883874538282406e-5
0.0199001 1.3814119001336924e-5
0.0200001 1.3745060832786882e-5
0.0201001 1.3676689627824258e-5
0.0202001 1.3608995187586796e-5
0.0203001 1.3541967514088085e-5
0.0204001 1.347559680529667e-5
0.0205001 1.3409873450359101e-5
0.0206001 1.334478802496202e-5
0.0207001 1.3280331286828618e-5
0.0208001 1.3216494171344934e-5
0.0209001 1.3153267787311615e-5
0.0210001 1.309064341281701e-5
0.0211001 1.3028612491227544e-5
0.0212001 1.2967166627291491e-5
0.0213001 1.290629758335248e-5
0.0214001 1.2845997275669069e-5
0.0215001 1.2786257770836981e-5
0.0216001 1.2727071282310687e-5
0.0217001 1.2668430167021095e-5
0.0218001 1.2610326922086278e-5
0.0219001 1.2552754181612309e-5
0.0220001 1.2495704713581245e-5
0.0221001 1.2439171416823614e-5
0.0222001 1.2383147318072636e-5
0.0223001 1.2327625569097694e-5
0.0224001 1.2272599443914529e-5
0.0225001 1.2218062336069826e-5
0.0226001 1.2164007755997807e-5
0.0227001 1.2110429328446701e-5
0.0228001 1.2057320789972886e-5
0.0229001 1.200467598650066e-5
0.0230001 1.1952488870945626e-5
0.0231001 1.1900753500899819e-5
0.0232001 1.1849464036376625e-5
0.0233001 1.1798614737613776e-5
0.0234001 1.1748199962932629e-5
0.0235001 1.1698214166652104e-5
0.0236001 1.1648651897055608e-5
0.0237001 1.1599507794409417e-5
0.0238001 1.1550776589031002e-5
0.0239001 1.1502453099405818e-5
0.0240001 1.1454532230351145e-5
0.0241001 1.140700897122563e-5
0.0242001 1.1359878394183226e-5
0.0243001 1.1313135652470163e-5
0.0244001 1.1266775978763864e-5
0.0245001 1.1220794683552437e-5
0.0246001 1.1175187153553752e-5
0.0247001 1.1129948850172837e-5
0.0248001 1.1085075307996645e-5
0.0249001 1.1040562133325005e-5
0.0250001 1.0996405002736908e-5
0.0251001 1.0952599661690947e-5
0.0252001 1.0909141923159158e-5
0.0253001 1.0866027666293182e-5
0.0254001 1.0823252835121967e-5
0.0255001 1.0780813437280074e-5
0.0256001 1.0738705542765788e-5
0.0257001 1.069692528272821e-5
0.0258001 1.0655468848282537e-5
0.0259001 1.0614332489352803e-5
0.0260001 1.0573512513541274e-5
0.0261001 1.0533005285023874e-5
0.0262001 1.049280722347085e-5
0.0263001 1.045291480299208e-5
0.0264001 1.0413324551106344e-5
0.0265001 1.037403304773391e-5
0.0266001 1.0335036924211835e-5
0.0267001 1.0296332862331412e-5
0.0268001 1.0257917593397116e-5
0.0269001 1.0219787897306575e-5
0.0270001 1.0181940601650954e-5
0.0271001 1.0144372580835257e-5
0.0272001 1.0107080755218032e-5
0.0273001 1.0070062090269965e-5
0.0274001 1.003331359575091e-5
0.0275001 9.99683232490485e-6
0.0276001 9.960615373672366e-6
0.0277001 9.924659879920161e-6
0.0278001 9.888963022687197e-6
0.0279001 9.853522021447037e-6
0.0280001 9.818334135386013e-6
0.0281001 9.783396662696766e-6
0.0282001 9.748706939886844e-6
0.0283001 9.714262341101935e-6
0.0284001 9.680060277463404e-6
0.0285001 9.646098196419763e-6
0.0286001 9.612373581111748e-6
0.0287001 9.578883949750675e-6
0.0288001 9.545626855009709e-6
0.0289001 9.512599883427822e-6
0.0290001 9.479800654826027e-6
0.0291001 9.44722682173567e-6
0.0292001 9.414876068838469e-6
0.0293001 9.382746112418001e-6
0.0294001 9.350834699822399e-6
0.0295001 9.319139608937947e-6
0.0296001 9.287658647673385e-6
0.0297001 9.256389653454573e-6
0.0298001 9.22533049272938e-6
0.0299001 9.194479060482471e-6
0.0300001 9.163833279759813e-6
0.0301001 9.13339110120264e-6
0.0302001 9.103150502590698e-6
0.0303001 9.073109488394516e-6
0.0304001 9.043266089336506e-6
0.0305001 9.013618361960718e-6
0.0306001 8.984164388210995e-6
0.0307001 8.954902275017414e-6
0.0308001 8.925830153890729e-6
0.0309001 8.896946180524737e-6
0.0310001 8.868248534406314e-6
0.0311001 8.839735418432956e-6
0.0312001 8.811405058537714e-6
0.0313001 8.783255703321281e-6
0.0314001 8.755285623691118e-6
0.0315001 8.727493112507466e-6
0.0316001 8.699876484236067e-6
0.0317001 8.67243407460744e-6
0.0318001 8.645164240282615e-6
0.0319001 8.618065358525125e-6
0.0320001 8.591135826879188e-6
0.0321001 8.564374062853823e-6
0.0322001 8.537778503612959e-6
0.0323001 8.511347605671198e-6
0.0324001 8.485079844595275e-6
0.0325001 8.458973714711008e-6
0.0326001 8.43302772881563e-6
0.0327001 8.407240417895416e-6
0.0328001 8.38161033084847e-6
0.0329001 8.356136034212548e-6
0.0330001 8.330816111897857e-6
0.0331001 8.305649164924675e-6
0.0332001 8.280633811165724e-6
0.0333001 8.255768685093179e-6
0.0334001 8.231052437530212e-6
0.0335001 8.206483735407005e-6
0.0336001 8.182061261521108e-6
0.0337001 8.157783714302056e-6
0.0338001 8.133649807580165e-6
0.0339001 8.10965827035944e-6
0.0340001 8.085807846594468e-6
0.0341001 8.062097294971225e-6
0.0342001 8.038525388691774e-6
0.0343001 8.015090915262672e-6
0.0344001 7.991792676287116e-6
0.0345001 7.96862948726066e-6
0.0346001 7.9456001773705e-6
0.0347001 7.922703589298244e-6
0.0348001 7.899938579026028e-6
0.0349001 7.87730401564602e-6
0.0350001 7.854798781173162e-6
0.0351001 7.832421770361108e-6
0.0352001 7.810171890521326e-6
0.0353001 7.788048061345233e-6
0.0354001 7.766049214729388e-6
0.0355001 7.744174294603604e-6
0.0356001 7.72242225676197e-6
0.0357001 7.700792068696733e-6
0.0358001 7.679282709434908e-6
0.0359001 7.657893169377691e-6
0.0360001 7.636622450142477e-6
0.0361001 7.615469564407561e-6
0.0362001 7.594433535759378e-6
0.0363001 7.5735133985422765e-6
0.0364001 7.5527081977107755e-6
0.0365001 7.53201698868423e-6
0.0366001 7.5114388372039096e-6
0.0367001 7.490972819192382e-6
0.0368001 7.470618020615206e-6
0.0369001 7.4503735373448685e-6
0.0370001 7.430238475026932e-6
0.0371001 7.410211948948338e-6
0.0372001 7.390293083907837e-6
0.0373001 7.370481014088509e-6
0.0374001 7.350774882932324e-6
0.0375001 7.331173843016703e-6
0.0376001 7.311677055933063e-6
0.0377001 7.292283692167275e-6
0.0378001 7.272992930982041e-6
0.0379001 7.253803960301117e-6
0.0380001 7.234715976595363e-6
0.0381001 7.21572818477061e-6
0.0382001 7.1968397980572484e-6
0.0383001 7.178050037901589e-6
0.0384001 7.159358133858881e-6
0.0385001 7.140763323488036e-6
0.0386001 7.122264852247955e-6
0.0387001 7.103861973395477e-6
0.0388001 7.085553947884909e-6
0.0389001 7.067340044269103e-6
0.0390001 7.0492195386020445e-6
0.0391001 7.031191714342951e-6
0.0392001 7.01325586226182e-6
0.0393001 6.995411280346445e-6
0.0394001 6.977657273710822e-6
0.0395001 6.959993154504954e-6
0.0396001 6.942418241826037e-6
0.0397001 6.924931861630958e-6
0.0398001 6.90753334665015e-6
0.0399001 6.890222036302703e-6
0.0400001 6.872997276612778e-6
0.0401001 6.855858420127262e-6
0.0402001 6.838804825834641e-6
0.0403001 6.821835859085102e-6
0.0404001 6.804950891511791e-6
0.0405001 6.7881493009532805e-6
0.0406001 6.771430471377137e-6
0.0407001 6.754793792804649e-6
0.0408001 6.738238661236639e-6
0.0409001 6.721764478580382e-6
0.0410001 6.705370652577579e-6
0.0411001 6.6890565967333905e-6
0.0412001 6.672821730246498e-6
0.0413001 6.656665477940189e-6
0.0414001 6.640587270194428e-6
0.0415001 6.624586542878925e-6
0.0416001 6.608662737287152e-6
0.0417001 6.5928153000713285e-6
0.0418001 6.5770436831783174e-6
0.0419001 6.561347343786465e-6
0.0420001 6.545725744243319e-6
0.0421001 6.530178352004238e-6
0.0422001 6.514704639571902e-6
0.0423001 6.499304084436635e-6
0.0424001 6.483976169017612e-6
0.0425001 6.468720380604864e-6
0.0426001 6.453536211302133e-6
0.0427001 6.438423157970497e-6
0.0428001 6.423380722172804e-6
0.0429001 6.4084084101188905e-6
0.0430001 6.393505732611533e-6
0.0431001 6.378672204993189e-6
0.0432001 6.363907347093453e-6
0.0433001 6.349210683177244e-6
0.0434001 6.334581741893726e-6
0.0435001 6.320020056225903e-6
0.0436001 6.305525163440944e-6
0.0437001 6.29109660504115e-6
0.0438001 6.276733926715631e-6
0.0439001 6.262436678292614e-6
0.0440001 6.248204413692418e-6
0.0441001 6.2340366908810615e-6
0.0442001 6.219933071824505e-6
0.0443001 6.205893122443504e-6
0.0444001 6.191916412569085e-6
0.0445001 6.178002515898607e-6
0.0446001 6.164151009952431e-6
0.0447001 6.150361476031147e-6
0.0448001 6.136633499173407e-6
0.0449001 6.122966668114291e-6
0.0450001 6.109360575244241e-6
0.0451001 6.095814816568545e-6
0.0452001 6.082328991667345e-6
0.0453001 6.0689027036561945e-6
0.0454001 6.055535559147121e-6
0.0455001 6.042227168210204e-6
0.0456001 6.028977144335668e-6
0.0457001 6.015785104396465e-6
0.0458001 6.002650668611341e-6
0.0459001 5.989573460508413e-6
0.0460001 5.976553106889173e-6
0.0461001 5.963589237793015e-6
0.0462001 5.950681486462179e-6
0.0463001 5.937829489307178e-6
0.0464001 5.9250328858726495e-6
0.0465001 5.9122913188036684e-6
0.0466001 5.899604433812479e-6
0.0467001 5.886971879645658e-6
0.0468001 5.874393308051704e-6
0.0469001 5.861868373749033e-6
0.0470001 5.849396734394387e-6
0.0471001 5.836978050551651e-6
0.0472001 5.824611985661051e-6
0.0473001 5.812298206008755e-6
0.0474001 5.800036380696855e-6
0.0475001 5.787826181613732e-6
0.0476001 5.775667283404793e-6
0.0477001 5.7635593634435575e-6
0.0478001 5.751502101803148e-6
0.0479001 5.739495181228092e-6
0.0480001 5.727538287106508e-6
0.0481001 5.71563110744263e-6
0.0482001 5.703773332829661e-6
0.0483001 5.691964656422988e-6
0.0484001 5.680204773913705e-6
0.0485001 5.6684933835024805e-6
0.0486001 5.656830185873735e-6
0.0487001 5.64521488417015e-6
0.0488001 5.6336471839674805e-6
0.0489001 5.6221267932496715e-6
0.0490001 5.610653422384304e-6
0.0491001 5.599226784098305e-6
0.0492001 5.587846593453986e-6
0.0493001 5.5765125678253526e-6
0.0494001 5.5652244268747106e-6
0.0495001 5.553981892529557e-6
0.0496001 5.542784688959743e-6
0.0497001 5.531632542554919e-6
0.0498001 5.520525181902249e-6
0.0499001 5.509462337764393e-6
0.0500001 5.498443743057756e-6
0.0501001 5.487469132830993e-6
0.0502001 5.4765382442437755e-6
0.0503001 5.465650816545805e-6
0.0504001 5.4548065910560835e-6
0.0505001 5.44400531114243e-6
0.0506001 5.433246722201227e-6
0.0507001 5.422530571637432e-6
0.0508001 5.411856608844795e-6
0.0509001 5.401224585186328e-6
0.0510001 5.390634253975007e-6
0.0511001 5.380085370454685e-6
0.0512001 5.3695776917812455e-6
0.0513001 5.359110977003955e-6
0.0514001 5.348684987047065e-6
0.0515001 5.338299484691591e-6
0.0516001 5.3279542345573395e-6
0.0517001 5.3176490030851096e-6
0.0518001 5.307383558519129e-6
0.0519001 5.297157670889677e-6
0.0520001 5.286971111995912e-6
0.0521001 5.2768236553889e-6
0.0522001 5.266715076354831e-6
0.0523001 5.256645151898432e-6
0.0524001 5.246613660726579e-6
0.0525001 5.2366203832320725e-6
0.0526001 5.2266651014776264e-6
0.0527001 5.216747599180016e-6
0.0528001 5.206867661694425e-6
0.0529001 5.197025075998952e-6
0.0530001 5.187219630679302e-6
0.0531001 5.177451115913661e-6
0.0532001 5.1677193234577125e-6
0.0533001 5.158024046629859e-6
0.0534001 5.148365080296575e-6
0.0535001 5.138742220857949e-6
0.0536001 5.129155266233378e-6
0.0537001 5.119604015847417e-6
0.0538001 5.1100882706158e-6
0.0539001 5.100607832931599e-6
0.0540001 5.091162506651553e-6
0.0541001 5.081752097082539e-6
0.0542001 5.072376410968192e-6
0.0543001 5.0630352564756866e-6
0.0544001 5.053728443182636e-6
0.0545001 5.044455782064177e-6
0.0546001 5.035217085480147e-6
0.0547001 5.026012167162453e-6
0.0548001 5.01684084220253e-6
0.0549001 5.007702927038979e-6
0.0550001 4.998598239445311e-6
0.0551001 4.989526598517835e-6
0.0552001 4.9804878246636815e-6
0.0553001 4.971481739588948e-6
0.0554001 4.962508166286973e-6
0.0555001 4.95356692902675e-6
0.0556001 4.944657853341445e-6
0.0557001 4.935780766017057e-6
0.0558001 4.926935495081191e-6
0.0559001 4.918121869791952e-6
0.0560001 4.909339720626961e-6
0.0561001 4.900588879272479e-6
0.0562001 4.89186917861267e-6
0.0563001 4.883180452718949e-6
0.0564001 4.874522536839464e-6
0.0565001 4.86589526738868e-6
0.0566001 4.857298481937081e-6
0.0567001 4.84873201920097e-6
0.0568001 4.840195719032393e-6
0.0569001 4.831689422409148e-6
0.0570001 4.823212971424918e-6
0.0571001 4.814766209279499e-6
0.0572001 4.8063489802691314e-6
0.0573001 4.797961129776931e-6
0.0574001 4.7896025042634286e-6
0.0575001 4.781272951257191e-6
0.0576001 4.772972319345563e-6
0.0577001 4.764700458165481e-6
0.0578001 4.7564572183944045e-6
0.0579001 4.748242451741322e-6
0.0580001 4.7400560109378705e-6
0.0581001 4.73189774972952e-6
0.0582001 4.723767522866882e-6
0.0583001 4.715665186097069e-6
0.0584001 4.7075905961551856e-6
0.0585001 4.699543610755866e-6
0.0586001 4.691524088584928e-6
0.0587001 4.683531889291097e-6
0.0588001 4.675566873477817e-6
0.0589001 4.667628902695152e-6
0.0590001 4.659717839431757e-6
0.0591001 4.6518335471069454e-6
0.0592001 4.643975890062822e-6
0.0593001 4.636144733556508e-6
0.0594001 4.628339943752439e-6
0.0595001 4.620561387714736e-6
0.0596001 4.612808933399662e-6
0.0597001 4.605082449648155e-6
0.0598001 4.59738180617842e-6
0.0599001 4.58970687357862e-6
0.0600001 4.582057523299614e-6
0.0601001 4.57443362764779e-6
0.0602001 4.566835059777956e-6
0.0603001 4.5592616936863055e-6
0.0604001 4.551713404203451e-6
0.0605001 4.544190066987532e-6
0.0606001 4.536691558517386e-6
0.0607001 4.5292177560857886e-6
0.0608001 4.521768537792756e-6
0.0609001 4.5143437825389306e-6
0.0610001 4.506943370019001e-6
0.0611001 4.499567180715221e-6
0.0612001 4.492215095890964e-6
0.0613001 4.484886997584358e-6
0.0614001 4.477582768601975e-6
0.0615001 4.470302292512584e-6
0.0616001 4.463045453640966e-6
0.0617001 4.4558121370617835e-6
0.0618001 4.448602228593523e-6
0.0619001 4.441415614792474e-6
0.0620001 4.43425218294679e-6
0.0621001 4.427111821070596e-6
0.0622001 4.419994417898142e-6
0.0623001 4.412899862878036e-6
0.0624001 4.405828046167517e-6
0.0625001 4.398778858626783e-6
0.0626001 4.391752191813378e-6
0.0627001 4.384747937976633e-6
0.0628001 4.37776599005216e-6
0.0629001 4.370806241656386e-6
0.0630001 4.3638685870811715e-6
0.0631001 4.356952921288432e-6
0.0632001 4.350059139904863e-6
0.0633001 4.343187139216665e-6
0.0634001 4.336336816164365e-6
0.0635001 4.32950806833765e-6
0.0636001 4.322700793970267e-6
0.0637001 4.315914891934972e-6
0.0638001 4.309150261738517e-6
0.0639001 4.302406803516691e-6
0.0640001 4.295684418029411e-6
0.0641001 4.288983006655845e-6
0.0642001 4.282302471389595e-6
0.0643001 4.275642714833922e-6
0.0644001 4.269003640197002e-6
0.0645001 4.262385151287251e-6
0.0646001 4.255787152508671e-6
0.0647001 4.249209548856246e-6
0.0648001 4.242652245911388e-6
0.0649001 4.236115149837418e-6
0.0650001 4.229598167375086e-6
0.0651001 4.2231012058381386e-6
0.0652001 4.216624173108928e-6
0.0653001 4.210166977634055e-6
0.0654001 4.203729528420054e-6
0.0655001 4.197311735029124e-6
0.0656001 4.190913507574891e-6
0.0657001 4.184534756718211e-6
0.0658001 4.178175393663006e-6
0.0659001 4.171835330152161e-6
0.0660001 4.165514478463423e-6
0.0661001 4.1592127514053655e-6
0.0662001 4.152930062313374e-6
0.0663001 4.146666325045678e-6
0.0664001 4.1404214539794115e-6
0.0665001 4.1341953640067134e-6
0.0666001 4.127987970530857e-6
0.0667001 4.121799189462424e-6
0.0668001 4.115628937215502e-6
0.0669001 4.10947713070393e-6
0.0670001 4.1033436873375595e-6
0.0671001 4.097228525018565e-6
0.0672001 4.091131562137773e-6
0.0673001 4.085052717571048e-6
0.0674001 4.078991910675674e-6
0.0675001 4.072949061286807e-6
0.0676001 4.0669240897139255e-6
0.0677001 4.060916916737338e-6
0.0678001 4.054927463604708e-6
0.0679001 4.048955652027609e-6
0.0680001 4.0430014041781205e-6
0.0681001 4.037064642685437e-6
0.0682001 4.031145290632531e-6
0.0683001 4.025243271552815e-6
0.0684001 4.019358509426864e-6
0.0685001 4.0134909286791424e-6
0.0686001 4.0076404541747674e-6
0.0687001 4.001807011216312e-6
0.0688001 3.995990525540617e-6
0.0689001 3.990190923315642e-6
0.0690001 3.984408131137345e-6
0.0691001 3.978642076026576e-6
0.0692001 3.972892685426023e-6
0.0693001 3.967159887197152e-6
0.0694001 3.9614436096172e-6
0.0695001 3.955743781376184e-6
0.0696001 3.950060331573927e-6
0.0697001 3.94439318971713e-6
0.0698001 3.938742285716449e-6
0.0699001 3.933107549883609e-6
